50	4.233352972260688	4861
104	3.2822511068478812	1764
235	3.6856464010560455	1152
920	3.753139051731475	1312
1080	4.0149196813410875	2596
1230	3.8891103018903124	1219
1288	4.013576923695942	1595
1380	3.092738164098422	1923
1500	3.591211148151779	1304
1653	3.7963900476942647	2251
2174	3.3969751807639423	2568
2502	4.011101369563424	3120
10	3.2804893026392947	2349
22	3.0396388293335384	527
34	3.0185579380779637	2295
39	3.079840684688421	2029
47	4.064439009964196	4672
62	3.479379671410755	1126
110	3.848180106715292	5246
140	2.7601449275362318	86
145	2.9233513570618928	1201
150	3.5647605895149677	4071
160	2.4512007095101653	783
185	2.8152398490837225	1564
208	2.636932472796864	2488
218	2.906457739791073	77
231	3.0240049138542044	3489
266	3.3938582336116445	847
292	3.251434781506762	1613
316	3.4165496500859454	2129
318	4.375711815946339	6421
339	3.165707733287409	1185
350	3.3946986964315187	738
351	3.039184045018206	104
356	4.010352247419647	6864
380	3.3226446701954413	3428
454	3.4048318695238455	1503
457	3.680294686724158	3700
480	3.4216484946045345	5772
500	3.2148418596435477	3591
531	3.3547663481248993	650
539	3.206945205153838	2248
586	2.958063689933071	3143
588	3.594984633085228	3433
590	3.49283131899408	3180
593	3.9826920538749913	5879
597	3.2272483429079273	3303
647	3.2104608472894918	346
733	3.3781928413325497	2943
736	2.955943674402526	3003
786	3.031914270813415	1210
788	2.3439162305612857	1544
805	3.152552574940359	718
837	3.25537010704859	469
919	3.8000582178419755	2346
1014	2.5654737419443303	64
1035	3.645052455680938	1370
1073	3.6991803456707624	2732
1197	4.123995025378762	3310
1250	4.143314828881347	1132
1258	3.9058502676331632	3063
1307	3.699373224740712	2027
1393	3.2757604324657943	2345
1408	3.715208859932069	985
1580	3.41236517467222	4870
1584	3.6476809816372535	2217
1597	3.2699534746539363	935
1620	3.236652036286393	309
1682	3.760992144901178	3498
1704	3.8970926421420695	3743
1876	2.679347500210226	1172
1894	2.8284297052154193	420
1923	3.2936057118064808	3550
1961	3.830216162098466	3431
2052	3.1071305560111533	206
2297	3.53219069459933	370
2353	3.637261369281098	1702
2396	3.485787589121913	2374
2539	3.2172153588774624	869
2541	3.2871669238335004	991
2571	4.096089021277572	7201
2572	3.2769872194585945	1131
1	3.708349431736297	5038
2	3.020933274113474	2300
19	2.501044507753933	2278
32	3.901439032178742	4079
111	4.0849858122097995	2384
153	2.671406953161689	2588
165	3.535028701308799	2774
253	3.577123837587692	2158
260	3.9972583464513707	5531
296	4.169638815107513	6624
344	2.823681302568975	4003
364	3.7222631642714417	3813
367	2.8815273530494925	3560
377	3.1580412815189	3950
410	2.8510052424210057	1213
541	4.000662658225829	3353
551	3.862720011785202	1814
589	3.850353731879765	4800
592	3.383893392550956	3756
595	3.4953639073840868	2707
741	3.7441123587792084	904
778	3.9409875385060236	2744
780	3.1894895494295676	5126
858	4.236744000107046	4786
1036	3.8739147028519034	3523
1079	3.682396970666339	1707
1101	3.093067749690047	2592
1136	4.061605073138814	4215
1196	4.124718581981156	5145
1198	4.114661120367495	5189
1200	3.9362248967301388	2950
1210	3.958762818550115	4939
1214	3.9182095552626133	3552
1220	3.6183848184844765	2033
1221	4.221866843177734	3238
1240	3.718757453297986	3911
1270	3.8186275154680684	5276
1274	3.7683808401601016	939
1291	4.043217777325971	3990
1517	3.199426299412881	3199
1527	3.7163297549712073	3569
1610	3.7257643711658415	2346
1721	3.1321780733312785	4804
1917	2.9104013792565073	3109
2012	3.2348947342263816	2806
2028	3.9339144586703205	4680
2329	4.089651434983331	4061
2355	3.3676669921415425	2324
3	3.011673476987904	737
16	3.837713330865346	1658
52	3.1957678809341874	286
348	3.7073907683236516	242
370	2.692652200740436	1350
412	3.694627583749109	169
492	3.7328671328671326	138
502	2.1902606574216748	258
527	4.129417067444342	4752
594	3.40856159769495	1435
648	3.369937151304526	3802
653	3.232092703884833	997
680	3.5930555555555554	78
750	4.157823046588957	2785
898	3.9841167338525563	475
902	3.754147513472383	739
903	4.108526749396421	1425
904	4.0836438630111545	1862
905	4.092544897800743	275
908	4.062827065677967	1462
909	3.8004926527084137	416
910	4.00238273239918	1079
912	4.123102513587232	2566
913	4.057958347095444	1118
914	3.663007986141375	914
915	3.698099951124145	392
922	4.157819219416982	596
923	4.114842953405127	1878
924	3.833151747024945	2603
926	4.0326444621839554	359
928	4.055698979264496	333
929	3.79502442002442	66
930	3.972651874673096	395
931	3.9668176328502414	136
933	3.926322096344785	361
937	3.944444444444444	19
940	3.8723309298479105	328
946	4.05318219791904	80
947	4.118509657983342	77
950	4.088841227872788	205
951	4.019773735002608	251
955	3.9429099682852145	328
965	3.9513405567858273	315
969	3.9626725968566756	693
1057	3.527316772374912	178
1077	3.6715417779797477	371
1078	3.706198492734764	191
1083	3.685416666666667	46
1084	3.677969601933065	677
1086	3.973308215130024	493
1089	3.977167833095228	3661
1097	3.5446963008524692	3591
1125	3.51901406370337	466
1178	4.215054447052687	422
1193	4.1234706381060375	3528
1201	4.036207936598845	1697
1203	4.101550363923955	1500
1204	4.062503420554743	981
1206	4.0604022736963215	2993
1207	4.035024130525168	1450
1208	4.006872653073296	2847
1209	4.178266011251863	636
1212	4.1334331558889845	653
1213	4.065326977703853	3130
1217	3.9037752937994217	459
1219	3.998278563315185	2038
1222	4.021233860445976	2777
1226	3.930952380952381	107
1227	3.918456343110721	439
1228	4.063438749659778	955
1232	4.063881796605293	200
1234	3.9438662853191637	1394
1244	3.8173325027685494	628
1247	3.8598689894791187	1400
1248	4.058442805519151	333
1252	4.2016049094657975	1527
1253	3.823864564149124	461
1254	4.091436648405675	395
1256	4.114894725636745	367
1260	4.090495365959799	412
1262	4.061180718905686	1275
1263	3.8712391694944337	972
1266	3.996672246799389	1320
1269	3.957362389932049	553
1281	4.011091695477587	401
1283	3.920739540265088	396
1284	4.118192147178626	438
1293	3.796098147159114	872
1298	3.858576818885449	571
1333	3.7302218870122803	1376
1343	3.365959979044235	817
1348	3.647497164138651	353
1387	3.5949244097535913	2334
1391	2.8789936429421132	1802
1544	2.9720975394307394	1440
1617	3.9451463912825613	2630
1701	3.7867900444191527	169
1722	3.0448138206395345	1251
1732	4.036499099682539	2626
1784	3.7101987829721734	2533
1934	3.8706349206349207	62
1935	3.6351776878092665	59
1938	4.101087084958053	92
1941	3.632411067193676	56
1944	3.79867289626721	123
1945	3.9813186014735633	469
1963	3.764340560072267	131
1970	2.83440194259522	178
1971	2.5085516957721374	125
1972	2.1281948657454217	103
2010	3.8442929397725285	548
2011	3.404258263639984	2599
2019	4.263516309827108	1314
2022	3.7786295062695925	263
2054	2.664174274491017	2346
2065	3.815915220530144	173
2067	3.646587148231885	383
2087	3.436085563537615	634
2115	3.6810991861226805	2932
2176	3.932068995481404	326
2177	3.146153846153846	39
2178	3.665277777777778	99
2179	2.8273809523809526	33
2181	3.6027624159618306	122
2182	3.722222222222222	56
2183	4.069939459176235	276
2184	3.6243621013133214	118
2185	3.5541666666666667	34
2186	4.154857330992098	489
2194	3.8933487797507955	1832
2202	3.6494820598819135	98
2203	4.0300487664945495	213
2204	3.4580308529945554	62
2205	3.201646959459459	114
2206	3.9506761159986965	116
2207	3.0185185185185186	22
2208	4.036630070223247	176
2209	3.5833333333333335	20
2210	3.6501311188811187	51
2211	3.4444444444444446	28
2212	3.5465639520665193	106
2219	2.6875	14
2221	3.5500000000000003	25
2227	3.8143939393939394	21
2229	2.875	3
2290	3.8409610983981692	61
2351	4.205969595847237	91
2356	3.214979777553084	92
2366	3.2880478392079113	644
2376	3.2177290013227515	347
2382	2.102931422445277	288
2420	3.127850469363435	1074
2422	2.301566190944882	374
2474	3.4311226287262873	281
163	3.3248834837257935	1392
173	2.5455869236217104	1232
353	3.324386978147465	1391
420	2.632953008861299	1101
832	3.1228877851254433	1220
996	3.1923996265172736	219
1127	3.5252468842894373	1333
1215	3.747360059613938	1291
1233	4.024299473317219	1139
1304	4.057417260762248	1221
1370	3.342569321705847	1594
1374	3.3513907523355195	1194
1485	3.116333639839659	2365
2058	3.7612816020601825	848
2490	3.3957068877686036	765
6	3.9074291051703334	1783
95	2.6860413665737246	1429
101	3.757797718805475	424
293	4.126653834002057	2774
329	2.989855816901076	1303
434	2.887074801978648	1594
608	4.016150394186734	3777
1092	3.267104435534729	1015
1276	4.119727903866201	833
1303	4.019663661803559	197
1356	3.344519907199521	1286
1396	3.506236601530933	972
1466	3.827614116982674	1152
1625	3.7582887983013316	1772
1921	3.704299635121047	1106
1997	3.5966158204006415	1560
2231	3.588289288795572	830
2313	3.9048846853911607	736
2321	3.5652275976688443	1587
2395	3.832052859821847	1267
2529	3.5397201816294297	1215
2542	3.966854159200431	2219
290	3.937113617376775	272
1183	3.3379763147244885	1074
1199	3.718984762589218	1326
1245	3.7819538204563927	629
1251	4.0304983932764795	274
1265	3.837748234542539	3703
1267	3.9140937712586354	904
1300	4.098330342902711	142
2324	4.184795565708417	1988
2455	3.3425759525165066	917
529	3.689171429237981	522
1060	3.6433012994394067	881
1242	3.922804987458962	949
1257	3.744914627419517	486
1287	3.7451243503594167	691
1797	3.7897376543209873	91
2248	3.769893260334437	618
2579	3.446288863160849	205
337	3.7205163395745733	1394
708	3.122178308726532	743
1090	3.871282451986204	1719
1225	3.881806294232634	2166
1272	4.11916668523775	654
1953	3.9793252222160143	794
1954	3.6485102253610178	1714
1955	3.5855736538036265	398
29	3.9693830475080474	861
194	3.725092416785928	324
247	3.6877731039833432	539
300	3.517137981733671	852
431	3.666444055944056	828
474	3.50586921112732	959
485	2.6803184773264563	1185
522	3.482291666666667	137
599	4.011854914379545	246
760	3.6245741539859186	113
876	2.5317460317460316	13
968	4.00050435446475	687
1231	3.8047632192369036	572
1241	3.750005236235472	372
1255	3.559492163396273	285
1339	3.479598519708564	1006
1371	3.131147126829089	594
1376	3.262349725359857	991
1377	3.151389852359591	1278
1385	3.0100027949776402	443
1635	3.6585275907919885	579
1645	3.4762872520946018	1234
1755	3.389399744572158	53
1809	3.9716858507556183	170
1827	3.682247899159664	72
1882	2.367121983845244	819
2000	3.5954866915371864	1947
2023	3.4987597171062483	1193
2064	3.552739721504024	489
2105	3.323720352417536	982
2118	3.739641539389424	270
2193	3.5308936436862726	757
2278	3.7657783929355486	1140
2344	3.671072281959379	64
2488	3.6820729592468724	93
21	3.1448205361199455	1191
141	3.4519308171201084	1376
223	3.6348111409778765	2307
432	2.0855556222694935	663
1639	3.664306813711088	1543
105	3.068797956548609	432
1179	3.2223555344546932	224
1552	3.1385851471295054	1770
1608	3.0260814019492503	1473
2291	3.897970572004227	2874
2407	2.983942135181292	966
7	3.2291305916305917	678
58	3.8164402538675795	521
368	3.3367582352665495	1211
508	3.728664172969086	1620
188	3.2099625285109155	108
1676	3.1939425901299505	1777
2478	3.1271192528735634	555
1321	3.257261836337498	655
1616	3.1704933954933954	268
2401	3.7890795206971677	211
2476	3.3090728715728717	95
2557	3.562962962962963	43
246	3.9763593614966197	344
303	3.1308186625099332	340
546	2.1544250577780573	514
553	3.7940214474815783	988
596	3.2942412212152385	1091
784	2.664988487208828	1618
852	3.0028680654836992	674
1061	3.72315972315089	755
1320	3.018472408675956	1359
1358	3.719568282887704	1054
1378	3.2361546499477534	507
1499	1.595556866196315	604
1591	2.44990590167843	404
1991	2.9223761408083444	162
2001	3.3857326580517793	1164
2084	3.561624649859944	67
2134	3.121847986083233	552
2167	3.4233771870248835	1411
2266	2.986111111111111	22
70	3.3602770785452405	1254
112	3.2560185969668725	553
162	3.9709917249851614	290
170	3.2630762751348	657
180	2.8728666160131606	957
475	3.8626136501286137	662
481	3.302284048754637	313
587	3.093507953389253	2431
953	3.953334349610675	1276
1218	3.9439684741111907	282
1249	3.581059940296842	926
1268	3.600712212347009	168
1275	3.490323133708718	926
1278	3.8701485815687673	1320
1297	3.6647084763407753	255
1663	3.5866736595064768	823
2100	3.2428745848330607	798
2268	3.7206449397263914	1643
2301	3.5936993354903803	423
2428	2.842086897125208	529
193	1.902158968850698	589
214	4.084444444444444	49
306	4.122976671340546	487
349	3.5762754209744547	1358
1224	4.130232591570353	211
1693	3.6888420253993015	422
1747	3.500192905249132	896
2403	3.505428318505604	645
2470	3.0065450209076783	1435
2477	1.95	16
25	3.65924855935853	1102
161	3.5743702544881657	1002
225	2.761351528563232	329
471	3.604636168713358	696
509	3.513943783185264	1049
515	3.8665371528518597	378
520	3.1046600232691315	1645
1094	3.6257679230489455	793
1573	3.0605338644900306	2087
1590	3.0612366352334393	638
1641	3.517801940391846	1455
1673	3.7428045384719733	1400
1690	2.9308774498580368	1310
1831	2.606136659699569	650
2003	3.3566726813987815	1238
2161	3.6216624300356592	1217
2298	1.5555555555555556	13
2373	2.3738168623079106	136
2551	3.533030913978495	140
46	2.9667736185383244	75
230	3.274477698628265	321
299	3.74988344988345	63
307	4.010228431409602	532
308	3.9378453385573637	458
345	3.6370664042619287	644
357	3.4693359090630778	2022
455	2.3267901414773227	701
1088	3.235729739132643	1179
1246	3.865837500612387	2482
1271	3.716188988494084	696
1416	2.4381233622087324	400
1446	3.9315814393939394	126
1572	3.888888888888889	64
1665	2.9588418609502947	345
1674	3.606710727726937	928
1680	3.5031578770425433	739
1713	2.735429002670382	180
1727	3.0592722092722098	145
1947	3.5663059088587707	713
2124	3.2191885034917824	869
2318	3.941286919831224	360
2357	3.889445235481141	169
2424	3.012809867029816	1511
2431	3.3487249883738546	688
762	2.1349180521490894	589
1302	3.5808245015559867	1040
1918	3.0239310973747027	836
76	3.313818348204072	125
172	2.4658955544863383	866
196	2.5680405445871295	765
328	3.063264157014157	81
442	2.754440654901958	1539
519	2.7329619467665007	358
611	2.6000615763546797	75
724	2.738813631597606	710
849	2.858466810966811	646
879	2.5724920542831198	115
891	2.0907165464886606	73
1345	3.353699184701558	881
1603	2.675250172532781	170
1623	2.6254984051036683	57
1644	2.2155207882566126	870
1762	2.762858766695084	70
1909	3.2607557477805598	1157
1920	2.7229886363314617	313
2026	2.595994343156366	63
2094	2.8563895030152398	605
2107	1.8479542042042043	225
2232	3.4749031362778684	932
2294	3.024072936605521	1140
2311	3.6234322742474916	290
2322	2.866281722068589	117
2448	2.549621106785317	80
2460	2.295209176788124	65
2461	2.3153846153846156	28
2515	2.1555555555555554	45
2517	3.1039772727272728	141
288	3.6011597842311818	1747
1407	2.8561076741138964	1990
562	3.92834090003948	399
1172	4.088246407302248	606
2144	3.4424695749420975	812
2111	3.1443621912563158	103
48	2.698083920175911	1173
158	2.6465919483465026	958
745	3.9745269245268786	1474
1148	3.973911611908875	1759
2081	3.2796137357178257	1617
2273	3.326535987302553	1153
187	3.5634920634920637	28
1211	4.255863678804856	207
2153	1.9954826763824913	211
1777	3.2674639268033614	1508
2006	3.20497343198444	1460
168	2.8773330323739246	853
1282	3.559413226952006	1260
18	3.52922496113702	431
1093	3.4149335407678696	762
1556	1.929970412539534	598
2302	3.5334824771946387	1481
44	2.4122780393165923	911
282	2.8176200011932995	534
17	3.8919986242621745	950
440	3.316972816112952	864
543	3.1448759678141123	945
1076	3.832142857142857	50
1259	3.9221015446269054	1965
2288	3.8763640404213264	867
2406	3.359662186755906	1185
36	3.7462530349266565	988
1173	3.52752912378502	169
1627	3.259266999496884	196
1952	3.821151686877493	575
1223	3.901469347049384	1053
720	3.7358056370733377	736
1542	3.3290317139001346	88
2467	3.763448245303084	597
2580	3.4543639758461784	696
12	2.838522358665431	211
147	3.180364377332915	284
181	1.540268759018759	113
256	2.007693832359668	647
393	1.8107266789140641	247
466	2.954809391980263	1241
487	2.539141414141414	25
552	2.9360051252427697	993
555	3.851147152403801	1089
1029	3.243794504944	888
1429	3.1651298892678206	228
1479	3.1613503678939683	649
1562	2.098084743563377	1084
1589	3.1550380018209623	410
1717	2.596577858921105	666
1729	3.719206820834728	1552
1760	1.6082991928580164	321
1884	3.877410803422449	1149
2140	3.579872362976243	731
2275	3.0980263157894736	40
2421	2.690087356511306	592
11	3.3622656776356865	847
1707	1.7626316138703149	335
585	2.3863321799307955	574
1237	4.002465803234942	393
1355	3.0494152046783625	69
1801	3.1135095038426956	647
2025	3.5140148215605533	167
2501	3.637682586971847	844
428	3.6418234372465212	463
1095	4.074554229295609	423
1261	3.859590806702876	732
1394	3.6274740983645097	1111
1968	3.7469176375561126	2347
68	3.044890873015873	25
175	3.6248390864545534	456
273	3.0961228452490714	340
489	2.256462885773231	84
514	3.4131047751737404	169
610	3.3776027765820062	295
921	3.757936507936508	50
1007	3.01984126984127	45
1009	3.2165848214285715	86
1019	3.521927974036655	425
1031	3.419174174174174	240
1235	4.121001282647962	595
1341	2.9761904761904763	16
1344	3.6114726741760537	319
1347	3.2209755429097555	767
1419	4.074519632414369	74
1425	2.917877668308703	105
1472	2.9537037037037037	15
1516	3.0833333333333335	10
1586	2.8550494071146244	581
1615	3.425492096063232	126
1619	3.578600122918762	422
1689	3.208882441646997	104
1748	3.928935814556639	1277
1792	2.523248142631211	382
1799	3.4800721845888583	235
1892	3.2304031698390103	337
1924	2.457178393745558	151
1962	3.478714825561779	752
1994	3.4260432223005717	829
1998	2.009488636363636	79
1999	2.7889938959091882	75
2009	3.6605751665592092	318
2021	3.306552195687572	965
2085	3.090993452717055	780
2109	3.318409325452669	628
2116	2.9384015337782463	412
2119	2.419871794871795	77
2148	3.232668067226891	56
2149	2.2092592592592593	25
2336	3.6158870779354424	859
2363	3.306771545827633	122
2371	3.207704299752861	568
2375	3.142462335961782	308
2387	3.161397353648757	190
2427	3.695559463319612	871
2471	2.508436031409252	514
2527	3.5770830616414537	217
2528	3.1031726515109357	350
2530	2.872418435223313	121
2531	2.655058983666062	94
2532	2.706709956709956	79
2533	3.1129658542906364	227
186	2.541776270621536	722
494	2.812489909264103	448
581	4.03437887648414	70
73	3.652825703550341	108
261	3.4450204452903845	624
281	3.6848148148148145	79
314	3.734887566137566	98
534	3.8348401429537327	144
1096	4.166197109027527	179
1124	3.605473317083804	227
1292	3.6257267627183474	393
1301	3.906771330053176	250
1405	2.5573087104764536	659
1959	3.3481345651961067	346
2070	3.621082621082621	40
2076	4.070568995494801	974
2160	3.74021608371708	773
2236	3.367283053402239	140
2303	3.725414078674948	102
2352	3.627482349165597	353
5	2.762184264593321	658
9	2.513195138195138	115
236	3.1765317149614924	598
268	2.9166666666666665	12
516	3.0511128364389237	107
836	2.8773749118654313	361
1375	3.2340482066879406	611
2145	3.3459328945485765	694
2150	3.587471353689464	756
2151	3.2374693663204575	84
2378	3.0253742440518816	612
2540	3.0794871794871796	31
190	3.900735294117647	44
1016	2.566666666666667	33
1171	3.613974358974359	103
319	3.632307692307692	368
441	3.486937581562874	818
1175	3.8410000550539527	689
1285	3.680460529983765	809
342	3.3512562525305354	664
1028	3.6249513452608575	1283
72	3.1803751803751807	91
216	3.227117627087812	737
317	2.662153759659956	873
616	3.3296182772843212	592
783	3.1968873872381773	756
899	3.713082132321308	784
1005	2.7497641987829615	177
1020	3.300141545573779	630
1022	3.288793586581813	928
1025	3.5277371961154804	498
1030	3.2713857323232323	151
1032	3.582160450266396	691
1188	3.9256564352688312	448
1367	2.7437409082145923	749
1438	2.5635290231241155	543
1513	2.5915811965811963	648
1566	3.2217656606861156	391
1569	3.052663599281483	770
1702	2.4738765967153284	414
1835	3.239022763622388	531
1907	3.4989175855922507	803
2018	3.54477988278588	799
2042	2.5196942248572682	231
2078	3.6783520941168284	857
2080	3.266973848912345	935
2082	2.8090890897867866	474
2083	3.3702711668675045	394
2096	3.239062435318955	605
2099	3.6248342175066313	59
2125	3.490088207756369	585
2137	3.3869996488764045	516
2253	2.859507234507235	309
2335	2.9934453572663506	647
2340	3.2844781445138267	601
2485	2.7354968902300802	506
2581	2.8135978403218997	689
627	3.467667748917749	68
1726	2.9383466754945626	191
1883	3.1498495903737838	275
2108	3.492047793708761	370
2359	3.7492961007139645	607
2570	3.6972222222222215	23
355	2.124717942732649	832
631	2.2147619047619047	76
661	3.223670098670099	748
1021	2.5576079622132255	258
1059	3.2503483648501836	1029
1064	3.009212318401937	214
1503	2.579744816586922	69
1592	1.8603017079579578	97
1688	3.244674801942244	299
2123	2.8289855723180075	196
2152	1.4554769736842106	61
14	3.343520208604954	148
663	3.5040820029027575	119
743	2.436769148540621	493
954	3.9257273891420232	597
2138	3.5284232530504593	201
1047	2.9846132616907264	835
1129	3.3732919683664275	537
2005	3.5972697848924624	1193
1372	3.195081108536237	726
277	3.043814325547954	518
671	3.4165997532933017	407
1381	1.6750578703703702	276
2092	2.4896095241113625	141
2394	3.3145085625340753	572
204	2.3270171957671955	324
379	2.405797276934668	445
426	2.7557103179538203	93
1010	3.5490415019762844	94
1299	3.9498458700545647	444
1373	2.8860151206483673	654
1518	3.181285999113868	119
1587	3.531836053019678	638
1928	3.1166666666666667	10
1949	3.8587431333772795	128
1956	3.7626010856319927	227
1957	3.6669278522219697	498
1981	1.9112123256860098	107
1996	2.058333333333333	68
2393	2.7613150254769523	761
2405	3.0244403480660145	534
2408	2.7153252449305083	100
2409	3.2631718045165203	523
2520	3.132142857142857	55
262	3.720684003496504	232
605	3.037097501899696	169
435	2.3219008163357184	770
674	3.1354801125876706	155
737	2.026410584169872	244
1482	3.3541666666666665	14
1960	3.7410018186379026	620
1965	3.3829542624350672	386
13	2.9313725490196076	59
31	2.9431150138116395	630
65	2.3722564330797864	355
117	3.438034188034188	31
327	2.4010653324469526	579
673	2.4398997828169864	809
705	2.956349206349206	17
799	3.3294015479800936	490
830	2.638262375544352	478
839	2.7253335243083976	295
1027	3.115232191585803	873
1672	3.8444009749319483	352
2002	3.0710369817402157	823
2004	3.008215895109549	445
2053	2.2496968105423987	443
2133	3.0927288968549567	372
2143	3.141513670226873	211
2279	2.2907389849149986	248
2369	2.8972393644957983	363
2381	2.2737680064188686	310
2384	2.3841298863758156	443
2404	2.8015155267906477	371
2549	2.3115547728579644	105
354	2.984757834757835	32
798	2.4041000939849626	182
949	3.7815656565656566	116
1103	3.788064434297311	493
1286	3.4848345588235294	71
1678	3.662917953654584	296
1873	3.8581496841144536	269
23	3.0345825164801443	313
449	3.5656565656565657	23
224	3.127773857526882	450
265	3.707601449168635	339
1184	3.7982843137254902	35
1754	3.5079371200435534	292
107	3.0995383220805204	513
413	2.4809895833333337	459
532	3.152929659815733	273
535	4.090386912967558	311
1051	3.512125805229253	57
1334	3.0780480295566504	104
1350	3.765783841626538	475
1388	2.6166302755388657	350
1464	3.649071313726804	538
1588	2.1607685291830894	386
1772	2.8141467867841605	277
1810	3.3293545534924847	192
1911	2.534608182827058	637
1974	2.8619480673393873	372
1975	2.65271164021164	125
1976	2.1758361049519586	101
1977	1.961788451012589	90
1979	2.2828505644682116	90
1980	2.1438626126126126	85
1982	3.8704389153706646	576
1983	2.7204778648242964	127
1985	2.410762800417973	70
1986	2.2334887334887337	72
1992	2.0829187704187704	92
2088	2.7665116298754064	162
2121	2.8464917132164516	108
2126	2.8003020875071694	403
2158	3.611111111111111	6
2159	3.4854166666666666	113
2315	2.2011398176291794	136
2338	1.9721581566581567	459
2361	3.0055866228070176	63
2362	1.974206349206349	21
2389	2.7244879792398047	260
2402	2.7804166666666665	514
2410	3.1768571601644213	513
2411	3.2152056704951044	549
2412	2.20396238810873	345
2454	3.4643567557958486	249
2505	3.0607529720238236	456
2513	3.4483481969085172	361
2567	2.652915365363224	375
135	2.727220803549937	300
765	2.8893298210930918	341
1461	2.793163211057948	162
1687	3.217549979600163	472
2013	3.3806600401316897	397
2413	3.6420193616735697	379
20	2.7075598441896425	299
41	3.6076913150083882	108
45	3.38539042956033	272
78	3.379419191919192	31
89	3.011470526755853	132
125	3.3898255813953484	127
132	2.3273809523809526	51
144	3.276350894967916	90
159	3.592009025832555	81
164	3.2101190476190475	92
176	3.6719426406926403	63
198	3.576093573546019	389
237	3.0232154704757446	144
249	3.659011528431685	172
259	2.930555555555556	42
280	3.515007496251874	125
358	3.197170645446507	77
365	2.8442460317460316	71
372	3.2539075630252103	670
373	3.6923245614035083	79
382	2.906301104900895	408
383	3.2390118423607066	255
436	2.8601973684210527	74
482	3.3479595826143225	132
490	3.154439128123338	63
491	2.858870967741935	328
497	3.7894308813839914	695
507	3.5777838085588844	203
517	3.128384786835491	158
521	3.1488095238095237	37
538	3.8785998496897856	189
540	2.478361344537815	229
544	2.4375	70
550	2.8463210702341137	92
628	3.7605968511868584	648
637	2.1998859867330016	233
640	2.6750617283950615	66
662	2.7545893719806767	122
678	3.9849725274725274	152
748	3.0764202784576304	165
781	3.652116402116402	84
785	3.187471106950512	608
800	3.970689940613518	180
802	2.9004351243937077	673
835	3.0556372549019613	30
842	2.5062388591800357	68
851	3.4522875816993466	67
911	4.0899355857312525	310
999	2.7316468253968256	89
1003	2.865800865800866	39
1004	2.2962406015037597	53
1037	2.8040527917155975	461
1042	3.2268075267475242	692
1082	3.5206552706552707	52
1091	2.8184238434238438	414
1100	2.6067766467128104	474
1120	3.4888255529333505	934
1147	3.9750218035932314	277
1186	3.4106799429846095	521
1243	4.085395114047115	256
1273	4.30910239874281	211
1305	4.262641156388147	185
1361	4.234163851351351	109
1365	3.722373188405797	40
1379	3.029808743169399	147
1411	3.604630984836112	487
1422	2.963359400456175	135
1449	3.4899296939619524	522
1454	2.633015422077922	35
1476	2.9226014870452466	486
1488	2.873822575891541	147
1498	3.0394042232277525	54
1611	3.4957346735640886	173
1614	3.0822986626605395	261
1647	2.8067307692307693	21
1648	3.5929761904761905	51
1655	2.5806878306878307	40
1658	3.1931868767806266	113
1711	3.296641224272803	298
1719	3.910354609929078	172
1779	2.906567882446554	566
1783	3.0077972709551655	31
1791	3.2461538461538466	22
1805	2.9704555337577823	827
1834	3.731140350877193	176
1840	3.492261223200537	93
1845	3.735814352615614	125
1863	2.081362889983579	48
1885	3.367963632352442	150
1889	2.9358596935061154	217
1912	3.2441227232959515	520
1964	3.5381335282651074	75
1967	3.6402598109444355	880
2020	3.74277079820065	603
2072	3.2642045454545454	221
2112	3.4065049533799536	82
2120	2.9385145514177773	89
2139	3.70927338326635	430
2146	3.146290106951872	164
2165	3.467592592592593	28
2169	3.164419934640523	74
2245	3.1910382122399756	333
2249	3.282941502543368	82
2261	2.980895915678524	39
2265	2.169407894736842	52
2267	3.1825396825396823	13
2289	3.8139162993819573	365
2333	3.815053107986239	183
2334	3.288817401960784	205
2337	3.4032622974748215	105
2348	3.578658536585366	101
2372	2.9398255813953487	89
2374	3.0464345437171527	45
2379	2.454274784508833	364
2391	3.6077085004009626	462
2432	3.3573041152464107	207
2435	3.3167014977359806	46
2496	2.770770202020202	305
2500	2.8068347338935573	77
24	2.7147941519773675	582
203	3.07030648267009	253
252	3.0972950575459826	359
276	2.652908805031447	161
333	3.235902164920022	613
362	3.123903837629328	428
376	3.1578256042541755	376
524	3.312710129807784	662
719	2.764769769009171	524
1409	2.9067007887794105	477
1441	3.7055179754020813	505
2141	3.427782545130943	340
2280	3.16786858974359	35
2433	3.2035579909221212	132
2511	3.9831989247311825	78
804	3.2904411764705883	67
1753	3.425317413522013	278
2447	2.9130106588089784	249
215	3.948430530059152	513
26	3.4779101085345827	115
1131	3.9627868357487923	186
1132	4.00237112279347	155
1366	2.979624687712923	108
2565	3.652389613120269	275
1012	3.3749947312961006	175
2114	3.653292792653236	286
2398	3.599229999104792	440
1081	3.6581966001478197	151
151	3.3846851673869125	608
202	3.6964285714285716	16
1023	3.3025911854103343	154
880	2.417801266838114	318
2296	3.256686419833703	248
735	3.7221824955417837	102
2560	3.4009259259259257	92
554	1.7777777777777777	5
1463	3.125	6
1950	4.183035447946704	283
2360	4.230176603057959	298
1013	3.3011721392117073	320
2089	3.183709403938959	136
533	2.7784965034965037	129
810	1.4325850340136055	137
1017	3.782583675500809	177
69	3.4191555722763622	383
322	3.528898305084746	135
2237	3.385087719298246	44
2423	3.617292763364041	532
66	1.8561919504643962	78
79	2.784722222222222	150
360	2.509469696969697	47
28	3.936011904761904	103
1537	3.6577789071163362	250
315	2.7966743798714977	566
346	3.4881868131868132	33
971	3.8946428571428573	170
1238	3.9934782608695656	94
728	3.6350018268176836	71
2450	2.2573988970588235	264
15	2.3996362142815233	147
82	3.7897226230559564	81
100	3.0274358974358972	77
347	3.5006410256410256	90
415	2.6235625025947606	82
746	3.869047619047619	12
916	3.855355841439843	476
948	3.869595864661654	86
1068	3.7121212121212124	27
1104	3.932288628664015	496
1128	3.0988355780022445	111
1176	4.09766548463357	157
1382	2.5914529914529916	43
1390	3.039419934640523	48
1450	3.564814814814815	22
1927	3.9454948034074464	229
1958	3.394383386341719	343
2066	4.0934222027972025	115
2110	3.5885095579450415	111
2252	2.8469827586206895	85
2300	3.336221599803162	628
2425	3.9515873015873013	29
2475	3.180555555555556	13
2518	3.511057692307692	67
2561	3.2302350427350426	62
438	2.667892156862745	28
1135	2.925967108695055	182
1460	2.3074074074074074	29
1629	3.2819741532976825	36
1839	2.3785403050108935	34
2014	3.1604386684743826	160
2016	2.853174603174603	24
2034	2.746716314731021	110
2040	2.8518518518518516	16
2059	2.832333027019438	302
2090	3.4422656047656046	175
2091	3.228860294117647	36
2095	3.013888888888889	21
2163	2.6497093023255816	103
381	2.9894461330631543	175
574	3.2769423558897244	40
1694	3.4466954022988503	106
1931	3.725308641975309	117
1939	3.991003323526207	108
2577	3.25	6
326	4.017135549872123	60
1914	3.5069444444444446	80
63	3.225378787878788	116
93	2.3199013157894735	77
248	2.400813692480359	50
267	2.693469856066288	287
493	3.561026304896241	168
537	3.0244480934136106	86
569	2.7816666666666667	50
725	3.0224171539961016	39
818	2.429453389559772	108
861	3.246378256246677	122
866	3.545917570579298	399
886	2.9429510155316607	77
934	3.1658905858183024	275
1194	3.7277810934139035	192
1457	3.043415071770335	182
1468	2.477272727272727	43
1475	3.1293478260869563	40
1541	2.7885941457922883	78
1895	3.0460802243040797	228
2416	3.0649919181034484	126
2463	3.4467229554865426	131
4	2.390527950310559	45
122	2.463688610240334	121
222	3.086678576432675	146
575	3.257187780772686	138
917	3.6300000000000003	60
2269	2.669442165709598	302
2497	2.9378131569929518	101
2504	3.03452380952381	104
213	3.7624659291325955	70
325	2.6006493506493507	22
1185	4.007332335329341	393
1357	3.802094804294637	561
1893	3.2916666666666665	17
2243	3.5552754435107374	257
906	3.9844699872286076	90
936	3.998456790123457	87
1946	3.8386904761904765	65
1951	3.330711047860004	133
2071	3.761522826766729	74
174	2.3648989898989896	57
829	2.8799522014891075	100
2325	3.0685913185913183	188
422	3.2687908496732025	32
548	2.590390766235572	93
1055	2.638888888888889	9
1480	3.3658906882591095	59
1593	2.7240247678018576	61
1671	3.6972222222222224	15
1715	2.625	3
423	3.0128359297418075	105
1289	4.240972222222222	229
1793	2.8125	6
609	2.2982654600301657	69
195	2.9884842826019296	73
1041	3.9300350953701106	153
2015	3.452809287486707	99
1547	2.866666666666667	15
2436	3.3158644474433943	50
414	2.563333333333333	52
952	3.38179012345679	124
1126	2.474408073139957	205
1202	4.113366228070175	123
1310	3.5773809523809526	14
1431	2.264209127415161	245
1888	2.7035728910728913	142
2036	2.31595028696478	76
2060	3.218091556210113	282
2117	3.657853552227926	308
2136	2.1323258848994144	253
2188	2.8457948313424986	128
2259	2.744871794871795	56
149	3.61043771043771	25
567	3.415266106442577	45
1033	3.5271202805159567	327
1264	3.8070987654320985	57
2468	2.941565515094927	151
1811	1.75	2
2535	2.6944444444444446	27
994	3.5324786324786324	179
1483	3.3264081677178345	290
94	3.4636672850958563	152
450	3.368618421052632	79
477	3.323844853256618	109
1442	3.3050108932461875	38
2263	3.000186741363212	68
942	3.9834274880049527	146
419	2.2186426411002684	277
943	3.8128858024691357	61
1862	2.0491130338587964	179
2162	2.786041772365973	232
2386	1.3933531746031746	58
405	2.355088302022176	236
1973	2.150727513227513	97
2380	2.2729262603889433	337
2383	1.9737265294405342	288
838	3.5505805892918123	528
1545	4.0625	19
1661	2.9000000000000004	22
718	3.209722222222222	52
1191	2.4851733711382837	68
1681	2.382174817601459	227
60	2.9220891494768173	344
709	3.1955103359173123	126
828	2.917316017316017	39
1015	3.1483401331547114	237
1582	2.783333333333333	17
1769	2.945187383802472	128
1858	3.1005238521284735	93
2043	3.411827551533434	42
2056	3.1999999999999997	11
2135	3.1866044110147884	112
2430	2.9583333333333335	38
1744	1.9777777777777779	12
227	2.4581896551724136	113
459	2.9298076923076923	48
991	3.6175662572721397	95
1279	3.934745112650127	187
1389	1.879965986394558	117
1432	2.2160790598290596	67
1515	2.498687311463047	364
1735	3.3969143081761004	204
1821	3.1621332743623767	83
1833	3.170727745289149	165
1969	2.296168582375479	145
2262	3.08022030651341	78
2312	3.6978260869565216	99
2328	2.7273955773955776	104
2414	3.3387791286727455	103
2456	2.3721153846153844	101
2473	2.40758547008547	45
782	2.8035697037435665	175
941	3.3333333333333335	52
1342	2.458758708996171	281
2046	3.6292697469480153	414
374	2.3426183648223122	407
2489	3.0	2
2367	2.6847068860010075	190
74	2.9819563152896484	64
86	3.188745111571199	94
88	2.973124980669904	313
272	3.6350215227333873	234
289	3.0850762527233115	65
361	3.3203237734487736	204
707	3.1159998332916565	104
761	2.6544803158122434	151
841	4.027777777777778	49
1459	3.2675644028103044	148
1631	3.766666666666667	25
2122	2.599484754376059	193
2247	3.2140879953379953	74
2346	3.049525472069237	114
2459	2.9991037776021643	307
27	3.462812711291413	61
42	3.181089743589743	77
61	3.192279942279942	28
64	2.033333333333333	22
81	3.3737373737373737	90
92	2.7156435518504485	82
97	4.13886103280484	256
99	3.236111111111111	8
102	1.9255952380952381	24
123	4.192162004662004	241
152	3.081481481481482	27
156	3.4020833333333336	34
157	2.7999024369992114	144
166	3.1199643493761138	43
177	3.0	47
179	2.231060606060606	22
183	2.7962962962962963	16
205	3.25	12
206	3.03125	10
219	2.9055555555555554	13
229	3.604437229437229	60
233	3.443376068376068	95
234	1.9837231968810916	42
239	3.0566949254449254	240
240	2.6458333333333335	19
241	2.6041666666666665	17
295	2.4375	6
305	2.766305916305916	84
312	2.15	20
330	2.55171568627451	30
332	2.5912653694939025	73
334	3.95952380952381	26
335	3.75	7
338	2.82628510863805	160
366	2.7197916666666666	105
397	1.4166666666666665	6
407	3.0404349662162162	92
427	2.3879605069260244	72
443	3.5238095238095237	19
444	2.4458333333333333	29
456	3.699603174603175	60
473	2.3043546365914787	65
479	2.8247939560439557	41
495	3.3867521367521367	37
496	2.85	6
511	3.0708061002178653	35
518	2.668650793650794	57
523	3.3523809523809525	13
528	2.356691919191919	22
542	2.7469771241830063	178
556	3.941729323308271	41
558	2.9553246753246754	62
565	3.2182017543859645	51
612	2.232638888888889	31
614	3.0	1
639	2.7059294871794872	31
652	3.520833333333333	7
665	4.100414781297134	148
694	2.9334005376344088	66
704	2.611111111111111	69
710	2.244871794871795	36
712	3.6666666666666665	4
714	4.006755555931687	387
742	2.5067394583523614	89
766	3.3596491228070176	49
801	3.0230263157894735	68
833	2.6758234519104085	55
848	3.383703703703704	40
882	2.7083333333333335	12
1006	3.1788461538461537	42
1034	3.580208333333333	74
1049	3.537289852443154	258
1050	3.3098684210526312	37
1111	3.860414852805137	131
1130	3.233479532163743	84
1161	3.809908963585434	93
1169	3.620192307692308	31
1189	4.0171750181554104	133
1190	3.580132764343291	112
1277	3.4997021214763153	249
1295	3.755969785575049	151
1322	1.4166666666666667	19
1325	1.6651785714285714	15
1326	2.0431372549019606	39
1327	2.8052967897685392	203
1328	1.90625	14
1329	2.242063492063492	15
1330	2.8230158730158728	30
1331	2.8333333333333335	12
1332	3.0430555555555556	21
1335	1.325	7
1337	3.100250626566416	40
1340	3.799781924781925	129
1346	2.951086956521739	65
1351	2.9629629629629632	21
1354	3.9186062723919455	296
1359	2.14135677466863	292
1392	3.797676282051282	64
1414	3.1044973544973544	24
1440	3.3339285714285714	30
1445	2.2809523809523813	53
1447	3.1083333333333334	31
1484	3.5889705882352936	35
1487	2.7650793650793655	85
1546	3.6920995670995675	33
1550	2.280812324929972	26
1565	2.9603174603174605	14
1570	3.395726495726496	21
1594	3.7388291517323773	87
1598	2.880555555555556	28
1605	2.257936507936508	35
1633	3.4007936507936507	47
1646	2.8096296296296295	52
1649	3.8014260249554366	43
1660	3.2361111111111107	25
1667	2.7770833333333336	31
1699	3.667341430499325	45
1746	2.6868589743589744	26
1770	2.8055555555555554	11
1771	2.739583333333333	14
1812	2.125	7
1824	2.966666666666667	14
1844	3.915457875457875	111
1846	3.861111111111111	22
1848	2.7416666666666667	45
1854	2.553571428571429	13
1856	3.0255360623781673	33
1870	3.15	6
1875	3.153361344537815	42
1880	3.4869281045751634	32
1887	2.7790404040404035	47
1891	3.0	4
1913	3.696230158730159	115
1916	3.708138736263736	208
1984	1.9263791763791762	87
1987	2.6333333333333333	27
1993	2.293140574415635	90
2024	3.147222222222222	26
2029	3.228571428571428	22
2061	3.3722222222222222	23
2068	4.007263586453642	153
2069	3.638095238095238	17
2075	3.664488017429194	37
2077	3.6555555555555554	34
2093	3.574064171122995	102
2097	3.1419117647058825	48
2102	3.6101894521249362	60
2113	1.9549145299145299	30
2128	3.222222222222222	15
2130	3.6468832891246685	62
2132	4.243815559440559	159
2142	2.912558662684715	144
2155	3.2592261904761903	93
2166	3.5480769230769234	29
2187	3.6277777777777778	30
2189	3.3055555555555554	8
2195	3.213815789473684	65
2238	3.8296296296296295	16
2239	3.9472222222222224	20
2282	3.4655797101449277	95
2283	3.4415584415584415	24
2292	2.972222222222222	12
2305	3.1944444444444446	14
2308	2.75	7
2320	3.1015278945892906	124
2327	3.048611111111111	24
2343	3.375	4
2349	3.477746212121212	44
2354	2.55218989769821	81
2377	3.0203460038986356	53
2390	3.5926441179027915	116
2399	2.5078125	57
2438	2.0	1
2439	3.4519230769230766	41
2443	3.521377368151562	63
2446	2.611842105263158	43
2462	1.6717094017094016	66
2469	3.150062656641604	167
2483	3.8837759462759465	39
2492	2.5542929292929295	24
2499	3.6458333333333335	9
2506	2.8938672438672435	64
2509	2.6666666666666665	11
2519	3.2724664224664224	56
2548	2.0695246179966045	60
2550	3.623622782446312	83
2553	3.3171957671957677	67
2555	1.2889997170345218	100
2556	2.0	3
2558	2.665909090909091	117
2566	2.252380952380953	24
2568	2.2731643356643354	56
2574	2.714285714285714	43
2583	3.5738927738927737	53
371	3.3056224645030428	63
2514	2.3876641091219093	88
1739	1.5920289855072465	56
1902	3.0833333333333335	14
1900	4.1034032091097306	82
668	4.10972850678733	50
670	4.021367521367521	38
154	3.861397589338766	137
1757	4.260256295500657	124
340	3.214285714285714	33
343	2.3313025210084035	37
2106	3.461675149175149	74
501	4.090332674571805	75
1046	3.816922051127214	83
1296	3.8038095564661303	329
1730	3.623934108527132	103
577	2.5238095238095237	29
464	2.354015308770109	109
1759	3.4404761904761902	23
1978	2.145469114219114	88
2364	2.5293650793650797	43
446	3.928173275999363	126
900	3.6697398454472956	142
1814	3.0	5
30	3.7375000000000003	26
77	4.166666666666667	3
85	3.3117516012252857	49
106	4.0	2
199	3.730538230538231	99
232	3.9952332627566274	290
269	3.0	5
352	3.653703703703704	22
363	3.779166666666667	21
390	3.4752297410192146	62
392	3.880952380952381	10
506	3.3964646464646466	45
602	3.5208333333333335	11
649	3.2916666666666665	6
722	3.1944444444444446	8
751	3.966666666666667	8
757	3.6279761904761902	28
846	2.4583333333333335	10
877	3.125	4
907	3.814814814814815	36
935	3.74256993006993	32
945	3.786997885835095	98
956	3.644047619047619	20
973	3.9822268088521953	45
986	3.1531363517207804	134
1054	3.516666666666667	21
1066	3.928788057820316	65
1112	3.3333333333333335	3
1290	3.3952373527373525	91
1306	3.864801864801865	31
1401	2.9418261562998405	46
1734	4.044854070660523	101
1836	3.1280212842712842	56
512	2.9930555555555554	32
2449	1.1247474747474746	30
626	1.9166666666666667	7
2027	2.5166666666666666	66
1966	3.9195156695156697	63
932	3.701660500352361	124
210	2.9	11
445	2.514339826839827	37
478	2.1083333333333334	10
1352	2.9159313725490197	40
1752	2.667948208389385	125
1785	3.4809720007088427	77
1804	2.966666666666667	27
2264	3.0795454545454546	35
2306	2.3102272727272726	59
242	3.2692307692307696	28
563	3.7583333333333333	18
641	2.5625	8
1216	3.852037048381388	186
49	3.8222222222222224	14
171	3.0688644688644686	35
1280	3.8392306140187493	211
116	3.5595238095238098	27
747	2.0932088744588744	34
2050	2.2780303030303033	57
2164	2.6666666666666665	12
468	3.3470757175146626	362
2385	2.7930021367521367	48
43	3.2370370370370374	19
1113	2.661172161172161	24
1236	4.013888888888889	36
1794	3.5	15
2285	3.563095238095238	43
2516	1.9311974789915967	39
80	3.8356481481481484	23
488	3.5595238095238098	16
1822	1.6666666666666667	11
1495	1.0945767195767195	58
408	2.7278409090909093	30
700	3.0104166666666665	36
549	3.9264957264957268	33
682	2.75	3
1151	3.2261904761904763	22
1571	3.5583333333333336	18
2033	3.43755376344086	87
2131	4.070505050505051	62
711	2.187169312169312	92
2342	3.5625	16
59	3.222222222222222	11
1829	3.7416666666666667	10
1915	2.666666666666667	4
2276	3.1333333333333333	8
1990	1.2195767195767198	19
418	1.9444444444444446	11
809	2.6590909090909087	24
1866	3.164772727272727	97
169	1.9970250679553003	263
1162	3.6746031746031744	23
191	2.594185784975259	57
666	3.25	15
1554	3.712384259259259	76
2074	3.475925925925926	22
57	2.9718045112781954	42
182	2.722222222222222	11
386	3.0833333333333335	13
447	2.888888888888889	9
451	3.4333333333333336	11
460	1.8666666666666665	23
465	3.548611111111111	15
484	2.7460317460317456	23
695	2.8958333333333335	13
840	2.696969696969697	24
862	3.35	10
893	3.8005952380952386	25
1043	2.9203703703703705	22
1426	2.6785714285714284	10
1427	1.8095238095238095	29
1612	2.847222222222222	11
1668	2.908333333333333	11
1798	2.0089285714285716	23
1855	2.2349376114081996	38
2007	2.25	11
2031	2.5	9
2172	3.1666666666666665	15
2316	3.130128903413217	219
2341	2.527777777777778	8
2437	3.463924233661076	61
2491	2.9333333333333336	37
2523	2.611111111111111	9
2524	3.1010912698412696	88
1881	2.9930555555555554	24
2170	2.6477445144724556	70
118	2.4886363636363638	20
580	3.044642857142857	11
697	2.5344017094017097	29
1187	3.8904761904761904	17
87	2.1676564856711913	56
1008	3.236111111111111	23
2038	3.036796536796537	26
2098	2.4791666666666665	12
683	2.5	3
857	3.25	3
873	1.5	2
321	3.5266203703703702	32
617	3.769005847953217	46
632	3.9909090909090907	22
1417	2.966666666666667	32
1643	3.726588376994881	95
1904	3.560350529100529	32
126	1.9674603174603174	66
217	1.896825396825397	16
713	2.916666666666667	4
824	3.222222222222222	14
1686	2.883806818181818	30
1731	1.9963599930803828	79
1929	3.815606060606061	44
1933	3.5722222222222224	15
1936	3.484126984126984	33
1942	3.898728354978355	64
1651	2.7083333333333335	7
2272	3.3504273504273505	38
2445	2.855429292929293	44
990	2.2832244008714597	38
1011	2.4090808823529413	59
2051	2.7774242424242424	56
927	4.02920227920228	39
1069	3.897222222222222	41
1940	3.85	33
404	2.75	6
769	4.416666666666667	4
1039	3.75	2
1434	3.75	2
1926	2.9861111111111107	13
1526	1.9845238095238096	44
1692	1.8888888888888886	9
645	3.5194444444444444	12
1415	4.0	5
1399	3.126713564213564	60
8	2.8224400871459694	40
38	2.3656084656084655	31
54	2.6833333333333336	24
146	2.402777777777778	13
201	2.138888888888889	6
212	2.1759259259259256	22
228	1.75	6
238	2.978030303030303	20
244	2.2333333333333334	11
250	3.1969017094017094	42
258	2.230952380952381	34
271	2.930555555555556	21
313	2.4270833333333335	46
421	2.9031250000000006	62
483	3.7962962962962963	22
505	2.729772727272727	47
600	3.1805555555555554	14
606	2.024120759414877	47
688	2.3199775533108866	117
754	3.25	12
808	2.7291666666666665	26
867	1.8511904761904763	23
881	2.3042929292929295	31
885	2.0386002886002887	24
888	1.537797619047619	35
938	3.512810158388298	78
1000	3.0083333333333333	10
1018	3.0219907407407405	33
1024	3.4845935314685317	33
1167	2.6458333333333335	13
1177	3.4064950980392155	40
1398	2.3541666666666665	18
1453	2.2870370370370368	63
1456	1.818452380952381	35
1474	2.1875	88
1489	2.880952380952381	17
1490	1.513888888888889	22
1525	1.5208333333333335	7
1561	3.0	3
1595	1.5551406926406925	80
1599	1.4766414141414141	31
1600	3.356060606060606	18
1602	2.2436507936507937	25
1621	2.867063492063492	21
1683	3.4356060606060606	36
1767	2.211111111111111	10
1806	2.4543123543123544	47
1807	3.0416666666666665	8
1816	3.001984126984127	18
1843	2.625	4
1857	2.9537037037037037	14
1865	3.6666666666666665	12
1988	2.125	14
2039	3.0	2
2047	3.0555555555555554	7
2048	3.3072822822822823	99
2154	2.3228260869565216	50
2168	2.664772727272727	21
2171	3.675801282051282	34
2190	2.4375	8
2271	3.0541666666666667	18
2295	3.5416666666666665	19
2317	1.3055555555555556	6
2331	2.896825396825397	23
2365	2.53525641025641	34
2392	2.123214285714286	80
2400	2.9166666666666665	14
2442	3.49805381400209	67
2482	3.15	14
2546	2.7083333333333335	34
2554	3.114583333333333	26
2563	3.6676470588235297	50
985	2.125	3
1099	3.5341931216931215	85
1501	2.6875	5
1725	3.625	3
1874	3.333333333333333	4
1932	3.880952380952381	15
2101	3.375	3
2233	2.638888888888889	6
2240	3.5914473684210524	39
2494	3.7083333333333335	13
417	3.5633741258741254	43
1788	3.7214285714285715	14
619	1.840277777777778	16
1604	2.747685185185185	38
1606	2.096434937611408	33
1626	2.3104575163398695	42
1703	2.66020955165692	36
504	2.759722222222222	37
564	1.8666666666666665	10
692	2.2585858585858585	24
1497	1.965994623655914	54
1581	2.5416666666666665	14
2035	3.407407407407407	17
2196	2.1435185185185186	33
2507	2.318055555555556	19
463	3.119047619047619	9
1192	3.5027777777777778	20
1558	4.1	6
396	2.0	4
424	2.774175824175824	30
458	3.0138888888888893	26
865	3.375	3
958	2.527777777777778	7
974	3.597222222222222	9
1114	3.5611111111111113	15
1152	3.8111111111111113	13
1154	2.766666666666667	8
2444	3.1944444444444446	6
2575	3.9111111111111114	32
963	3.7708333333333335	15
207	3.117179156908665	258
448	3.472637085137085	92
635	3.486111111111111	15
806	3.222222222222222	19
1085	3.4375	38
702	4.230357142857143	25
331	3.083333333333333	5
1943	3.3222222222222224	25
55	3.541666666666667	8
1364	3.6666666666666665	4
1596	3.611111111111111	13
1395	3.211698717948718	49
2453	2.497863247863248	33
1123	3.4499999999999997	14
2330	3.919212962962963	45
129	2.3333333333333335	4
2287	3.4550264550264544	58
2368	1.8215811965811965	27
1538	1.25	2
2057	3.0500000000000003	25
255	2.2976190476190474	28
2495	3.8139097744360897	52
384	2.822619047619048	25
536	3.0198412698412693	23
638	3.4494949494949494	20
1105	2.1681818181818184	28
1919	2.634259259259259	23
2310	3.021428571428571	31
2498	2.428571428571429	40
2562	3.301587301587302	23
2573	3.8777777777777778	9
211	3.397222222222222	24
341	3.236111111111111	11
430	2.375	7
452	3.2708333333333335	13
731	2.8666666666666667	11
1733	3.074074074074074	17
71	2.113275613275613	28
257	3.1219834087481146	63
2235	3.25	2
1937	3.3611111111111107	22
1363	2.549019607843137	34
1511	2.875	3
98	2.8	7
1841	2.737037037037037	23
425	2.8857142857142857	20
1995	2.6083279465632407	81
1430	3.507936507936508	27
1150	3.7296296296296294	29
1948	3.8143619162640903	48
1850	2.5	1
579	2.875	5
2037	3.222222222222222	12
2180	3.3759920634920633	58
2255	2.8125	12
2457	3.3464285714285715	38
892	3.88015607580825	44
83	3.488888888888889	12
263	4.15	7
970	3.4583333333333335	16
1583	2.369047619047619	12
1859	3.733618233618234	34
416	2.138727226720648	54
469	3.3703703703703702	42
570	3.1	7
715	3.506944444444444	17
1353	3.0413690476190474	47
302	3.76068376068376	42
2314	3.0856481481481484	21
901	3.5772413793103452	83
2103	3.125	11
2429	3.1837635869565215	72
1601	2.7619047619047614	18
274	2.4794871794871796	38
918	3.7495042889779735	78
961	3.4444444444444446	6
1026	2.125	3
2017	2.7020202020202024	26
845	3.75	2
2197	3.722222222222222	9
860	3.1468253968253967	14
1723	1.9166666666666665	4
1493	3.1666666666666665	8
1684	3.301851851851852	16
189	4.0	1
453	3.3055555555555554	22
603	2.9285714285714284	15
2526	2.422222222222222	13
1531	4.625	3
184	2.861111111111111	6
1756	2.8166666666666664	22
2458	2.646990740740741	28
717	1.9166666666666667	7
807	3.291666666666667	5
2440	2.736111111111111	16
2441	2.9166666666666665	7
1574	3.625	4
2173	3.527777777777778	12
530	3.0	3
1579	3.1666666666666665	5
1768	3.5	5
378	2.697420634920635	21
767	2.111111111111111	7
988	2.8666666666666667	9
1477	3.5	5
1564	3.222222222222222	18
1749	2.75	6
2388	3.0277777777777772	8
1533	3.8833333333333333	13
944	3.967592592592592	35
571	2.5	6
1437	3.75	12
613	3.3644257703081233	66
84	4.5	2
685	2.972222222222222	11
1567	3.125	3
573	3.3194444444444446	10
650	3.138888888888889	17
1698	3.5833333333333335	5
1826	0.7166666666666667	35
429	2.1340579710144927	56
1925	3.8095238095238098	20
1898	2.3333333333333335	5
2073	3.2458333333333336	22
759	3.3125	5
787	4.0	2
850	3.4960317460317456	12
2503	3.7685185185185186	17
897	3.451388888888889	32
2045	2.9499999999999997	14
679	4.0	2
1535	3.3833333333333333	15
510	2.8660714285714284	26
113	3.2453703703703702	14
1168	2.5375	14
1323	1.2196969696969697	24
2256	2.6666666666666665	5
2464	2.8125	10
2521	2.3967948717948717	34
2522	2.623263888888889	30
2525	2.23681917211329	31
1869	2.2075757575757575	26
2347	3.0230158730158734	23
2370	3.622979797979798	28
1406	3.652777777777778	10
1728	2.977777777777778	9
2147	2.6619047619047618	43
1153	3.25	8
409	3.415343915343916	27
275	2.4952380952380953	42
2226	2.777777777777778	13
656	2.0516381766381766	38
2339	1.9298941798941798	22
2214	3.3777777777777778	13
1318	2.75	6
121	3.572916666666667	17
1896	3.625	3
667	2.130952380952381	28
1738	1.5	2
698	1.625	3
2417	2.746794871794872	22
1897	3.6136363636363633	32
1070	3.375	6
387	2.6125	13
621	3.083333333333333	6
1143	4.0	3
2326	3.0	1
756	3.666666666666667	4
568	3.277777777777778	6
291	2.5966810966810967	21
2079	3.5	4
2481	3.236772486772487	20
1324	2.0595238095238098	11
2451	2.597222222222222	32
388	2.5	4
939	2.75	3
972	3.4375	5
2552	2.352777777777778	23
472	3.1041666666666665	13
304	2.979166666666667	7
2201	3.2182539682539684	18
875	2.794871794871795	17
178	4.0	3
369	3.331521739130435	35
1679	1.0138888888888888	9
467	3.0625	6
1044	2.975	20
75	1.6458333333333333	13
270	3.0428571428571427	12
437	2.3608974358974355	26
486	2.766666666666667	12
726	3.0	11
1397	3.017857142857143	15
1864	3.4166666666666665	6
1502	2.8722222222222222	21
1879	3.5462962962962963	15
1413	3.25	10
1696	2.9119047619047618	19
2241	2.5301282051282055	22
1144	2.6666666666666665	4
854	3.75	4
2512	3.1666666666666665	13
525	3.408333333333333	12
716	2.8249999999999997	10
40	3.5416666666666665	19
103	2.8333333333333335	15
634	1.711111111111111	11
976	3.236111111111111	14
2536	2.4333333333333336	17
992	3.1666666666666665	9
1718	4.416666666666667	4
691	2.828643578643579	31
959	3.595238095238095	21
1336	2.75	17
1539	2.958333333333333	9
1669	3.472222222222222	11
1670	3.255952380952381	23
1773	3.7757936507936507	14
1780	3.2222222222222228	11
2191	2.0	3
2218	2.388888888888889	7
2220	3.1666666666666665	5
2225	2.8333333333333335	3
2358	3.5871212121212124	20
651	2.5	4
1496	2.9	11
526	2.875	3
633	2.722222222222222	5
803	3.1388888888888893	10
1119	2.5416666666666665	6
615	3.8420634920634917	18
1662	3.375	9
1886	2.222222222222222	7
771	3.861111111111111	9
251	3.0555555555555554	9
1384	4.0	2
1849	3.25	2
598	3.5714285714285716	16
1871	3.0	3
1107	2.9166666666666665	7
1640	2.7261904761904763	12
2319	4.0	1
35	3.357142857142857	13
1404	2.8321428571428573	16
696	3.291666666666667	5
1180	3.3000000000000003	15
1170	2.0833333333333335	8
1117	3.2777777777777772	13
324	3.6944444444444446	18
1423	3.9583333333333335	15
813	2.777777777777778	13
1439	2.4444444444444446	7
1837	2.694444444444444	17
433	2.6514423076923075	19
2582	3.0366300366300365	29
1795	2.0	3
1312	3.1666666666666665	6
960	3.361111111111111	9
964	3.8055555555555554	13
2299	2.875	3
2418	3.0535714285714284	14
625	3.75	4
618	3.361111111111111	8
1860	3.9501424501424496	31
1507	3.211111111111111	13
2510	2.875	3
1121	3.277777777777778	6
2157	2.0625	5
33	3.5833333333333335	4
690	3.1666666666666665	3
1820	3.0	4
869	3.0416666666666665	13
1609	3.1840659340659343	40
2345	3.638888888888889	12
2537	2.625	16
1465	3.321548821548822	29
310	2.4583333333333335	7
499	2.95	8
298	3.6	7
2215	3.25	4
309	2.4166666666666665	4
1636	2.8333333333333335	3
503	3.5	2
1906	3.3055555555555554	7
134	3.6666666666666665	4
659	4.188888888888889	16
2129	1.8333333333333333	4
561	2.833333333333333	4
2493	3.8833333333333333	13
1899	3.75	3
1063	3.6666666666666665	4
870	2.4854797979797976	22
254	2.9916666666666667	10
1624	2.8666666666666667	13
1685	2.4444444444444446	11
2242	1.9166666666666665	6
2244	1.8333333333333333	4
2257	2.666666666666667	4
2260	3.0416666666666665	6
2465	2.1296296296296298	15
2198	3.5625	5
279	3.5	8
359	3.0	4
989	3.666666666666667	4
2569	3.5	4
1585	2.8333333333333335	3
2397	3.0	5
1654	3.5674603174603177	18
1664	3.416666666666667	4
1743	3.291666666666667	5
582	3.527777777777778	6
1555	3.25	2
109	0.5	2
320	1.5	3
375	2.3333333333333335	3
734	2.5555555555555554	8
114	3.5555555555555554	10
148	3.0833333333333335	9
301	3.75	6
461	3.252380952380952	14
2284	3.720238095238095	15
1056	3.148611111111111	33
753	2.5833333333333335	4
763	3.0	2
2156	3.4166666666666665	4
2192	3.638888888888889	7
847	1.75	2
470	2.694444444444444	11
155	3.033333333333333	10
462	2.638888888888889	8
660	3.125	3
703	2.272222222222222	12
834	0.5	1
1383	1.7416666666666665	13
1520	3.0	5
1551	2.3055555555555554	12
1867	1.6269841269841268	12
1930	2.5833333333333335	8
2062	3.1666666666666665	6
2559	2.4	15
127	3.625	3
966	3.222222222222222	6
209	3.111111111111111	10
1523	3.027777777777778	13
701	4.25	4
2578	3.5	9
128	3.416666666666667	4
1632	2.75	2
1656	3.027777777777778	6
403	1.8333333333333333	5
2044	2.9166666666666665	6
2286	2.5833333333333335	6
2332	2.7944444444444443	17
167	2.5	2
297	3.75	2
1444	3.0	5
1509	3.6527777777777772	16
139	3.0	2
220	2.5166666666666666	13
336	2.125	5
547	2.5416666666666665	20
982	3.384126984126984	15
1410	2.9444444444444446	12
1677	2.1666666666666665	6
1910	3.208333333333333	7
2199	3.6111111111111107	7
2250	3.5666666666666664	13
2350	2.472222222222222	8
2472	2.814814814814815	13
2487	1.6875	8
729	3.2916666666666665	8
294	3.0833333333333335	6
981	2.4166666666666665	6
1087	3.4166666666666665	5
1149	3.0	4
498	3.4444444444444446	7
1853	1.6666666666666667	9
2534	1.5	4
1098	3.5	1
1877	2.8333333333333335	4
1642	2.9444444444444446	6
2323	3.9583333333333335	6
137	3.25	6
1742	1.9166666666666667	4
1776	2.1666666666666665	4
2508	2.25	2
889	3.0	3
896	3.7916666666666665	7
264	3.4166666666666665	5
1817	0.5	1
998	3.2944444444444443	24
119	3.375	3
243	2.5541666666666667	13
278	2.7129629629629632	16
439	3.25	4
601	3.0	3
993	3.375	8
1038	2.8333333333333335	5
1508	3.25	4
1528	2.75	2
1549	2.375	3
1628	3.625	3
1650	4.055555555555556	9
1750	1.8888888888888886	9
1796	3.5	1
1815	4.0	1
1852	2.75	4
1878	1.777777777777778	7
1890	2.75	7
2426	3.9166666666666665	4
2434	3.277777777777778	5
2545	3.4166666666666665	4
664	2.916666666666667	4
706	2.625	6
764	3.277777777777778	11
997	3.75	4
1314	1.5	2
1317	3.0	8
1825	2.6666666666666665	5
2216	2.5833333333333335	8
2293	4.0	1
681	4.066666666666666	20
1443	4.25	2
1695	3.4305555555555554	13
1989	1.6607142857142858	13
1473	2.7083333333333335	7
2479	3.095238095238095	10
2041	3.1833333333333336	12
108	2.75	2
1110	2.5	1
872	3.6666666666666665	8
389	3.625	4
777	3.0	1
979	4.0	1
1071	1.0	1
583	4.194444444444444	12
2544	3.25	3
67	3.375	3
402	3.416666666666667	4
831	3.3333333333333335	5
1053	2.8333333333333335	5
1116	3.0833333333333335	5
1062	2.25	5
1872	2.75	4
2538	2.75	6
823	3.0833333333333335	5
775	4.15	6
394	3.25	11
1040	3.1666666666666665	8
2223	2.85	6
658	0.5	1
115	3.4444444444444446	6
2032	2.8125	5
1675	4.166666666666667	4
789	1.75	2
1458	2.6666666666666665	4
53	3.4166666666666665	5
1657	2.75	2
2049	4.027777777777778	6
629	4.5	2
1164	3.4166666666666665	10
643	2.5	2
2086	3.25	4
1529	3.6333333333333333	11
1851	2.5	3
1109	3.0	1
1710	1.25	4
2576	3.0	1
1563	3.0	3
2419	3.375	5
124	3.4166666666666665	6
967	3.1666666666666665	7
1652	3.375	5
513	3.25	5
977	2.25	2
1118	3.375	3
1311	1.6666666666666667	5
1705	1.75	2
2246	2.0	1
2274	3.5	1
2281	3.5	3
957	3.361111111111111	6
1067	2.9166666666666665	4
1789	1.75	2
584	3.0	2
620	3.5	2
2008	2.4166666666666665	4
1045	3.0	1
755	2.75	2
2104	3.5	3
2222	2.0555555555555554	5
1369	3.5	4
391	3.0	8
1349	3.0	3
2484	0.75	2
37	3.1666666666666665	3
96	2.75	2
133	2.0	1
136	3.25	2
192	1.75	2
398	3.0	1
576	1.8333333333333333	3
758	3.0	2
790	3.5	2
791	3.25	2
793	3.0	1
797	2.5	1
844	2.0	1
855	3.0	1
1058	2.0	1
1075	3.0	1
1106	3.0	1
1134	2.5	1
1163	4.0	1
1174	2.5	3
1315	3.25	2
1412	3.375	7
1420	3.8333333333333335	3
1421	3.75	2
1428	3.375	4
1448	4.5	1
1467	2.0	1
1470	1.8333333333333333	3
1486	3.5	1
1504	3.5	1
1514	3.3888888888888893	7
1575	3.844444444444445	9
1577	2.5	2
1724	3.0	1
1861	2.6666666666666665	3
1901	2.8333333333333335	3
1905	2.0	2
2030	3.0	1
2063	2.5	1
2304	2.1904761904761902	9
200	2.875	5
864	2.75	2
1819	4.0	1
2127	3.0	1
779	2.6666666666666665	10
1666	2.5	2
1386	3.166666666666667	4
1360	2.75	3
284	2.0	1
2307	2.583333333333333	4
2258	1.0	4
2309	3.25	2
772	3.5	1
773	3.0	1
51	2.0	3
56	0.5	1
226	3.25	2
285	1.5	3
286	1.3333333333333335	8
687	3.3333333333333335	3
975	3.5	2
1102	1.5	2
1308	0.5	1
1697	2.9375	6
2055	2.916666666666667	4
2200	3.375	4
2224	1.5	3
2230	1.25	2
2452	1.1666666666666667	3
2486	1.125	3
143	1.25	2
1519	3.8	6
624	2.0	2
630	3.375	4
1156	4.1	6
925	3.5	3
962	3.0	3
120	2.916666666666667	5
283	4.0	1
1181	3.4166666666666665	4
1313	2.583333333333333	6
884	3.5	1
2234	1.8333333333333333	3
980	3.375	3
1659	3.5	1
1553	3.0	1
130	3.25	6
795	4.0	1
672	2.75	2
676	3.75	2
1764	2.75	2
2270	3.5	4
1142	2.875	3
1922	2.5	2
1765	0.75	3
1708	0.8333333333333333	4
984	2.0	1
2547	4.0	2
1781	3.5	1
987	2.9375	5
693	3.75	2
1613	1.5	2
1716	0.5	1
411	3.125	3
1065	4.0	2
1522	3.5	1
738	2.0	1
2466	2.75	4
1630	0.5	1
395	2.5	1
476	2.75	2
1532	2.0	1
2175	2.1875	5
131	1.8333333333333333	3
287	3.25	2
90	1.75	2
385	3.25	2
400	2.5	2
406	2.75	2
776	3.0	1
874	2.25	2
1002	3.0	1
1138	2.458333333333333	5
1455	2.5	1
1510	3.0	2
1543	3.0	1
1622	1.75	3
796	2.625	3
311	2.0	1
559	2.5	1
566	2.25	2
572	2.5	2
591	1.75	2
675	2.5	1
723	1.5	1
815	2.0	1
816	2.0	1
2480	3.5	2
1908	2.75	3
878	3.5	1
1832	2.875	3
1740	0.5	1
749	2.5	1
770	3.0	1
774	2.75	2
792	4.0	1
820	2.375	3
894	4.0	1
1001	3.0	1
1157	3.0	2
1158	2.75	2
1159	3.0	2
1160	4.0	2
1368	3.0	1
1436	2.0	1
1534	3.25	3
2213	2.0	2
2217	2.5	1
1140	3.0	2
1709	2.1666666666666665	4
843	0.5	1
2564	1.5	2
821	0.5	1
1424	0.5	1
138	3.0	1
827	2.5	1
1842	1.5	1
1548	2.75	2
2543	2.0	1
657	2.0	1
812	1.5	1
1524	1.5	2
1774	0.5	3
1578	1.0	1
1137	4.0	1
1115	3.75	2
983	0.5	1
1471	3.5	1
752	3.0	1
245	2.75	2
1903	5.0	1
2228	2.0	1
1165	1.5	1
401	4.5	1