7361	4.016078680539297	4938
5127	3.154554865424431	75
5151	2.696765350877193	348
5296	2.7863589461835336	208
5299	3.311520613055642	1746
5377	3.584251273401258	1437
5418	3.9075388657676533	3938
5679	3.5004311420500773	1764
5816	3.5840112800999693	2616
5881	3.043891402714932	456
5952	4.082782165534919	6326
5989	3.7876837215696724	3352
6280	2.984375	80
6367	3.103601694915254	245
6377	3.864012775249881	4819
6378	3.6271102229813437	1800
6502	3.7464841413710372	2160
6612	3.7361111111111107	55
6874	3.7840197886191085	4809
6887	3.405718580338314	135
7147	3.8766072484799468	2662
7153	4.140246318596893	6407
7173	2.908160293920226	506
7438	3.8096959023403434	4314
5445	3.5594482826717253	4466
5608	3.8742053848533637	368
5617	3.6075641367658173	767
5954	3.8407216806996707	775
6333	3.6109498275790255	3163
6539	3.8190581550359197	5279
6711	3.7266062333805685	3508
7090	3.792072893713307	1626
7323	3.962111573041097	869
7371	4.03835598229979	633
5177	3.802949760266834	91
5291	4.263824875442831	677
5304	4.091669824428445	83
5339	3.6884628851540615	122
5348	3.002380952380952	81
5378	2.943336229200487	3258
5397	3.2003968253968256	31
5440	3.771002435064935	42
5796	2.94049352616163	152
5826	3.4992784992784993	48
5872	2.9382539656582796	868
5937	3.922222222222222	22
5956	3.4129654058005627	1275
6001	3.7662691523368608	232
6100	3.4299516908212557	71
6143	3.023183760683761	55
6254	3.096673976608187	113
6273	4.107142857142857	61
6365	3.1971561068774514	3528
6401	3.344444444444445	25
6409	3.6101190476190474	23
6426	3.451659451659452	24
6429	3.74481658692185	45
6522	3.5833333333333335	15
6573	3.455808080808081	27
6579	4.074296733212341	56
6581	3.524242424242424	35
6584	3.304713804713805	52
6611	3.9908557625948933	62
6643	4.098665331998665	151
6650	4.0980193236714975	161
6662	3.7791835583268165	552
6663	3.5963492245271906	256
6666	4.032575757575757	168
6750	3.0944816053511706	99
6783	4.121466011466011	142
6870	3.793427604743351	1611
6985	4.099069148936171	155
6993	3.954745313439362	379
7013	4.032700285195747	266
7064	3.7425453759723424	210
7065	3.1955128205128207	58
7070	3.854320987654321	99
7072	3.841637070182127	142
7073	4.12179448575618	199
7074	4.016117216117216	37
7091	3.9848308242519566	161
7116	4.074411881977671	201
7132	3.991495479591291	280
7136	3.6784881784881787	31
7210	3.7265512265512264	64
7212	3.8036764705882358	43
7215	3.986201298701299	167
7218	3.892698412698413	73
7234	4.149596066034422	190
7243	3.5666666666666664	30
7327	4.151079545454546	211
7419	3.7314124487004108	241
7569	3.7400729900234744	505
7570	3.462865390834816	331
7573	3.1588228833919962	224
7581	3.396885521885522	45
7700	4.108067375886525	147
7706	3.948121645796064	164
5107	3.034865869424693	133
5833	3.301590465128557	175
6213	2.871011386519782	228
6225	1.8333333333333333	5
7000	3.0252757352941178	222
7007	3.349758957517578	273
5294	3.594455007862392	306
5349	3.532165331421743	4439
5669	3.7137153921477015	2421
5899	3.809461550993809	143
5903	3.828668538169488	1249
5995	4.203486624606803	1896
6016	4.277462058874608	2754
6062	3.5900462962962965	157
6303	3.766795599947774	235
6576	3.8222222222222224	14
6934	3.106055267173051	2716
6979	3.5778101354278324	934
7143	3.559199603537711	2203
7445	3.754578440334374	1054
5971	4.175158924698895	938
6023	3.994047619047619	92
6787	4.0012822507051595	871
7099	3.9010674179465603	637
7121	3.840625	189
7139	3.9021428040440083	395
7216	3.7073863636363633	78
7217	3.7495238095238093	74
7256	4.083196481781338	385
7523	2.986111111111111	15
7766	3.742779057734083	231
7836	3.8979352916134524	192
5464	3.5860838319413375	1310
6796	3.802757647984078	665
7386	3.8413744808268135	315
5218	3.7386692213408637	2264
5225	3.8126888705558226	781
5477	3.6990759105661737	137
5483	3.5237166991552957	61
5500	3.667165203870163	364
5508	3.6191533818294386	258
5569	3.327332427536232	64
5690	3.9520599388080595	620
5792	3.5576797385620913	83
5959	3.522901394124702	245
6140	3.643148148148148	63
6301	3.83023538961039	172
6323	3.694213637904648	841
6331	3.7553481767400996	505
6385	3.8236893693987364	526
6387	3.2016666666666667	44
6552	3.5194206538463053	395
6582	2.9070641762452105	59
6618	3.8075023936563017	470
6659	3.254198430493273	559
6707	2.6451996253366112	216
6748	3.5482316534040677	65
6755	3.5988225276015973	403
6772	3.8378676470588236	77
6857	3.7799329669717583	313
6947	3.5649847331274453	1203
6953	3.7045045466722684	1264
6957	3.2182114961911474	744
7027	3.7212562907107873	210
7063	3.9001791780208293	247
7124	3.4893472540531363	49
7235	3.780822433414593	237
7254	3.7781233573721353	1938
7364	3.2719988344988344	102
7382	3.6651293231961835	101
6218	3.4224192195996705	1310
5444	3.3805583011543807	694
6350	3.9565229484954254	669
5120	3.9562370062370062	143
5147	4.339824159021407	312
5187	3.6444444444444444	35
5292	3.651204080268836	318
5420	2.888590588010691	228
5674	2.8055555555555554	6
5752	3.413018141279011	50
5820	3.781966490299824	53
5859	3.601785714285714	31
5914	3.9467592592592595	38
6264	2.774908036219581	271
6440	3.9335669482846902	546
6448	3.724622492675231	110
6754	3.2616504261678223	817
6764	3.410342376482456	235
6872	1.2679487179487179	120
6920	4.097991430871866	79
6932	3.647652073772323	193
7025	3.6959901077548136	69
7162	3.529661147683386	681
7263	3.6953004949282864	362
7348	3.4468984962406015	123
7561	3.0277777777777772	21
7728	3.682455065359477	103
7762	4.179323106477949	69
7820	4.046439628482973	106
5110	3.4856640631351317	477
5219	3.2390250490718566	820
5254	3.103309352823643	819
5293	3.290706528071124	268
5388	3.3116815661571684	824
5463	2.7616065619481365	364
5528	3.0888875350064624	768
5574	3.378993896687694	567
5630	3.5322850618417028	930
5782	4.040418108451029	747
5883	2.6466346153846154	35
5949	3.702649456521739	55
6059	3.446078159645233	387
6188	3.4628902796779917	1078
6287	3.0586915411797344	695
6482	2.009584014024629	286
6565	3.6751788256636355	778
6587	0.9373521656520221	130
6615	2.5053497262408917	265
6617	3.879492505702183	185
6880	2.7517311095105987	269
7203	2.875	24
7360	3.5498505733530017	904
7368	2.484126984126984	17
7439	3.113896928619405	312
7449	2.3869263285024154	92
5650	3.3747587719298244	219
6193	3.436871693121693	69
6676	3.8111111111111113	13
6807	3.8430365737512435	1684
5346	2.632101558572147	42
5618	4.167723463561652	2343
5712	3.4795843045843045	94
6130	2.708333333333333	12
6725	2.193939393939394	36
6974	3.261340852130326	87
7094	3.360047846889952	32
7293	3.271931588431943	1161
7618	3.488169400403443	168
7698	3.5670114559003445	163
7009	3.3462308114035086	82
7076	3.746815879521928	268
7373	3.2075560310958466	1255
5136	2.30995670995671	23
5298	3.4096681096681096	137
5452	2.0220153541658594	316
5478	2.4101757190896533	200
5784	2.811263029423407	199
5808	2.56140350877193	33
6157	2.51794603590536	957
6731	3.586719024219024	219
7036	2.8125478927203065	171
7346	3.5968966329306475	425
7387	3.885228756651853	616
7451	3.378634190902006	935
7701	2.1354688331121157	342
5308	2.5683754102106096	416
5791	3.687497947993959	474
5890	3.716145833333333	130
6286	3.900040138006422	275
6542	3.804575163398693	100
6690	3.4166666666666665	24
6793	2.392623873873874	231
7154	3.043632501651624	372
7809	3.261831678857541	78
6281	3.386069676618078	1011
7440	3.654664376321353	70
5152	3.631064396612219	468
5323	1.8449954710144927	144
5459	2.934379891220882	1754
5999	2.442760942760943	47
6373	3.165488261361069	1831
6537	2.9465954459539137	1654
5367	3.6249342312953803	86
6077	3.3531746031746033	27
7088	3.9713203463203466	67
7092	3.6266025641025643	29
7206	4.014446924603174	90
7209	4.008501344086022	87
7219	3.5366300366300365	24
7161	2.8063187205875884	241
7317	3.117314836425876	379
5319	3.901996215152728	173
5425	3.472222222222222	32
5682	3.572058823529412	35
5812	3.851014919113739	189
5876	3.4312780112044816	193
5945	3.3580015605170566	780
6214	3.531762014356951	241
6297	3.4625308709879334	314
6567	3.505952380952381	118
6708	3.5254900831126736	889
6867	3.8222643648920736	660
6879	3.513382813374598	538
6898	3.7030448717948716	44
6942	3.8495146560097457	1636
7137	3.4842663141811747	279
7158	3.7159754891854404	386
7459	3.619179600886918	90
6970	3.873996373996374	88
7834	3.8074555403556776	101
5991	3.381644749534594	1365
5364	3.347091514726508	207
5680	3.155663780663781	72
5992	3.477026261069984	638
7149	3.361601221099609	465
5663	2.9057486631016043	36
6852	3.8800988319856247	162
6952	2.985031104315765	368
7347	3.2551006996378895	503
6538	3.279642221394271	245
6818	3.998060344827586	73
6890	3.7135677183532128	371
7484	3.7524038461538463	108
6235	3.9118944118944117	123
6283	3.775955686839937	491
6986	3.7897029552952195	146
7086	4.027777777777778	49
5146	3.802750993138317	227
5498	4.053984557109557	113
6156	3.048732782369146	366
6242	3.4176012252896264	501
6541	2.7578634623654934	934
6548	3.1740069580576655	492
6709	3.211726447044335	577
6721	3.7099460770160295	178
6863	3.4052655578465165	1956
7022	3.438446980835824	975
7482	3.8341624264021723	545
5681	3.7291666666666665	15
7306	3.64572192513369	36
5544	3.497866344605475	81
5341	3.668253968253968	76
5902	3.6929965855969016	1637
6104	3.853061013340675	440
6620	3.617422342229068	632
7160	3.696962729709818	690
7349	3.875	33
7802	3.649092183053675	263
5213	3.0089285714285716	17
5247	3.314428471248247	156
5265	3.1437197824335215	230
5313	2.694283440519665	356
5382	3.0074712643678163	57
5431	3.1875	13
5479	3.2691903278767684	180
5502	3.1007712277118604	1932
5540	3.2827996635812795	147
5568	3.2330901856763927	54
6078	3.1053885630498534	95
6996	2.5939561935885465	193
7044	3.732172586015538	291
7102	3.107109557109557	118
7123	3.681774899562271	269
7300	3.4994444444444444	67
7458	3.3210263508057314	1335
7460	3.4167479697407943	294
6580	3.5	3
5142	4.058333333333334	17
6228	3.857142857142857	35
6299	3.9840561224489797	181
6380	3.63567769390272	325
6777	3.565029761904762	146
5101	3.603174603174603	43
5707	3.3307192836812143	65
6122	3.878127112914131	97
6206	2.3333333333333335	9
6779	3.6204906204906204	39
7062	3.6415513833992095	74
7190	3.4111111111111114	21
7579	3.446813289747854	164
5250	3.3526515151515155	45
5942	2.9475154285605103	146
6021	3.709401709401709	35
6437	3.640873015873016	17
6550	2.708503243898787	337
6944	3.183830409356725	499
5475	3.914167247926839	62
5701	1.7916666666666667	10
6101	3.8162535993418345	53
6216	3.7539251207729465	91
6773	3.7747326203208558	578
6950	3.190927279636957	94
5763	3.8290598290598292	31
5446	3.755183763536567	340
5283	3.2660456744681343	316
5449	2.8171943490122495	518
5481	2.940079290227833	1389
6155	3.034862227112439	550
6338	2.396712523719165	165
6586	2.7982186415687487	374
7150	2.7951236263736265	176
7320	3.0851823733019854	95
7325	3.009073488204185	715
7448	2.3031027939276485	113
5527	3.126470588235294	39
5625	3.3110323180655663	68
5788	3.725396825396825	49
5829	3.3083333333333336	24
5994	3.5320198592257417	49
6159	3.749134199134199	51
6268	3.7017837235228543	42
6335	3.5313765182186234	48
6342	3.0625	6
6545	3.551851851851852	34
6714	3.404761904761905	17
6760	3.5589285714285714	25
6765	3.5072768762677486	217
6770	3.741554054054054	127
6875	3.358134920634921	18
6897	3.194444444444444	11
7201	3.4880952380952386	15
7265	3.926723043054909	240
7314	3.1333333333333333	17
7324	3.1613852630316734	311
7352	3.675925925925926	67
7366	2.6405474121466765	259
7377	3.613275613275613	115
7383	3.125	25
6294	2.7419177205660947	265
7001	3.5081233421750664	277
5303	2.7693925831202044	173
7316	2.2312710437710437	90
6368	3.6017921146953404	63
7745	3.7415674603174605	51
5103	3.6214388270726414	512
5472	3.2551406926406927	33
5629	3.1547619047619047	29
6316	2.288302277432712	44
7060	3.6976406215398243	116
7614	3.3832516339869283	87
5356	1.2470238095238095	15
5944	3.182096852627476	422
5955	3.5237822061191624	188
6664	3.1456469892921706	352
6753	3.7387642658159597	402
6862	3.304408914728682	110
6951	1.8034722222222221	140
7018	3.5757561132561135	198
7046	3.2795504099075528	287
7301	3.9523809523809526	37
5447	3.3986772486772487	33
5497	3.26875	29
5522	3.2019806460595936	94
6305	3.723432872084413	260
6774	3.7684038410331513	336
7163	2.999101060878897	462
7649	3.6619318181818183	238
5266	3.3308126194632006	1038
5400	3.0455655972633138	421
5507	2.6890396432897434	733
5598	2.572619047619048	28
5810	3.0125462993489736	788
5828	2.861111111111111	9
6040	2.5484593837535012	80
6252	2.086402084757348	70
6485	2.2268518518518516	39
6534	2.6117148403290775	915
6558	2.3323863636363638	67
6566	1.9865114560236512	116
6593	3.1527913439712867	401
6820	3.4669117647058827	131
7004	2.7923855444714203	707
7247	3.4213182425688133	205
7285	3.540732998885173	365
7319	2.5098713235294117	92
7345	2.2971521942110176	62
7369	2.309809599515482	124
7374	2.511111111111111	57
7375	2.9401990923730055	83
7376	2.931898379524459	181
7380	3.2028144457301186	154
7381	3.0612218419615025	207
7453	2.0886562998405105	57
7454	2.9718836552567423	759
5541	3.1761265923566877	488
5699	3.233333333333333	14
5620	3.155266138607674	452
5804	2.7800324675324672	129
6936	3.345125194505955	812
7767	4.112973019887914	130
5105	3.6734877734877736	133
6987	3.8839181286549707	288
5673	3.5557878071236213	806
5419	2.330113247996023	297
5476	2.018485793485793	83
5588	3.4747960372960374	69
5693	3.205228955416063	358
5747	3.7871566337125313	303
5780	3.6546296296296297	39
5785	2.719249897456932	484
6243	3.095915032679738	71
6503	2.507924708092647	745
6564	2.589810387345122	525
6784	3.298611111111111	19
6888	2.5734253473644495	548
6966	3.0332674571805005	224
7103	2.919047619047619	13
7399	2.859375	20
7810	3.6542044134727063	126
7812	3.323663565042876	93
5597	2.130982905982906	36
5692	3.3795163170163165	32
6435	3.1805555555555554	13
6470	3.350462962962963	27
6497	2.888888888888889	9
6808	3.974665987318841	238
6810	3.426691439156706	163
7017	3.116846955128205	146
7104	2.7134961387207857	100
7156	4.059963012419791	486
7312	3.1111111111111107	12
7723	1.9375	14
5095	3.4280303030303028	42
5111	2.994947916666667	73
5171	2.82215536993371	500
5282	3.0498294346978554	77
5309	2.6118012668071215	185
5312	2.8982259570494864	152
5316	3.188092830661082	124
5329	3.6666666666666665	153
5387	2.702420491143317	75
5391	3.599693678641047	77
5421	3.577425044091711	126
5438	2.8032326751838945	70
5485	3.2002164502164505	39
5486	3.222222222222222	17
5505	3.2661259445920674	276
5506	3.235300381495611	98
5524	2.790376984126984	130
5564	2.442235946102579	76
5570	3.7948116028708134	124
5577	3.6672664835164834	335
5613	3.595833333333333	123
5633	3.798585858585859	91
5665	3.051587301587302	49
5677	2.2320574162679425	36
5809	2.9987980769230766	116
5818	3.3344907407407405	46
5843	2.958443854995579	68
5853	3.3622708915812365	155
5938	3.5393518518518516	64
5951	3.135185185185185	22
5962	2.008417508417508	51
6215	3.4247619047619047	58
6220	2.849285714285714	60
6263	3.2769832977812605	158
6296	3.7340733183225443	387
6320	2.5873015873015874	17
6322	3.365658914728682	143
6330	2.752314814814815	23
6337	3.5224117332014995	105
6341	3.6208333333333336	49
6374	2.5756578947368425	66
6436	3.618408343904971	105
6547	3.142628205128205	25
6595	2.9365432528761177	461
6596	2.6761695906432745	58
6669	3.5506977901131127	243
6710	3.78140756302521	59
6720	2.5113636363636362	21
6751	2.144388327721661	64
6797	3.384663865546218	82
6811	3.3058823529411767	83
6860	3.5	9
6873	3.24744457463538	365
6881	3.368728559176672	209
6885	2.560185185185185	81
6927	3.1735374477659914	115
6973	2.6925990675990676	28
6977	3.2002314814814814	65
6978	3.731698084639261	92
7003	3.571100427350427	44
7028	3.6522119093539054	107
7039	3.5089285714285716	44
7040	3.334722222222222	85
7101	2.9847159753456602	144
7226	3.3472222222222223	11
7257	2.546269457863661	65
7294	2.8798701298701297	79
7321	2.565162494510321	57
7354	3.1979166666666665	66
7362	3.1119791666666665	165
7365	3.832121212121212	69
7367	3.0086574474106498	445
7616	3.380952380952381	70
7624	3.2762157809983896	100
7763	4.013888888888888	20
7792	3.654321705426357	84
5135	3.6620345214095216	281
5878	3.949515066836618	599
7318	2.8917584218692065	601
7774	2.90625	12
7790	3.2452342047930283	42
5267	3.0666453537936915	249
6832	3.2966452820101573	124
7142	2.815998329156224	68
5380	3.7859432234432235	245
7020	3.6087779973649536	69
5352	3.3174603174603177	23
6300	3.703944203944204	54
6344	3.6167378917378916	115
7297	3.8765460030165912	63
5389	2.9414588433292534	80
5667	3.284369967793881	63
6003	3.5463996224739063	490
6058	2.9493366415963878	355
6266	3.0732977642276422	105
6289	3.111904761904762	26
6298	2.112203818725558	62
6549	2.7962962962962963	39
6763	2.7466787439613527	139
7151	3.3948437675620995	380
7169	2.998015873015873	70
7444	3.014217449569756	451
6827	1.858888888888889	46
6831	2.75	4
6306	3.7559808612440193	44
6002	3.5551470588235294	46
7773	3.5515314961695674	129
6665	3.1041666666666665	29
6800	2.426469389418766	118
6125	3.3395061728395063	43
6144	3.9166666666666665	8
6383	2.368106018834874	579
6535	2.489200293893436	357
6251	2.6493055555555554	36
6889	3.300941080196399	174
7034	3.8969539294913735	370
5893	3.6685659186535764	100
5686	3.303558156819026	46
6290	2.933291505304227	175
6467	3.7140522875816995	36
6945	3.8998015873015874	51
6975	3.8062064281576475	133
7167	3.4347222222222222	24
7786	4.053075396825396	55
7827	3.4767269767269773	168
5772	3.861875	65
7478	3.984375	64
7782	2.9763584117032393	64
5912	3.8555555555555556	14
6792	3.3281746031746033	29
6724	3.9296184081231575	158
7587	4.0299516835422695	176
5222	3.2057676622225806	144
5401	2.4610449735449738	171
5563	2.876092657342657	64
5941	2.82557354925776	125
5672	1.121949689837621	85
6483	0.8719848053181387	86
6519	3.1166666666666667	42
7289	2.166666666666667	8
6559	2.879776021080369	67
6893	3.6519084494134897	365
7164	3.430284123507015	197
6288	3.5439215686274514	47
6327	3.3027670527670527	59
6636	3.517708333333333	105
7647	3.7156635802469133	54
7058	3.7245370370370368	39
7572	3.84484649122807	88
7705	3.708382066276803	38
6291	3.7575293707686184	249
5434	3.604978354978355	51
5993	3.1833333333333336	23
6269	3.8696148710380207	66
6279	3.455639097744361	43
6868	3.2022845575477152	78
7084	3.959998401534527	146
6093	3.419470195374801	151
6645	2.86203679311556	204
7236	3.314613526570048	61
7811	3.3438800313105097	87
5172	2.592780748663102	49
5288	3.9273368606701937	89
5333	4.096479500891266	55
5395	2.983333333333333	13
5414	2.9256944444444444	99
5435	3.7194444444444446	31
5496	4.07936507936508	11
5553	2.8578405894582364	95
5987	2.6458333333333335	11
6020	3.3888888888888893	16
6107	3.642857142857143	17
6176	3.0833333333333335	12
6208	1.9166666666666667	17
6356	3.303030303030303	45
6428	3.2759375	93
6460	4.00536541889483	64
6478	3.2916666666666665	28
6603	3.6875	9
6652	3.358730158730159	23
6727	3.4523809523809526	32
6730	2.612337662337662	24
6803	3.1277706734867863	47
6812	2.58859126984127	53
6989	3.4422115384615384	97
7055	3.927452177452178	52
7115	3.650665642601126	90
7135	3.9752029579615784	88
7725	1.9555555555555557	48
7817	2.7426075268817205	76
5214	3.3351067036411868	66
5230	2.861111111111111	14
5246	2.0520435446906036	43
5301	2.966666666666667	10
5354	3.3511904761904763	13
5429	2.666666666666667	8
5638	2.6739130434782603	49
5651	3.3151960784313723	39
5768	2.6416666666666666	18
5854	2.9	6
5923	3.419047619047619	19
5926	2.6666666666666665	6
5927	2.9017857142857144	31
6141	2.783333333333333	10
6231	3.8055555555555554	10
6315	2.5424242424242425	29
6413	2.86010101010101	24
6434	3.3333333333333335	11
6785	3.3931573802541544	117
6813	3.1777777777777776	18
6999	3.1021108521108522	46
7414	3.35	9
7617	3.4067460317460316	43
5404	3.6645781119465326	47
5525	3.9705882352941178	80
5611	2.9698009791400595	80
5646	3.596825396825397	50
5787	2.358653846153846	26
6027	3.3903105008581678	60
6195	3.533333333333333	22
6382	3.5805555555555557	31
6646	2.699813258636788	30
6786	3.6663622835497836	98
6791	4.057518975332068	163
6856	3.538505257175334	55
6984	3.9467105263157896	47
7023	3.9512118833547403	148
7791	3.4647058823529413	53
7125	3.611111111111111	25
5139	3.3625919117647056	146
5572	2.2607757611241217	168
5803	2.5692554799697658	137
5874	2.6274381606189383	64
5900	2.915530289844983	271
6212	2.6956533575317607	122
6451	3.486111111111111	18
6696	3.0370370370370368	16
7261	2.2377232142857144	39
7340	3.170405982905983	32
5279	3.801659125188537	34
6197	3.0616910503240566	188
6332	2.2548505416152476	77
7178	3.2113526570048307	57
7075	3.988031775210084	119
5108	3.558900127574266	198
6959	2.724871454939646	156
7481	3.556686921296296	196
5668	3.6095666604819923	158
6187	3.817089160839161	353
6686	2.8108173076923078	71
6909	3.2815018315018314	89
5470	3.868641084316142	87
5840	3.7272970085470085	57
6014	2.5041131349270884	116
6056	3.5396825396825395	19
6123	3.9908424908424904	41
6828	3.8095238095238098	17
7586	3.623809523809524	36
5799	3.6491582491582495	44
5800	3.3194444444444446	15
5965	3.854166666666667	47
6405	3.4636200716845877	58
6441	3.3511437908496737	56
6768	3.57548104131296	94
7050	3.7123015873015874	24
7311	3.9003552971576227	103
7584	3.9166301169590643	77
6780	3.7918360892744194	79
7199	3.6621896621896624	43
5192	3.025	15
5357	3.1936026936026938	37
5666	3.424015458225984	185
6006	2.6775900900900904	164
6293	3.222222222222222	13
6639	4.233850054745577	147
7315	2.248015873015873	21
5710	2.9174242424242425	24
5822	3.0972222222222228	13
5946	3.3888888888888893	7
5417	3.736137566137566	66
6761	3.4980158730158735	21
6769	3.0416666666666665	22
5501	1.7839181286549708	88
5602	3.4856846489467346	177
5635	3.538888888888889	13
5943	2.3893939759811973	254
6623	2.8333333333333335	8
7255	2.6643641565153193	102
5096	2.151374269005848	68
5325	3.766886668672383	153
6166	2.3105733082706768	175
6591	3.591859645104516	173
6954	3.717398372867478	226
7005	2.0574874686716793	80
5403	3.0	3
6859	3.6	27
6896	4.290277777777778	29
7560	3.7464261517615176	154
7566	4.000273299343163	160
7619	3.8459328028293545	124
5251	3.983333333333333	12
5437	3.2083333333333335	18
5643	3.842081447963801	55
5783	3.7043650793650795	17
5957	3.326740679824561	311
6963	3.784294871794872	70
6902	4.210575307950728	126
5523	2.267770119743804	102
5678	2.775877192982456	88
5226	3.0549242424242427	51
5548	3.180902777777778	80
5988	2.767857142857143	9
6619	3.2301371635610767	63
6991	3.0008758989489213	68
5353	3.6151515151515152	17
5415	2.8392526455026457	135
5621	2.270432064203061	247
5933	3.0194444444444444	15
6239	3.397708333333333	80
6353	1.9833333333333334	8
6997	3.2563262019783763	69
7008	3.696022727272727	143
7029	3.0940170940170937	38
7030	3.542467948717949	44
7280	1.9791666666666667	19
7417	3.2996031746031744	20
7615	3.420634920634921	15
5882	3.383698527720267	189
6790	3.3370844753672078	101
6079	3.5	2
6295	2.2555555555555555	9
6771	2.3814814814814818	29
6892	2.816666666666667	30
7276	2.6064814814814814	19
5628	3.3762822258533043	93
6642	2.899404761904762	27
6672	3.8834195402298852	70
6864	3.8712962962962965	35
7175	1.9149477682811016	65
7193	2.877281746031746	76
7292	2.1319444444444446	24
7389	2.6555555555555554	27
5529	2.7895030425963485	62
5636	3.1805555555555554	34
6809	3.1622807017543857	33
5284	3.3492063492063493	15
5685	3.3892543859649122	83
6493	2.750648714104486	79
5363	3.000267185362517	94
5416	3.375	10
6882	3.2717261904761905	57
5836	3.3365384615384617	34
5940	2.982638888888889	30
6099	1.5833333333333333	5
6392	3.3111111111111113	17
6624	2.418434343434343	133
6990	3.6874551971326164	71
6995	1.587280701754386	42
7155	3.3962814755494284	206
7227	3.604575163398693	32
7743	3.336501999896109	82
6776	3.7930367504835587	124
6464	2.193055555555555	72
5970	3.360290861792218	277
5379	3.8506021150437064	135
5653	3.5853174603174605	46
6561	3.754166666666667	51
6871	2.8194444444444446	12
7756	4.029761904761905	67
7396	4.13810857228196	108
7197	3.11875	23
5642	3.4791666666666665	31
7122	3.849673202614379	37
6148	3.421875	20
5530	2.726414565826331	173
5604	3.903588312795474	51
5896	3.1997354497354498	26
5929	2.538888888888889	22
6170	3.4516114672364675	111
6250	2.581813576494427	262
6461	3.9718013468013464	181
6823	2.392857142857143	8
7045	3.2879350594227503	157
7208	3.470833333333333	37
5102	2.769287704632532	90
5106	1.6037115339440922	131
5128	2.2407794598581527	210
5134	3.29541794759186	52
5137	3.8057898295434325	65
5153	2.5	7
5163	3.1666666666666665	7
5165	3.8321953781512605	56
5198	3.5604859335038364	50
5204	2.6666666666666665	8
5205	3.4583333333333335	9
5206	1.25	3
5220	2.855216220948046	143
5223	3.0833333333333335	12
5224	3.744444444444444	32
5237	3.453643578643579	75
5255	2.434232026143791	65
5259	3.1875	5
5263	3.444444444444444	7
5264	2.6482371794871793	84
5268	3.4791666666666665	13
5269	3.635345135345135	109
5276	2.408333333333333	11
5285	3.361111111111111	7
5310	1.986111111111111	23
5311	2.920833333333333	14
5383	3.406558641975309	53
5423	3.1823361823361824	33
5443	1.8865740740740742	37
5451	3.4041803784450844	55
5453	3.342592592592593	21
5458	2.2442129629629632	41
5460	2.737398018648019	48
5504	2.1415005785533805	136
5513	2.7083333333333335	17
5516	3.663825757575758	38
5526	3.5057615995115996	50
5532	2.9166666666666665	13
5556	1.9177954292084727	104
5573	2.6067251461988303	74
5584	2.0	48
5585	2.3703703703703702	53
5587	2.093073593073593	23
5592	2.5555555555555554	7
5595	2.714285714285714	12
5606	2.888888888888889	14
5609	1.9835349462365592	95
5649	3.4479166666666665	38
5660	3.608333333333333	13
5670	3.3780303030303034	64
5675	2.0422008547008548	39
5684	3.4069865319865325	32
5713	2.75	3
5715	2.8333333333333335	9
5726	2.8333333333333335	18
5727	2.833333333333333	4
5731	3.335064935064935	23
5732	3.6016476034858385	42
5733	3.083333333333333	13
5734	1.8125	33
5735	1.637609649122807	38
5778	2.3125	8
5779	1.576388888888889	23
5797	3.5062111801242235	61
5824	2.75	16
5850	3.4166666666666665	5
5860	1.5	3
5862	2.783333333333333	10
5867	3.4649572649572646	41
5879	2.7258543494152048	117
5891	2.755820105820106	44
5909	3.7677397910731245	78
5918	1.985754985754986	25
5925	2.4	8
5935	3.392857142857143	16
5960	2.9499999999999997	9
5969	2.434340480831709	80
5973	3.6666666666666665	4
5980	3.4452122954444935	51
6005	2.971249631594459	101
6009	3.305555555555556	8
6012	2.9167808845029244	61
6013	1.802915401497159	98
6025	2.753174603174603	28
6063	3.428846153846154	72
6067	3.2881944444444446	41
6185	3.1006944444444446	54
6219	2.8628352490421456	85
6223	3.2146464646464645	117
6229	3.7708333333333335	18
6245	3.3666666666666667	17
6265	2.5945378151260505	46
6272	3.25	13
6284	1.3263888888888888	12
6304	3.0199430199430197	23
6314	2.924074074074074	20
6325	1.75	26
6379	2.8678022361984628	138
6395	3.3836996336996337	24
6396	2.845238095238095	16
6400	3.8837719298245617	39
6406	3.022222222222222	16
6425	2.4	25
6484	2.692955874534822	102
6486	2.9936507936507937	15
6505	3.375	8
6506	3.6717171717171717	45
6530	3.8130952380952383	106
6536	3.272092490842491	74
6572	2.672222222222222	18
6592	3.3333333333333335	27
6598	3.7473902908685517	47
6602	3.225	17
6614	3.3349867724867726	31
6621	3.125	3
6629	3.297222222222222	45
6631	2.861111111111111	11
6638	3.3979779411764706	32
6641	3.3555555555555556	17
6653	3.1041666666666665	14
6667	3.8888888888888893	50
6685	2.111111111111111	6
6687	2.310800653594771	79
6695	2.3228925353925356	112
6702	2.6600694444444444	54
6703	3.0317460317460316	42
6705	3.3199855699855703	62
6713	3.4498615184099055	83
6734	2.6918402777777777	44
6741	3.314814814814815	15
6742	2.416666666666667	7
6743	3.508994708994709	130
6744	2.2156140350877194	54
6759	2.611111111111111	8
6795	2.2333333333333334	14
6802	3.0370370370370368	13
6804	2.9444444444444446	8
6806	3.375	28
6815	3.1178451178451176	31
6816	3.4345238095238098	45
6839	2.964285714285714	19
6842	3.2083333333333335	15
6858	4.025992063492063	96
6866	3.4	6
6869	3.8115468409586057	59
6884	3.3550877192982456	60
6900	3.257936507936508	18
6930	2.8333333333333335	6
6940	3.641666666666667	11
6946	2.4337425595238096	75
6948	3.251282051282051	34
6958	2.5414874551971325	80
6967	4.0971861471861475	35
6971	3.800524737631185	64
6976	3.2078282828282827	34
7019	2.7658119658119653	24
7048	3.60598223615465	83
7107	3.765567765567766	53
7108	3.384259259259259	16
7110	3.111111111111111	6
7114	3.423015873015873	32
7141	3.530228758169935	37
7170	2.1458333333333335	15
7171	3.500612745098039	49
7202	3.0889610389610387	30
7228	2.461111111111111	93
7250	3.6846405228758172	31
7258	2.938411245505067	78
7266	3.1875	22
7269	2.875	5
7270	3.5833333333333335	6
7278	2.0	7
7282	0.875	12
7304	3.6916666666666664	22
7307	3.051633986928105	38
7313	2.505050505050505	18
7335	4.044424019607844	52
7338	3.8380952380952382	23
7379	2.864402958152958	77
7385	2.652777777777778	17
7402	2.513888888888889	14
7410	3.3222222222222224	24
7418	3.277777777777778	14
7437	3.092147435897436	47
7474	3.791666666666667	17
7492	3.3468614718614718	22
7564	3.979453842940685	56
7636	2.4993421052631577	39
7637	3.375	22
7646	3.2984477124183007	66
7713	3.65	61
7742	3.8834415584415583	29
7753	3.7074074074074073	26
7757	3.521335697399527	138
6918	3.491372053872054	28
7457	2.5555555555555554	12
7299	3.9985249125874125	81
7082	3.537209703876371	51
6210	2.8495370370370368	20
7493	3.781374539439056	55
7486	3.768604784909133	87
5450	3.4656084656084656	41
5461	3.444444444444444	12
5627	3.75	6
5657	3.3222222222222224	14
5875	3.455952380952381	16
6207	2.8333333333333335	9
6222	3.165223665223665	75
6329	3.273076923076923	38
6683	3.757575757575758	27
6886	3.2238756613756614	55
7372	3.033333333333333	40
6244	3.8404558404558404	45
6682	3.361111111111111	15
7223	3.9605208333333333	57
6370	3.7805693342151674	188
6700	2.9007936507936507	16
7450	2.8208333333333333	96
5589	3.293650793650794	16
5745	3.611111111111111	19
5974	3.6455026455026456	25
7089	3.951314484126984	131
7093	3.437728937728938	31
7781	2.8808264835605453	97
5750	2.1166666666666667	9
7826	3.687315952021834	51
7831	3.88741302972802	69
7833	3.8778966131907313	48
7010	3.657754010695187	38
5160	1.912121212121212	22
5306	1.7722222222222224	10
5335	2.8055555555555554	12
5542	2.875	8
5998	2.2718253968253967	17
6500	2.722222222222222	11
6658	2.8582284401336824	87
7120	1.3083333333333333	11
7487	3.30963480963481	52
5428	1.6893939393939394	27
5433	2.9875	35
6120	2.8333333333333335	9
5632	3.7183441440657057	108
5351	3.1916666666666664	11
5637	3.711954711954712	45
5777	3.04375	21
5802	3.285714285714286	16
5825	4.024127832951362	67
5915	2.89375	29
6035	3.865079365079365	25
6051	4.1045673076923075	28
6105	3.2708333333333335	15
6270	3.6571616789008092	99
6308	2.8520833333333333	33
6390	3.722222222222222	11
6421	2.511111111111111	11
6433	4.015395894428153	84
6526	3.5625	24
6660	3.8816161616161615	73
6962	3.638888888888889	6
6981	4.194444444444444	42
6983	3.8468013468013473	35
7066	3.345238095238095	28
7286	2.858333333333333	19
7442	3.135897435897436	35
5700	1.3333333333333333	18
6153	2.143915343915344	28
6375	3.96969696969697	41
7749	3.5469703907203907	50
5610	1.886456628477905	87
6183	3.6766613392629655	94
7085	3.5419934640522874	36
5180	3.147222222222222	15
5244	3.713250930356194	76
5334	2.8520220588235294	36
5689	2.8673076923076923	34
5696	3.160984848484848	38
5961	2.660416666666667	28
6083	3.4	9
6346	2.138095238095238	13
6424	2.636946386946387	48
6517	2.7809802283486498	35
6994	2.809090909090909	26
7006	2.75	11
7308	2.7190476190476187	44
5722	3.543650793650794	21
5858	3.284722222222222	16
5920	2.1666666666666665	3
6081	2.472222222222222	6
6319	2.777777777777778	29
6509	3.9422398589065257	62
6789	3.4086726998491703	50
7562	3.290387426900585	41
6238	2.852039173275655	139
6041	3.7427350427350423	43
6408	3.303703703703704	17
6563	2.2529761904761907	19
5480	2.3959694989106755	91
5240	3.4583333333333335	9
6038	2.75	4
5235	2.920833333333333	17
5366	2.15	12
6039	2.6993558776167474	47
6196	2.787121553602284	91
6466	3.5947209653092003	35
6817	3.4365079365079363	31
5612	3.1042568542568545	48
6775	3.374074074074074	20
5297	3.0226190476190475	39
5307	3.3166666666666664	10
5365	3.1333333333333333	8
5456	1.784722222222222	20
5644	3.291217672413793	62
5841	2.126086956521739	76
5885	3.4583333333333335	9
5901	3.0406746031746033	21
6010	2.4583333333333335	16
6186	2.5749999999999997	31
6931	3.194444444444444	13
5767	3.534656084656085	33
5847	3.5745192307692313	36
5741	3.1388888888888893	13
5725	3.266666666666667	11
6118	3.80954415954416	32
6173	3.6488095238095237	15
6192	3.8400641025641025	30
6495	3.166666666666667	7
6555	2.791666666666667	8
6668	3.9260493827160494	76
6679	3.5764790764790764	48
6692	3.795889295889296	29
7077	2.8166666666666664	8
7241	4.021969696969697	38
7264	3.4583333333333335	7
7488	3.864583333333333	12
7769	2.909722222222222	16
5990	2.6029761904761903	24
6794	1.8549415411173886	171
7480	3.528030303030303	24
5122	3.592156862745098	33
5179	3.375	16
5287	3.5873015873015874	12
5661	2.5	5
6076	3.125	8
6103	2.583333333333333	4
6230	3.379411764705882	33
6610	3.2916666666666665	18
7087	3.720139095139095	78
7095	3.233333333333333	23
7111	3.856060606060606	17
7249	3.45	10
7415	3.6666666666666665	12
7697	3.027777777777778	14
5582	2.635714285714286	64
6178	4.207575757575757	20
6521	2.1875	10
6798	3.197551169590643	47
7211	3.5944444444444446	18
7303	3.7271115409413285	124
7720	3.5533126293995863	93
5515	3.896825396825397	48
5753	2.785714285714286	17
5835	2.979166666666667	7
6257	2.956349206349206	12
5178	1.75	2
5295	2.8333333333333335	8
5361	2.942067736185383	45
5362	3.3000000000000003	9
5424	2.2708333333333335	20
5557	2.1666666666666665	21
5773	2.6904761904761907	16
5996	3.25	14
6060	2.684728622631848	72
6154	2.4623015873015874	17
6334	3.2535612535612537	26
6574	1.1	7
6883	2.956349206349207	40
7262	2.279166666666667	17
5868	3.0992063492063493	12
5109	2.6344627594627594	46
5647	1.658653846153846	37
5662	2.904761904761905	11
5769	3.597222222222222	20
5873	3.3763888888888887	54
6194	3.163888888888889	12
6850	3.160885989010989	57
7237	2.361111111111111	8
7613	3.244047619047619	14
7716	3.3689393939393937	20
6735	2.8555555555555556	20
7059	3.1983065953654184	42
7041	2.5285714285714285	20
5839	3.7492577597840757	42
6454	3.7060185185185186	25
7033	3.2123056118999322	63
7042	3.663814872866597	75
5174	2.7	11
5605	3.5611111111111113	24
5936	3.970238095238095	13
6271	3.9961245706859736	60
7238	3.9416666666666664	65
7759	3.9194444444444443	33
5161	2.6142857142857143	17
6577	1.6666666666666667	25
7014	2.4153846153846152	27
5466	3.23015873015873	12
5614	3.766666666666667	12
5975	3.6435185185185186	21
6163	3.3810876623376624	90
6778	3.486111111111111	9
7079	3.682830459770115	65
5409	3.0370370370370368	13
6722	3.71011396011396	65
5114	3.8949074074074073	40
5169	3.6192307692307693	33
6031	3.2758241758241753	37
6032	3.5571969696969696	29
7080	3.6333333333333333	36
7177	3.7280721003134794	77
7578	3.5	11
7580	3.6203703703703702	19
7832	3.7574496904024763	52
5817	3.359848484848485	32
5355	3.25	10
5888	3.4506222943722946	41
7253	3.0	11
5272	3.6333333333333333	24
5575	3.6666666666666665	5
6442	3.526866515837104	59
7011	3.8555555555555556	54
6326	2.8666666666666667	14
5099	3.225	39
5145	3.71986531986532	30
5159	2.8933699324324325	126
5164	2.7129629629629632	21
5315	2.25	9
5390	3.451388888888889	17
5448	2.3023809523809526	22
5538	2.240073529411765	48
5539	2.1805555555555554	26
5591	2.3000000000000003	19
5596	2.4796296296296294	26
5639	2.5375	17
5640	3.2738095238095237	34
5765	3.475735294117647	34
5807	2.125	4
5958	2.3055555555555554	27
6162	3.027777777777778	52
6169	2.736111111111111	8
6259	3.277777777777778	7
6339	3.8127705627705626	47
6351	2.8095238095238098	16
6453	2.6395202020202024	28
6491	3.0	1
6616	2.8888888888888893	24
6625	2.9666666666666663	25
6670	2.994047619047619	15
6740	1.988888888888889	12
6992	3.240636631513648	61
7071	3.9387362637362635	56
7174	2.1481481481481484	13
7326	2.839646464646464	29
7355	3.341758241758242	32
7770	3.4404761904761902	15
5302	2.388888888888889	8
5547	1.5	2
5845	2.3333333333333335	5
5892	2.0833333333333335	6
6086	2.513888888888889	10
6512	2.083333333333333	4
7133	1.8166666666666667	8
7181	3.732142857142857	16
5200	3.0	2
5207	2.8333333333333335	7
5369	1.8392857142857142	12
5385	3.97458548664944	139
5422	3.530357142857143	23
5467	3.0	2
5518	2.625	3
5549	2.5	7
5652	1.7916666666666667	7
5716	2.5	3
5848	2.888888888888889	7
5972	2.65	6
6029	2.5833333333333335	7
6037	3.4583333333333335	10
6042	3.7306397306397305	23
6090	3.25	5
6115	3.134920634920635	13
6129	2.333333333333333	4
6175	2.25	2
6181	3.577777777777778	21
6234	3.4	15
6423	2.888888888888889	10
6469	2.8666666666666667	13
6474	3.1666666666666665	5
6520	3.1555555555555554	10
6680	3.3138888888888887	16
6903	1.9583333333333335	7
6998	3.2222222222222228	23
7096	4.0645743145743145	50
7131	3.388888888888889	8
7225	3.5563725490196076	33
7489	4.0576923076923075	39
7787	3.259307359307359	28
7068	3.775978407557355	41
7815	3.578125	34
5121	4.101255316941591	65
5489	3.671822543236287	137
5694	2.0783991228070176	50
6008	3.9003314393939394	51
7165	2.7152777777777777	35
6285	3.25	14
7626	2.880952380952381	21
6160	3.336111111111111	15
6152	1.3916666666666666	13
6091	3.35	18
6200	3.1805555555555554	9
6533	3.6984068627450983	63
7061	3.9513888888888893	26
7334	3.384356384356385	33
5227	3.597222222222222	12
5398	3.7763736263736263	30
5410	3.554254807692308	84
5555	2.8652777777777785	22
6167	3.25	4
6366	2.9805555555555556	15
7052	3.027777777777778	9
7053	3.1944444444444446	13
7106	3.4166666666666665	13
7112	3.34375	14
7279	3.0277777777777772	6
7583	3.4916666666666667	10
6762	3.766666666666667	15
6647	3.3125	6
7157	2.7152777777777772	26
7260	3.6698717948717947	50
7490	3.347222222222222	13
6583	3.530092592592593	33
5243	3.038888888888889	17
5119	3.823421676362853	37
6969	3.3407738095238093	18
5762	3.2916666666666665	10
7038	3.4850427350427347	38
6358	3.738162878787879	48
6427	3.17962962962963	20
6964	3.777777777777778	9
7305	2.9405594405594404	25
7708	3.350326797385621	80
5619	3.784722222222222	25
6226	3.618686868686869	24
6403	3.5722222222222224	13
6476	3.4547619047619045	18
6756	3.0773809523809526	19
6843	2.916666666666667	7
6961	3.766666666666667	26
7176	3.444444444444444	18
7328	3.4509615384615384	26
7748	3.9182576539387686	55
6678	3.500126262626263	31
5211	2.4499999999999997	14
6508	3.283333333333333	17
6554	2.517857142857143	23
7620	3.7767676767676766	34
6982	3.9098290598290597	32
5922	2.6666666666666665	7
7194	3.323412698412698	14
5201	2.25	16
5228	3.5833333333333335	5
5552	3.611111111111111	7
5583	2.388888888888889	6
5830	2.9875	28
5983	3.55	17
6097	2.3333333333333335	4
6132	2.9166666666666665	20
6657	3.1666666666666665	3
6746	2.128968253968254	17
6910	3.3083333333333336	15
7024	3.206611362493715	58
7117	2.303908651734739	73
7244	1.3214285714285714	11
7333	3.983333333333333	52
7343	4.0	7
7565	2.8333333333333335	11
6158	2.0610576923076924	32
6782	3.5448343079922027	43
5170	2.5334595959595965	25
5324	2.8154761904761902	55
5462	2.414423076923077	31
5815	2.3469887955182074	43
5880	2.527777777777778	18
6057	2.007936507936508	34
6249	2.443932748538012	68
7148	2.259259259259259	18
7259	1.991512345679012	75
7378	2.0797619047619045	20
7395	3.3928866832092637	83
6462	3.255555555555555	15
5964	2.6222222222222222	10
5966	3.138888888888889	14
6232	3.652777777777778	30
6455	3.341666666666667	16
6706	3.2857142857142856	10
6732	3.2912384716732546	44
7394	3.556637806637806	31
7714	3.5840455840455845	49
5968	3.096825396825397	25
5823	3.4305555555555554	8
6174	1.7916666666666667	7
6525	3.6488095238095237	17
7818	3.1321428571428576	28
5184	2.9154761904761908	16
5332	3.465277777777778	12
6179	3.5416666666666665	8
6523	2.7310789049919486	36
6345	3.131944444444444	47
7707	2.736111111111111	27
7416	3.198412698412698	26
7771	3.8386904761904765	75
6557	2.0287037037037035	18
5664	2.7619047619047614	15
6082	4.104166666666667	25
6247	3.655555555555555	17
6475	2.607142857142857	17
7051	3.2854978354978357	28
7126	3.7055555555555557	32
7198	2.3935185185185186	16
5963	3.7592592592592595	24
5981	3.3318082788671024	41
7069	3.7404408457040037	63
7764	2.577777777777778	20
5157	2.972222222222222	11
5884	2.744444444444445	9
6496	3.25	2
7130	3.444444444444444	16
5258	3.831825037707391	39
6022	3.3666666666666667	25
6492	2.711111111111111	12
6788	2.357142857142857	19
5442	2.3005050505050506	38
5521	2.631944444444444	17
6138	3.25	8
6203	2.9370370370370367	21
6261	3.236111111111111	8
6718	2.9747150997151	26
6844	2.472222222222222	6
7185	2.638888888888889	10
7391	2.9375	7
6161	3.4305555555555554	8
5123	3.5416666666666665	7
5473	3.444444444444444	11
5600	3.1166666666666667	18
5838	3.3083333333333336	10
6412	3.5185185185185186	46
6468	3.25	6
6515	3.7870370370370368	14
6609	3.9084175084175086	30
6644	3.763888888888889	13
6671	3.673160173160173	32
6921	4.029761904761905	14
7043	3.96187417654809	61
7128	3.359722222222222	24
7577	3.9680429864253397	46
6717	3.9037037037037035	15
6357	3.7061781609195403	61
6398	2.9583333333333335	11
5543	1.8838383838383839	19
5717	2.848214285714286	20
5749	3.361111111111111	25
6684	3.7194444444444446	28
6935	4.153846153846154	60
6738	2.6666666666666665	3
7290	3.0625	7
7358	3.916666666666667	5
5168	3.331547619047619	25
5345	2.6166666666666667	8
5917	3.083333333333333	4
6121	3.1111111111111107	9
7054	3.5481000481000478	27
7078	3.84375	36
7222	2.543589743589744	43
7835	3.6651936026936025	36
5607	4.08359133126935	44
7384	3.75	14
6723	3.5361111111111114	35
7118	3.723232323232323	47
7336	2.986111111111111	15
7485	3.7685185185185186	34
5193	3.617857142857143	19
6736	3.5833333333333335	10
5454	2.4391025641025643	25
6840	3.798611111111111	26
5427	2.8531746031746033	17
5372	3.7886904761904763	19
6237	3.7876984126984126	40
6752	2.375	12
5117	3.0185185185185186	12
5546	1.4650793650793652	15
6849	3.6306818181818183	29
7296	2.0	1
6480	3.3020833333333335	24
5691	2.5381410256410253	68
6568	3.2300925925925927	22
5238	3.808913308913309	26
5340	3.722222222222222	8
6241	3.717857142857143	16
6562	3.5	8
6066	3.5	20
5248	2.094642857142857	32
7702	3.4543269230769234	39
6851	3.6079545454545454	15
6928	2.6666666666666665	5
6601	3.0	9
5671	2.777777777777778	5
5770	3.202777777777778	12
7049	3.4958333333333336	15
5721	3.3858585858585855	22
7456	3.8518518518518516	24
5531	3.185185185185185	21
6061	2.1944444444444446	8
6202	3.4801587301587307	22
7351	3.149206349206349	15
5381	3.097222222222222	14
6422	3.539473684210526	43
5260	3.625	3
5827	2.5416666666666665	9
5861	3.416666666666667	4
6191	4.0	5
6248	3.5654761904761902	12
6402	2.333333333333333	4
6599	3.772222222222222	24
6822	2.9166666666666665	6
6846	3.0	1
7204	2.1964285714285716	19
7242	2.8333333333333335	5
7288	3.7083333333333335	9
7341	3.3333333333333335	8
7401	2.6666666666666665	7
7571	3.25	20
7622	4.083333333333333	4
7067	3.6765456765456768	56
5457	3.25	4
7056	3.7375925925925926	88
6184	3.5506969334926324	88
5392	3.329166666666667	23
6988	3.094444444444445	33
7214	3.1666666666666665	7
7455	3.1666666666666665	7
7310	2.6524483970136146	46
5167	3.583333333333333	10
6911	3.4277777777777776	14
7240	2.0833333333333335	7
5852	1.9791666666666667	19
6217	3.4047619047619047	18
6419	3.625	11
7342	2.8944444444444444	10
5907	3.9166666666666665	11
5373	3.797755257709491	49
6064	3.6861111111111113	26
5913	3.125	9
6551	2.347222222222222	19
7186	3.0416666666666665	7
6560	2.0	6
5337	2.861111111111111	23
6391	3.5	4
7021	2.8166666666666664	15
5869	3.172222222222222	14
6139	2.7916666666666665	11
6715	2.3333333333333335	7
5947	3.5225468975468974	30
6854	3.6388888888888893	14
7704	2.2207125603864735	43
5199	3.1620879120879124	24
5289	3.888888888888889	19
5488	3.4904761904761905	13
5603	3.9113636363636366	61
5986	4.166666666666667	14
6072	3.577777777777778	13
6127	3.111111111111111	7
6452	3.6671717171717173	33
7479	3.538888888888889	12
6324	2.625	9
6597	3.2148148148148152	23
7205	3.1875	21
7491	3.1805555555555554	17
5948	3.0625	6
5866	2.9166666666666665	6
5376	2.375	10
6527	3.611111111111111	9
7302	3.7194444444444446	27
5919	3.3333333333333335	6
5561	3.090277777777778	13
6084	2.884920634920635	14
6430	3.1944444444444446	23
6814	2.361111111111111	14
6906	2.875	4
7047	3.158333333333333	28
7179	3.3541666666666665	23
6630	3.8055555555555554	21
6895	3.483333333333333	12
5801	3.3896103896103895	40
5104	3.5833333333333335	9
6146	3.4444444444444446	5
6182	3.444444444444444	18
6394	3.802564102564103	31
7016	2.1525812639221185	73
5314	3.361111111111111	21
5703	2.8194444444444446	8
7119	3.1919642857142856	19
7388	3.0416666666666665	11
5173	2.861111111111111	7
6588	3.8166666666666664	11
6781	3.25	8
5932	3.9731968810916185	59
6126	3.9578962703962706	32
5985	2.847222222222222	11
6416	3.3198412698412696	18
6457	3.3741883116883113	26
5641	4.5	2
6047	3.4722222222222223	25
6459	3.341666666666667	19
7221	3.6944444444444446	15
7585	3.2555555555555555	20
5499	2.9166666666666665	27
5648	1.8406084656084658	35
5738	1.892857142857143	25
6371	1.0294588744588744	69
5615	3.0972222222222228	9
5125	3.0965608465608465	30
5141	2.73015873015873	16
5158	3.6166666666666667	8
5593	3.2083333333333335	10
5601	3.775	23
5195	1.7936507936507937	15
5746	2.3472222222222223	8
5754	2.3119047619047617	19
5413	3.03125	15
7650	3.837820512820513	28
6053	3.0555555555555554	7
6347	3.4166666666666665	6
5216	3.5722222222222224	12
5331	2.0555555555555554	12
6094	3.4583333333333335	18
6415	3.791666666666667	8
7109	2.785714285714286	14
7134	3.660714285714286	22
5740	2.131944444444444	16
7789	3.1979166666666665	27
6458	3.5833333333333335	12
6821	2.572916666666667	14
5408	3.0	1
6540	3.5857142857142854	15
7037	3.6932234432234434	33
6011	2.642857142857143	11
6488	2.9095238095238094	34
6450	3.57020757020757	32
6477	3.8292929292929294	19
6749	3.380952380952381	22
5736	2.0996503496503496	26
5737	1.9791666666666667	24
5739	1.5018315018315018	27
6092	2.488888888888889	17
5399	3.1154761904761905	16
5760	2.5	15
5771	2.9583333333333335	14
6516	3.7622549019607843	37
6728	3.277777777777778	7
7207	2.95	10
6114	3.0416666666666665	17
6135	2.777777777777778	13
7097	2.7916666666666665	7
5394	3.0833333333333335	16
5406	3.3388888888888886	12
5491	2.722222222222222	5
5550	2.3214285714285716	10
5554	2.388888888888889	5
6260	3.2923280423280423	18
6355	3.527777777777778	8
6411	3.0625	5
6431	2.354166666666667	7
7822	3.0317460317460316	15
6446	3.2878787878787876	26
7645	2.652777777777778	9
5493	3.1763392857142856	20
5202	3.9375	12
6116	3.236111111111111	9
7015	3.1333333333333333	25
7200	2.8333333333333335	7
7406	3.025	7
5910	2.888888888888889	10
7195	3.660714285714286	27
6651	2.3194444444444446	12
5655	2.95	10
6240	3.5555555555555554	7
6829	2.5595238095238098	10
7191	2.1444444444444444	13
7230	2.9375	12
7251	3.111111111111111	5
7353	2.2702020202020203	20
5911	2.9166666666666665	10
6036	3.1166666666666667	9
7026	3.0912590579710146	44
5196	3.8055555555555554	11
5278	2.6666666666666665	6
7574	3.9166666666666665	14
6924	3.714285714285714	13
5688	3.6999999999999997	8
6198	3.4166666666666665	7
6417	2.6999999999999997	13
6030	2.75	6
6172	2.1666666666666665	11
7252	2.0416666666666665	6
7281	1.761111111111111	13
6089	2.083333333333333	5
5719	2.25	4
5711	3.527777777777778	6
6043	3.5	1
5221	3.4194444444444443	12
5197	2.666666666666667	12
5241	3.598148148148148	24
5581	3.533333333333333	10
5776	3.375	4
6124	3.25	7
7035	3.2159090909090913	28
5813	2.8055555555555554	16
6321	3.5	1
6980	4.166666666666667	16
5249	2.6666666666666665	6
5371	2.9375	5
5743	3.0083333333333333	11
5855	2.375	12
5939	2.11038961038961	19
6017	3.1666666666666665	8
6317	3.125	4
6524	3.8063492063492057	15
6805	3.517857142857143	17
7031	2.628042328042328	21
7331	3.448412698412698	16
5517	3.3055555555555554	11
6914	1.8888888888888886	5
7483	3.9583333333333335	6
7783	3.625	3
6055	3.25	8
5465	3.417824074074074	31
5509	3.3000000000000003	13
6801	3.75	13
6837	3.8603174603174604	18
6147	3.4166666666666665	5
6518	2.7238095238095235	22
7814	3.4	12
7002	3.422222222222222	11
5190	2.625	3
5687	3.483333333333333	11
6571	3.9308261183261184	40
6757	2.853968253968254	15
7183	2.8625	9
7229	2.625	10
7784	2.4166666666666665	13
5112	3.7180555555555554	16
5709	2.6166666666666667	8
6384	3.0625	6
6605	3.0	6
6701	3.230952380952381	23
7337	2.65	10
5231	3.3630952380952386	13
5599	3.8333333333333335	12
6236	3.4444444444444446	8
6939	3.6666666666666665	19
6190	3.1805555555555554	9
5908	2.0666666666666664	8
6861	3.277777777777778	8
5113	2.527777777777778	6
5368	3.7986111111111107	20
5560	3.8041666666666667	23
6109	2.9583333333333335	10
6258	3.3958333333333335	14
6439	3.8333333333333335	11
7188	2.5722222222222224	12
7739	2.625	8
6119	3.711111111111111	13
5916	4.031746031746032	14
6699	2.961904761904762	15
5842	2.9166666666666665	7
6876	3.011111111111111	10
6111	3.2291666666666665	13
6926	3.4325396825396823	22
5321	3.375	8
6972	2.8333333333333335	5
6050	2.708333333333333	7
6133	3.5833333333333335	9
7699	3.3333333333333335	5
6481	3.2416666666666667	14
5520	3.75	2
6397	3.0833333333333335	4
7758	3.4444444444444446	9
6256	3.1875	6
6590	3.0	3
6487	3.222222222222222	9
6328	2.9583333333333335	7
6531	3.472222222222222	15
5116	3.3333333333333335	7
5149	2.25	3
5232	3.1833333333333336	11
5233	3.5611111111111113	10
5384	3.736111111111111	10
5393	3.25	3
5659	3.666666666666667	5
6739	2.5833333333333335	6
7407	2.9166666666666665	4
7582	3.388888888888889	6
7772	3.583333333333333	4
5097	2.8333333333333335	5
5115	2.75	6
5118	3.5416666666666665	18
5375	3.5698412698412696	15
5439	2.9444444444444446	8
5658	2.2142857142857144	8
5708	2.2916666666666665	7
5723	2.892857142857143	13
5977	3.9583333333333335	7
6205	3.25	2
6532	1.4166666666666667	6
6747	3.3958333333333335	13
7081	3.5625	16
7213	3.125	7
7638	3.527777777777778	8
7272	3.2731481481481484	19
6113	3.7083333333333335	7
6388	3.4166666666666665	10
6045	3.861111111111111	11
6164	3.583333333333333	7
5274	1.625	7
7166	1.875	4
6923	3.611111111111111	13
6410	2.9425925925925926	18
5275	3.011111111111111	13
6716	2.75	4
7168	3.0555555555555554	14
5305	2.5625	23
6201	3.552849927849928	30
5210	1.9166666666666667	14
6352	2.15	12
5705	2.486111111111111	47
5764	2.805555555555556	18
6348	2.152910052910053	21
6949	3.4583333333333335	17
5514	2.6666666666666665	7
5300	3.9379545454545455	133
5396	2.638888888888889	11
6404	3.222222222222222	18
6420	3.5	3
6445	3.0	5
6556	3.638888888888889	6
6637	2.766666666666666	17
7127	2.4166666666666665	8
5436	3.8249999999999997	11
6054	2.675	7
6096	2.416666666666667	7
5832	2.25	14
5631	2.3333333333333335	4
5889	3.766666666666667	14
7824	4.0	1
5794	3.8333333333333335	13
5290	3.494444444444445	10
5953	2.111111111111111	8
6456	2.8333333333333335	6
7239	2.8000000000000003	8
7248	2.9444444444444446	11
7295	3.361111111111111	8
6569	2.3737373737373737	20
5834	3.1666666666666665	8
7398	3.527777777777778	6
5821	3.6666666666666665	12
5495	2.777777777777778	9
5471	2.125	9
7283	2.6166666666666667	8
7625	3.3666666666666667	9
5217	2.638888888888889	10
6088	2.611111111111111	7
6628	2.1822916666666665	16
5256	3.6833333333333336	11
5328	3.222222222222222	6
5503	3.8222222222222224	23
5626	3.6666666666666665	3
6336	3.25	4
7785	3.783333333333333	18
5253	2.416666666666667	5
6407	3.6666666666666665	6
7032	3.2458333333333336	15
5781	3.4444444444444446	12
7727	2.7083333333333335	9
5359	3.3111111111111113	13
5131	3.25	10
5273	2.59375	10
5455	2.6875	6
5512	3.2222222222222228	5
5534	2.5	2
5742	3.6875	5
6544	3.0833333333333335	9
7231	3.083333333333333	5
7172	3.358333333333333	15
5984	3.0555555555555554	13
5898	2.6333333333333333	12
5129	2.138888888888889	6
5846	2.611111111111111	6
6369	1.4166666666666667	5
6600	3.2916666666666665	8
7461	2.9583333333333335	8
5720	2.6666666666666665	5
5656	2.75	4
5714	3.25	6
5730	1.5643939393939394	20
6221	3.25	4
6472	3.3333333333333335	4
5342	2.9499999999999997	11
5344	2.75	3
5729	1.8944444444444442	15
5930	3.4444444444444446	6
6349	2.9007936507936507	15
6233	2.6944444444444446	15
6312	3.0	3
6393	3.25	2
6065	3.422222222222222	10
6648	2.6666666666666665	4
6033	3.4444444444444446	7
5140	1.9898989898989896	23
5759	3.0833333333333335	6
6087	3.055555555555556	8
5215	3.2916666666666665	7
7405	3.211111111111111	11
6965	3.6458333333333335	12
6438	3.5	6
5277	1.875	6
7563	3.576190476190476	13
6766	1.0	2
5622	3.9166666666666665	4
6386	3.597222222222222	8
6049	2.5833333333333335	4
5143	3.5833333333333335	6
7274	2.944444444444444	7
6510	2.922222222222222	11
6877	2.25	2
7146	2.0	1
7413	1.9166666666666667	6
7648	2.8055555555555554	7
5148	2.375	3
5175	3.416666666666667	7
5185	2.2291666666666665	7
5208	3.6	15
5234	3.75	10
5281	1.75	3
5336	2.888888888888889	8
5343	2.25	6
5358	3.548611111111111	16
5360	3.0	9
5412	2.2083333333333335	7
5441	2.125	4
5469	2.416666666666667	8
5487	2.2222222222222223	7
5490	2.375	7
5697	1.925	7
5702	2.0	2
5718	2.3	8
5774	2.1666666666666665	11
5864	1.9517857142857142	20
5921	2.3125	8
5928	2.935185185185185	14
6074	2.5	4
6110	2.75	6
6131	2.875	3
6137	2.6666666666666665	4
6168	1.8444444444444443	11
6180	3.388888888888889	9
6246	3.0555555555555554	9
6274	1.625	4
6310	2.875	4
6313	3.111111111111111	7
6318	2.986111111111111	12
6447	2.766666666666666	11
6471	3.5	8
6498	3.3555555555555556	14
6528	3.456349206349206	17
6575	2.638888888888889	9
6585	2.6666666666666665	5
6834	2.9333333333333336	9
6841	3.0416666666666665	8
6845	3.208333333333333	5
6848	2.305555555555556	14
6907	2.9166666666666665	8
7273	2.625	5
7275	2.5416666666666665	8
7284	2.983333333333333	11
7392	2.5873015873015874	11
7724	1.8888888888888886	7
7828	3.083333333333333	5
6068	3.1666666666666665	5
7012	3.265608465608466	21
5150	3.5833333333333335	4
6511	3.6833333333333336	11
6204	2.4111111111111114	22
5194	4.833333333333333	4
6570	2.8666666666666667	8
5162	2.0	5
5203	2.8055555555555554	6
5755	1.7857142857142858	10
5978	3.4166666666666665	11
7187	2.125	6
6026	3.4444444444444446	6
6098	4.416666666666667	4
6311	2.92962962962963	17
6034	2.5	4
6432	3.388888888888889	7
6825	2.75	2
6826	2.9305555555555554	9
7675	3.138888888888889	8
6224	3.6666666666666665	3
7184	3.611111111111111	5
5133	3.0833333333333335	4
5786	3.8333333333333335	4
7761	3.2083333333333335	7
7703	1.6666666666666667	9
5155	2.9166666666666665	7
5468	3.1958333333333337	11
5724	1.575	9
6704	3.472222222222222	11
6855	3.641666666666667	11
7287	2.6666666666666665	4
5558	2.433333333333333	8
5634	2.875	3
6102	2.9166666666666665	4
6128	2.9166666666666665	4
6608	3.0	3
6917	4.25	2
7083	3.75	2
7100	3.0	7
7192	3.1203703703703702	18
7271	2.75	2
7393	2.5416666666666665	8
7752	4.0	1
6824	3.2916666666666665	11
7220	3.198412698412698	11
7775	3.2638888888888893	23
5370	1.7333333333333334	8
7129	4.75	2
6150	3.0	4
5270	1.5	4
5482	1.7791666666666668	17
5484	3.2261904761904763	15
6276	3.233333333333333	16
6853	1.1444444444444446	9
6937	2.0	3
6024	2.1666666666666665	12
6689	2.5833333333333335	9
7390	2.6875	6
7267	2.9270833333333335	19
7730	3.3174603174603177	12
5580	2.1666666666666665	8
5386	1.5666666666666667	7
5789	2.1666666666666665	10
6117	2.0	2
6149	2.138888888888889	6
6673	2.638888888888889	12
6674	2.0	3
7159	3.6666666666666665	5
7821	3.4166666666666665	10
7719	3.125	9
7189	1.9444444444444446	11
5931	3.1111111111111107	8
6819	2.5833333333333335	7
6968	2.5611111111111113	13
6473	3.388888888888889	6
5819	3.3333333333333335	6
5327	2.25	7
5624	2.9166666666666665	9
6211	3.1458333333333335	16
6905	2.4166666666666665	8
6070	3.111111111111111	12
6000	3.3333333333333335	7
5245	3.3888888888888893	6
5856	3.3253968253968256	11
5798	3.166666666666667	4
6479	3.1666666666666665	7
6745	2.125	4
6737	2.333333333333333	7
5676	2.5	1
6277	3.8125	5
6830	3.388888888888889	9
6912	3.25	8
7277	2.5	3
5510	2.888888888888889	6
7621	3.375	4
7639	2.1666666666666665	5
7521	3.0527777777777776	16
6835	2.970238095238095	12
5906	3.25	4
6649	3.2777777777777772	9
5318	3.7129629629629632	12
5374	1.6666666666666667	10
5239	2.944444444444444	8
6933	3.5	2
5252	3.416666666666667	4
5559	3.0	2
7298	1.9166666666666667	5
6578	3.5416666666666665	8
5229	3.25	5
6007	4.0	1
5320	1.5	1
6080	2.0476190476190474	11
6095	2.625	5
7411	2.375	13
7738	3.5	1
5212	2.1777777777777776	23
7224	3.25	4
6075	3.875	8
5474	2.208333333333333	5
6865	3.5	2
7359	2.2916666666666665	6
5156	3.1944444444444446	8
6694	3.75	2
5695	3.166666666666667	5
6044	2.0	8
6376	3.9	11
5271	1.75	2
5537	3.333333333333333	4
6681	3.375	12
6891	3.0	1
5322	3.5	2
5590	3.0888888888888886	13
5317	2.333333333333333	4
7370	3.0	3
5849	4.75	3
5976	2.75	5
6071	3.75	3
6733	2.861111111111111	6
5130	3.4166666666666665	4
6688	3.527777777777778	7
5262	3.0	6
5551	2.8333333333333335	9
6913	3.4166666666666665	7
5326	1.8333333333333333	7
6489	3.75	2
5865	4.125	3
6267	3.027777777777778	8
6073	3.1166666666666667	8
5887	2.107142857142857	8
5494	3.7916666666666665	7
5924	3.388888888888889	5
6151	3.7638888888888893	8
6925	3.1916666666666664	11
5411	2.8333333333333335	3
5176	2.138888888888889	6
6227	2.1666666666666665	4
6209	2.0	2
6145	2.5555555555555554	8
6018	3.25	2
5350	3.0	3
5166	3.75	4
6513	3.65	10
7309	3.466666666666667	11
5744	3.4166666666666665	5
6799	2.95	6
5261	2.0	2
6307	3.0833333333333335	4
6654	3.1666666666666665	4
5236	3.3333333333333335	7
6004	2.6666666666666665	5
7113	2.722222222222222	8
7754	3.0	2
6381	3.0833333333333335	4
5347	2.3333333333333335	5
5183	2.541666666666667	8
5982	2.625	3
6048	3.4444444444444446	5
6465	3.25	5
7357	3.125	9
5189	2.611111111111111	9
5567	1.7083333333333333	6
6894	2.3	6
5761	1.5	4
6719	2.3333333333333335	7
6622	3.6666666666666665	3
5751	4.0	6
6899	2.875	7
6655	3.013888888888889	8
5562	2.5	3
6675	4.0	2
6938	3.166666666666667	10
7057	3.208333333333333	25
5432	2.0625	11
5728	3.375	10
6177	2.6666666666666665	3
5706	1.4583333333333333	7
5831	2.5	2
6340	2.916666666666667	4
5132	3.0	1
5758	1.5	1
6878	2.5	2
6901	1.8125	6
6142	0.9166666666666667	4
7140	4.25	2
6546	4.875	3
7446	1.7589285714285714	11
7408	2.9833333333333334	8
5837	1.6666666666666665	4
7291	3.25	5
5851	2.3333333333333335	3
6108	3.5	4
6302	2.2857142857142856	7
6613	2.833333333333333	10
7180	2.1875	5
7196	2.607142857142857	9
5100	2.75	4
6529	3.0	5
7152	3.0	8
5586	3.125	5
5748	3.8333333333333335	3
5904	3.5	1
6919	2.95	6
5897	2.125	3
7332	2.9107142857142856	13
5654	2.875	8
5698	3.125	3
5795	3.1666666666666665	6
5806	3.2	6
5967	1.875	3
6015	2.5	2
6085	1.5	1
6443	3.2	5
6499	3.9375	7
6604	3.375	12
6677	3.0	1
6956	3.291666666666667	5
7751	3.0	3
7768	2.8125	6
6916	3.0166666666666666	8
7232	3.803571428571429	9
7329	2.9375	5
7627	2.0	1
5126	1.1666666666666665	4
5154	0.875	4
5182	2.875	3
5188	2.75	2
5209	4.4	5
5286	1.75	3
5338	3.25	3
5405	3.3333333333333335	3
5492	2.5	4
5545	1.5	4
5576	0.5	1
5756	2.3333333333333335	4
5857	1.5	5
5894	0.5	1
5979	3.35	6
6028	1.8125	5
6656	2.8125	6
6908	1.95	9
7330	3.5	4
7356	5.0	1
7403	1.875	8
7443	2.875	4
5407	4.0	2
7339	4.0	1
7344	3.75	4
6019	2.6875	6
6275	3.25	2
5886	4.0	1
5181	3.025	7
6698	2.0	3
7145	3.0	1
6255	2.6875	6
5511	2.5	9
6607	3.75	4
6729	3.375	7
6929	2.5	1
6836	1.75	4
6112	2.5	1
5793	1.25	2
5242	2.75	2
6661	3.25	2
6833	3.5	4
6449	3.333333333333333	5
6553	2.5	3
5775	3.3125	6
7182	3.283333333333333	8
5533	4.5	1
5144	3.166666666666667	4
7825	3.0	1
6490	3.333333333333333	4
6507	2.625	3
7397	3.125	4
5645	3.125	3
7813	2.9166666666666665	6
6292	3.875	4
5430	3.875	3
6693	3.25	2
6626	2.75	6
5766	2.625	3
7233	1.5	1
6414	3.375	3
6767	1.0	1
5844	3.5	4
6697	3.0	1
6960	3.75	4
7246	2.5	5
7447	3.5	1
5426	3.416666666666667	8
6632	2.5	2
7412	2.75	2
5519	2.3125	6
5186	2.3333333333333335	3
5402	4.0	1
5535	3.25	3
6171	3.25	3
6278	3.625	4
6309	2.75	3
6915	2.0	1
7268	2.1666666666666665	3
7350	1.75	2
7808	2.25	2
5863	2.875	3
7404	2.5	1
7816	2.0	1
6514	1.5	2
7144	4.5	1
7245	2.5	2
6726	4.0	1
5805	0.5	1
7765	4.0	1
6343	4.0	1
5098	2.5	1
5124	3.0	4
5571	3.166666666666667	4
5811	4.0	2
5997	4.0	3
6046	3.0	2
6052	3.0	3
6069	2.5	2
6134	3.0	3
6136	2.0	1
6354	4.0	1
6640	2.5	1
7098	4.0	1
7537	2.5	1
6494	3.5	2
6463	3.875	3
5280	3.333333333333333	4
6691	3.75	2
7541	2.9245283018867925	57
7420	2.9482758620689653	29
7138	3.4	5
6504	2.0	1
5616	3.5	1
5757	2.5	1
6627	2.1666666666666665	3
7623	5.0	1
6262	2.75	2
6594	2.25	2
5895	3.25	2
6589	3.0	1
7441	1.5	1
5623	2.5	1
5870	3.0	1
6955	2.8	5
7477	2.625	4
5138	2.0	1
7322	2.5	1
6712	2.0	1
7409	2.5	1
6606	1.0	1
6106	3.5	1
7105	4.0	1
7568	3.5	1
7400	3.0	1
6634	2.0	1