26131	4.068817678424939	323
38061	3.9919284652088325	1612
44761	3.964863373438277	627
8361	2.8170912333222513	1288
8368	3.6338917586012363	2769
8376	3.404129494981047	1682
8665	3.8436746886166415	2925
8784	3.842747871617337	2210
8949	3.5448907508037317	1883
27808	3.5329818616585427	512
30707	3.8723019463716564	2266
30793	3.4211399216574203	2255
30810	3.6292463674592845	1246
32294	3.4166666666666665	4
33166	3.926176769996695	2894
33679	3.3192119575830357	1901
34162	3.3433977663967682	2320
39183	3.73719780196691	2144
40815	3.652346923758435	3002
43923	2.5946969696969697	31
44191	3.8497653928701174	4327
44195	3.765173635264632	2491
7842	3.7575282595307624	305
8327	3.80687185443283	106
8360	3.6415474386387015	3544
8370	3.8944260241674034	375
8636	3.3549806939221454	3695
32587	3.898483947987327	4271
33794	3.8895119275701466	4986
34405	3.9833292743740505	2054
40629	3.709763983186405	1081
44665	3.890322704777492	1817
41285	3.7319190181976536	1293
45447	3.0715427928330454	1900
45720	3.3551256876781332	1105
7933	3.492307692307692	36
7934	3.835865871396004	228
7943	3.819985775248933	115
7983	3.981299603174603	129
8042	3.7879494418483906	294
8125	3.874873991935484	96
8154	3.8472216789234865	270
8198	4.0625	13
8199	3.996387520525452	97
8228	4.0291874955366715	509
8235	3.8363408521303257	70
8239	4.017069735819736	91
8275	3.777777777777778	23
8336	4.030753968253968	21
8387	1.8670983086680761	246
8507	3.645709682474388	220
8511	4.016534391534392	20
8542	3.903788824766855	176
8596	3.5966371494834495	190
8601	3.861607142857143	22
8620	4.107762686285606	80
8622	3.5196094832917493	1902
8670	4.017219973009447	70
8734	2.777777777777778	8
8980	3.236111111111111	14
25769	3.8888091331692642	96
25777	3.896062913243839	110
25788	3.684632566069906	282
25927	3.710714285714286	78
25938	3.4425964425964426	84
25940	3.7961111111111108	101
26242	3.790402268808921	385
26391	3.265873015873016	37
30812	3.497624107296979	1344
32291	3.2672748447204967	175
32316	3.378787878787879	21
33312	3.8098290598290596	106
33493	3.4378084300523613	3476
37741	3.7228318052444944	1433
37830	3.725785330473485	490
39292	3.6899837344355375	1497
41997	3.7357069946253887	1925
44694	3.982261246173917	791
44972	2.3081349206349207	468
45210	3.5564346747562476	729
46967	3.5504528175313057	318
48516	4.087516396052484	4089
38038	3.754461376244133	1607
32029	3.26573912734627	339
33437	3.5959503019918095	438
39052	3.2560574229691874	227
45431	3.5129286388608905	837
45722	3.4653412184547694	3374
8340	3.846437553674396	563
8464	3.6141605799330003	1970
8575	3.6118233618233617	41
8581	3.761656746031746	171
8798	3.5060846597362443	1758
8874	3.8472520305237006	2386
8914	3.8771701628441795	425
27721	3.7389111678211204	501
27831	3.83597480620155	752
33660	3.9169568033423525	1355
39427	3.465150874515304	209
40278	3.5353544309417164	1242
41569	3.1782731194361205	2365
42718	4.0125	278
44199	3.855571976126677	1923
45499	3.3691976601626945	2423
46530	3.167115138645875	1555
7925	4.03803228021978	215
8879	3.6663569273863392	199
26662	3.793290028470262	654
26776	3.848332602018429	402
27731	3.670359484155108	208
31658	4.021290633139573	1302
31923	3.6268861304684474	178
41566	3.462847725375945	2600
8958	3.7304179090677945	976
8970	3.8098615643017033	1702
31101	3.467043740573152	75
34153	3.865307092627522	358
37733	3.685850660048198	1405
38886	3.8195464257964256	686
41571	3.5820817805757565	738
42002	3.1394307608100704	329
42011	2.942003082795068	553
42418	2.7154804451686974	420
45186	3.332401980748655	1231
45440	3.1754267238138207	209
45442	2.7466063348416294	326
27878	3.9238839482855843	248
46578	4.013278215366748	3536
7981	4.0282591889813775	443
8014	3.9781312656641603	355
8501	3.6421345811051693	156
8641	3.4158227630066476	1043
8795	3.375033738191633	37
8917	3.2138564851121294	1163
8950	3.902719511087051	1216
8957	3.6026402160463524	1468
8983	3.927717036472195	1101
26585	3.5531130268199234	105
27317	3.6766841685089657	299
27410	3.8889599666085948	208
27592	3.6251332073509612	363
27773	4.170397083915478	1269
27801	3.600323462718421	332
27822	2.424398042045101	168
31878	3.8794788802069244	1098
33834	3.2221189029210917	368
36517	3.8126895841605744	1320
36529	3.832068308696677	1722
37545	3.701221001221001	44
40723	3.166324476650564	203
47044	3.315479863273981	580
8965	3.0734690867735424	363
9005	3.067612942612943	46
27660	3.7275387283455075	998
31660	3.4303774928774926	170
32031	3.3278775442523734	443
33004	3.218288712973625	1646
36401	2.9826357231610876	687
37386	2.7961273977733527	692
37857	3.4358474877630423	352
42738	3.1165077165144623	670
43928	2.364491884853876	414
49272	3.88729122602811	3863
8117	3.7608178053830232	64
8207	3.7967782156193697	305
8253	3.6414432776938	173
8334	3.538888888888889	44
8369	3.136988551051051	177
8492	3.880051376428188	163
8810	2.6877144607843135	815
8984	3.3146435784721398	1426
26171	3.8435954816709295	94
26840	3.879838848709405	161
26939	3.978817401960784	125
27846	3.920486171824911	401
31086	3.297222222222222	20
31420	3.059790607439122	287
31696	3.324965511785052	1075
31705	3.734375	19
32179	3.950965376403973	93
34048	3.152418704151674	1987
34319	3.326112102315089	1238
34332	3.2307050707093516	309
37382	2.9975436328377505	389
37853	2.937979552901165	159
40819	3.7827192790087145	2353
40959	2.815297458389564	241
41863	3.7912409420289856	362
8132	3.9193552149898543	853
8366	3.7346153846153847	475
8528	3.2503344634901716	1256
8529	3.4133333556458734	1277
8531	2.2422664818660856	270
8644	3.3944315139546903	2180
8807	3.405924256664388	786
8831	2.6887765419615772	76
8835	3.107487922705314	44
8861	2.933347094715629	556
8937	3.616965688300951	277
8939	3.121930980887741	141
8985	2.9408334879288205	534
27608	3.1443982846421874	88
27689	3.03001628001628	52
27788	3.5777918292350965	326
27790	3.588789682539683	289
27816	3.6189454795250313	116
30749	4.042194784419278	2195
31427	3.0642401440233624	244
31698	1.4465718132683745	143
31804	3.6616109380815263	448
31952	3.916208791208791	111
33154	3.828658593838799	384
33162	3.57926251247015	661
33903	3.80613812206475	276
34143	2.9841456319369852	236
34323	3.29599324975892	222
34338	3.0930467215157704	507
34534	3.3172259497263217	308
35836	3.495647771348155	2727
36509	2.493343974865714	132
36519	3.305130835111368	449
36531	2.2836963383838382	37
36535	3.635004651344788	510
36708	3.7514726789630184	595
37240	4.069933140484672	369
37729	3.5986848382261014	1370
39381	3.195961304368182	392
39398	2.996538662486939	48
39444	3.223843486331029	490
39446	3.1511004722696683	855
40732	3.6109287476305103	586
41716	3.4043688655905253	557
42721	1.509143942477276	161
42723	2.8390625000000003	561
43921	3.6303612125003486	259
44004	2.664645667002558	376
44197	3.3843454790823215	142
44397	2.838778442411447	357
44731	2.708112874779541	62
44828	3.3132709224040493	280
44974	3.6316395213786024	515
45081	2.8958146765930133	451
45382	3.224442918192918	112
45852	2.2331349206349205	48
46572	3.228448275862069	73
46948	3.3165463025621493	396
46970	2.8607199116271698	923
48322	2.9164641637514577	445
7844	3.7939484126984127	83
8130	3.24563492063492	52
8961	3.8781348949604957	4756
27020	3.2828269445916503	181
30850	3.3292806484295845	158
31410	4.106231660861397	1019
48518	2.2302494413343465	181
48877	3.0120386981985323	491
32017	2.0965805946791862	167
8196	3.323873409012728	42
8610	3.4726394149144575	126
8614	3.2377799736495385	132
8781	3.3739612103058834	519
8870	2.742752100840336	262
26152	2.982913536603329	257
26686	2.1261574074074074	64
26870	2.2754543363239015	132
27904	3.7146163232836047	1001
32213	3.0944493006993006	189
34164	3.3751054366996396	98
40339	2.9953448728035665	365
40851	2.9884788634788633	208
42734	3.2879387763821244	283
43869	2.692941337719298	115
44225	2.5681605975723625	62
45517	3.5005614896872066	1420
8873	3.9638188360560913	948
27416	3.602191091954023	133
27850	3.339923469387755	92
33830	2.5473803589930273	134
38798	3.311156798245614	428
8128	3.929637046696473	154
27815	4.023237753882915	261
30848	3.828870344999377	142
34542	3.7106929954003647	521
40583	3.606875990047239	1305
43396	3.9115472667101354	516
45028	3.195309644814984	367
45950	3.7323466628013655	1110
48385	3.5535426446276372	2836
48783	3.528786803596198	487
26606	3.671207495210728	137
31694	3.2686985320443966	187
8372	2.1156145171318688	249
45208	2.7726805111288817	192
45726	2.861221641766755	350
46337	2.3721504862107445	105
49274	3.2158953644598074	533
49278	3.465724206349206	808
8485	3.8133838383838383	63
8645	3.8932365192403333	582
8910	3.3959594674459073	771
8951	3.7216936589844614	177
8966	3.5280089690282774	471
8973	4.093878584112959	396
8981	3.423085760016522	874
30822	3.3243008188454106	454
30846	3.713940503003003	161
31903	4.001225490196078	49
33672	3.583673007246377	134
33817	3.2113678090575277	123
37731	3.840107261638371	372
27741	3.992054843664167	159
43560	3.334274891774892	283
8947	2.505706596296382	444
34532	3.219366279834	360
26713	3.8435786435786436	91
33880	3.8797337278106507	368
43460	3.0710004359197907	221
44937	3.453525641025641	122
45662	2.659561035242645	226
46723	3.680459024840694	1492
34072	3.633597678476909	1053
42632	3.9055511971986165	349
30803	3.9770041868045407	301
46322	3.8107386669357006	420
7924	3.7848436671966086	102
8157	3.491494303810074	144
8167	3.930087560386473	115
27772	3.4999892167011732	162
27865	2.9784118357487923	79
27905	2.963203463203463	94
31184	3.4749337197376877	205
33615	3.400042870333729	928
34437	3.561373992273817	967
39715	2.0877363323440936	223
8811	1.4499299719887955	47
7891	3.52724358974359	47
8884	3.043422733077905	50
31584	3.0708333333333333	17
34528	3.6327850587302186	290
44204	3.826999203936894	305
45106	2.9834672719753366	201
45728	3.6989214516092015	975
45880	3.139406029260832	448
47200	3.401972693591687	530
47261	2.7793233082706763	108
48780	4.008172782288954	2791
8638	3.870736151296272	679
27838	3.6127927559912854	181
8371	3.1328573402692594	693
8797	3.8440170940170937	40
8865	3.0603793554013317	670
8907	3.0599089209392583	425
8972	3.3529734878482302	1159
27706	3.2411016744096015	827
34336	2.877329192546584	295
27728	3.6610212703962706	296
47423	3.7640348906858336	356
7926	4.314607368058231	112
27803	4.0512425227647	352
8404	3.5479166666666666	83
37475	3.5874249863611567	177
44709	3.6487638792505206	326
7976	3.0494553376906324	55
8337	3.971239517819706	208
8493	3.3904052666388194	252
8661	3.5108861898335584	47
8969	2.9986750225054677	465
25866	3.4196428571428568	59
26138	3.4318181818181817	28
27700	3.702737854251012	223
42015	3.3445048309178746	226
43871	2.9899195925069972	340
45501	2.92571346311368	542
8933	3.577441077441078	43
33138	3.542838196286472	115
33832	3.3666666666666667	23
34148	3.4875864875864875	102
34271	3.695939477189478	337
34520	2.1395351193484125	300
34523	3.4994795082393844	145
34530	2.146379191811168	188
36527	3.509010484927916	379
38304	4.053148011782032	272
39231	3.306558858666096	419
39234	3.673749260243559	287
39400	2.038318017265386	125
39414	3.4398208761261917	340
39419	3.229638835060522	131
39435	2.8692302245339376	293
39886	3.465437788018433	89
40574	2.4621323529411767	68
40962	2.615377632534495	83
41527	4.072621951219512	174
42009	2.58845823798627	147
42732	3.3111139362092836	126
43558	2.3619282557302905	123
43836	2.4552903626708846	301
43904	2.2541035353535355	109
43919	1.7423578293303792	310
47810	1.9209772370486655	199
48326	2.9453405017921144	117
49530	3.8804033320845273	1789
8607	3.7140257558790593	141
26172	3.8434265010351965	65
8880	3.507900650084794	220
8119	3.0314327485380117	40
30825	3.172861714360731	1039
31000	2.9166666666666665	8
31225	3.6955166529228514	265
31685	3.492518403043537	977
33669	3.427255122438781	213
34150	2.7546779646381094	1034
44193	3.002136945333148	233
8533	3.7642906994144316	744
8809	3.621739130434783	76
8841	3.4166666666666665	18
8862	3.3611111111111107	68
8866	3.212405303030303	253
8943	3.4722918989223337	78
8955	3.44729907773386	57
27391	3.623263888888889	99
27674	3.791340453025236	177
27722	3.8029040404040404	106
27727	4.031467229394241	184
27821	3.440853309015112	481
27826	3.341666666666667	24
27851	3.6555555555555554	33
30898	3.3204306722689076	189
31032	2.8055555555555554	24
31114	3.553787878787879	62
31364	3.9133592471358427	135
31435	3.7736050986050986	93
32598	3.124525983352183	251
33171	3.957996894409938	252
33358	3.6189458689458696	48
33649	3.755844234496124	100
33722	3.4680134680134675	60
33826	3.4838922764227642	74
34536	3.453850210970464	140
35015	3.467203086768304	48
35957	2.824345601913367	451
36477	3.075	52
36525	3.534658493652373	402
36537	3.352942973377034	247
38701	3.1457039337474124	49
40946	3.517852104036314	198
40955	3.5862781009839835	132
41025	3.295833333333333	60
41573	3.2078755841967777	398
42004	3.827971594727517	493
42018	3.4451770451770454	240
42725	3.5176923717521653	254
42728	3.3278447121820616	182
43684	3.0525328330206376	78
43917	3.417253720631563	214
43936	3.1215841462234284	552
44864	3.0980190279594506	239
45175	3.5805939347813363	128
27523	3.6859743265993266	86
45928	3.8648861679607243	324
8977	2.7178861727541808	444
27882	3.6965909090909093	82
8643	3.1456797706797706	98
31424	1.6252289377289377	137
45672	3.0809779022752948	678
31049	3.2375000000000003	19
48883	2.9925252525252524	81
41617	2.5985449735449735	62
8637	2.5833333333333335	6
8796	3.5179834533282808	85
26084	3.790247488360696	178
40826	3.5700855605746913	273
7980	3.591456634544107	258
8008	3.461706349206349	58
8010	3.65942634363687	67
42007	2.897277619499842	279
46559	3.704201388888889	103
48082	3.9339804830314122	675
39869	3.7752849002849	160
26398	3.1806360475224573	76
26838	3.6405122655122657	109
8526	2.824892951251647	180
8604	3.5370355673133447	187
8808	2.8079261258767074	136
8830	1.8388248337028825	126
8918	3.4282428355957766	50
27434	2.329365079365079	52
30894	2.5096274492639443	173
31431	2.0583799065267834	106
32289	2.928396358543418	62
32596	3.055192220492612	318
33164	2.464950485971025	205
36513	3.3190789473684212	42
37727	3.194986478997057	584
44399	2.350363993836017	76
45221	3.0088048924255824	92
33036	3.23992084495625	83
49651	3.3945588402825244	467
8974	3.0703888098624943	176
26350	3.9221500721500724	141
32582	3.604399041899042	113
8662	3.4916666666666667	24
8783	3.1502653158706524	1028
8860	3.110694549693967	295
33683	3.4214780261691016	129
44022	3.4966341533678307	867
7845	2.6675262795952452	91
7920	3.8518518518518516	24
7987	2.9357142857142855	26
8225	3.1581439393939394	124
26680	3.3049342105263158	234
27873	3.3971336041008175	191
37380	2.5274341916646548	429
38600	3.3381692729518817	109
48591	2.5703651758350214	145
8446	3.3068452380952382	50
8524	3.1888888888888887	15
8908	3.1781843514806822	170
8968	3.1240258705299095	190
7930	2.899134199134199	105
8373	2.7077648250395945	350
8532	3.4667874396135265	91
8623	3.425717562398785	435
8666	1.7278502747252746	331
8689	3.7291666666666665	13
8800	3.2346308893927946	112
8912	2.337742248062016	129
26349	3.550588235294118	53
26504	3.130167218402512	70
26974	3.1252626050420163	47
27664	2.83547103051747	64
31221	2.222741119925672	303
32011	2.320518207282913	80
32019	2.332737611254509	277
33646	2.982725189878323	291
36533	2.9309056956115778	71
43912	2.4426575698505526	91
45062	3.1905459647627166	305
45730	2.952881350603622	485
46850	3.913020922167264	334
47610	3.803713243769086	1758
8380	1.9027777777777777	11
32666	2.443055555555555	19
8454	3.5	18
8640	3.16574366356961	425
27839	3.0970690590255807	271
33158	2.4538206117904027	218
34334	2.9015853937728937	219
40614	3.1540831881533102	284
33499	2.7985275689223057	160
45658	3.80625	30
8576	3.603120782726046	104
8642	2.7847222222222223	21
8651	3.4523809523809526	29
8799	2.9507211538461537	52
8916	3.378560811498994	171
30816	3.626102581494426	334
43679	2.59627465741288	296
44613	3.2311389759665623	114
47122	2.7914663461538463	171
40414	3.833956256921373	172
47264	2.6452920464548373	90
47805	2.785714285714286	25
47640	3.0085343000413562	286
8827	3.8932163774600745	232
26375	3.376803751803752	69
37739	3.6628699486283565	164
27834	4.036634567807255	132
33896	3.8290798611111114	145
7990	3.5202020202020203	41
33639	3.8276742581090404	207
8197	3.9426526932612127	93
46976	3.8751979908439003	1853
31807	3.1893939393939394	39
45732	2.4202789731635885	359
8994	2.822649572649573	18
26002	3.5372053872053875	39
26064	3.9565793435712138	83
26386	3.2987516869095814	121
33495	2.4530788177339904	106
33836	2.4217032967032965	383
38188	3.3968868011421205	65
8633	3.4753944447268967	258
8674	2.7386363636363633	20
31687	2.9851592851592854	39
40870	3.951066534040672	233
40966	3.0474214060615843	206
27618	2.1444444444444444	88
37736	3.381847592676311	147
33621	3.4509379509379507	38
37384	3.3715196932006632	266
39416	3.124074074074074	16
40581	2.9577291445685403	221
45666	2.795955653287897	453
7896	3.8311932632584806	51
8093	3.016025641025641	23
8133	3.577777777777778	33
8258	2.679629629629629	23
8295	3.319264069264069	42
8520	3.3803030303030304	40
8733	3.23931623931624	20
9018	3.7046554252199413	135
26094	3.9116161616161613	81
26554	3.7048004237084116	108
26704	3.398749154834347	91
27266	3.8010367533741185	379
27397	3.8876605731225293	158
27828	3.583114035087719	37
27899	2.4588994565217392	159
31588	3.640277777777778	16
31590	3.82010582010582	25
31689	3.4717194570135743	77
33421	3.300999000999001	59
34198	3.402600170502984	80
34321	2.5837225274725273	130
36276	3.702882691079412	336
39449	3.153591603622836	245
40412	3.7070780908500205	117
40952	2.9447720447720447	63
42013	2.7646072796934864	153
43333	3.8381908175456565	144
43708	3.4343434343434347	175
43914	3.4020833333333336	64
44511	3.228571428571429	22
44759	2.1840251252015954	161
44815	2.794337606837607	33
44840	2.862940096479228	179
44949	2.572558922558923	30
45074	2.6711309523809526	104
47124	3.0323709029066173	103
33644	2.209307992202729	40
37720	3.2386324391612824	362
25850	3.8932880844645554	160
25886	3.6108333333333333	43
45668	3.4317558584843013	419
8017	3.347222222222222	34
8268	2.866575467396261	80
8272	3.4206349206349205	19
25996	3.772727272727273	46
26178	3.5187590187590185	38
26485	3.4165494978479196	84
26555	3.135676453049914	188
32329	2.652777777777778	8
32632	3.3657407407407405	16
33677	3.300682261208577	73
46974	3.25731912083015	280
47644	3.601790750516954	309
48319	3.0548611111111112	130
8025	3.5744047619047614	28
26834	2.7738095238095237	22
26985	3.172008547008547	26
8016	3.8930764411027567	97
46335	2.5279022668153104	360
46865	1.6597476597476597	99
8530	3.835707276181321	252
8948	3.0823924731182797	233
33823	2.6132478632478633	20
46574	2.6614583333333335	51
48412	3.4470599400804396	209
7888	3.529166666666667	36
32469	3.72539941902687	96
46965	3.0006822367319606	669
8534	3.0822954822954824	35
48520	2.4764030277588285	181
8711	3.694862155388471	76
8882	3.299404761904762	25
26462	3.387264066951567	142
49220	3.185295918367347	217
30820	3.691765873015873	277
31956	3.4024122807017547	51
8806	3.0	2
27685	1.9254926108374384	88
42740	2.626552795031056	59
37837	2.9583333333333335	7
7841	3.7059771825396823	199
8537	3.1809523809523808	29
47518	3.2603351591027647	299
7840	3.71173418972332	86
7883	3.384920634920635	40
7889	3.4210831426392065	67
7895	3.5943043884220356	52
8292	3.591666666666667	20
8392	3.0555555555555554	10
8423	3.189814814814815	14
8491	3.9683294161306284	152
8605	3.150702426564495	76
8657	3.330357142857143	24
8875	3.777777777777778	21
8921	3.3125	12
25828	3.7240975935828877	44
41014	3.543859649122807	49
7991	3.3699999999999997	89
8744	3.3333333333333335	7
26101	3.386596225412015	69
8094	3.828535353535353	96
8379	3.790196078431373	43
8451	3.6044973544973544	38
8459	3.935672514619883	45
8838	3.525157748841959	101
26976	3.027777777777778	8
31700	2.983923483923484	43
32770	3.71301247771836	42
34129	2.1283208020050126	36
37844	2.685185185185185	30
38992	2.9675051599587206	169
42730	3.6087246369258565	206
8667	3.451678240740741	74
32025	2.9170454545454545	68
32593	3.3333333333333335	11
39307	3.2339901477832513	87
43419	2.7048382173382173	107
25971	3.4327731092436973	61
49526	1.8453282828282827	76
8291	3.492424242424242	40
8677	3.6018518518518516	22
8488	3.283333333333333	21
26726	2.734126984126984	34
31223	2.983134920634921	33
39896	3.1291666666666664	15
31437	4.006238859180035	122
43376	4.00359012450481	222
47950	3.026055553380156	230
8362	3.0021367521367517	110
31433	2.530837947111532	119
32296	2.562318665377176	201
43930	2.724787714543812	111
27604	3.371362433862434	72
8158	3.509782608695652	92
8195	3.9311818449749487	110
8826	3.2083333333333335	18
26425	3.6102472089314195	170
32261	3.38568376068376	43
8033	3.9009935232346096	114
8039	3.6537810089639358	91
8341	3.695162259615385	131
8385	3.657142857142857	28
8712	3.6742530345471525	86
25923	3.776447990543735	120
26148	3.6367337164750957	69
48142	2.746688243263586	375
8147	3.556878306878307	81
34330	2.751984126984127	22
41425	2.952083333333333	29
48414	2.923592032967033	167
48791	2.7619047619047614	31
49013	2.2832196539093093	69
27765	2.483333333333333	12
48982	3.376432720188268	386
8580	4.0585510980247825	67
8833	3.1578804036234374	91
30883	1.7534224598930481	65
32298	2.9652777777777772	107
32589	2.66234520123839	44
37855	3.6156454248366017	107
43556	3.0435913587159384	82
48593	2.90826455613041	231
8019	3.3109055228483317	147
26603	3.363197865353038	67
31702	3.4460317460317462	39
33085	2.8531448943213653	204
48522	2.7875	47
27456	3.503282828282828	55
33454	3.5866529304029307	49
8044	3.85311004784689	61
8191	3.757575757575758	57
25870	3.900314723590586	55
32160	4.086458333333333	31
34482	3.682334177690215	47
8375	3.0666666666666664	11
33838	3.272657450076805	57
43908	2.540021929824561	43
8690	3.5844988344988344	118
8828	3.9444444444444446	9
8266	3.159998090145149	90
8978	2.449364973262032	101
8765	3.791936391781593	70
8123	3.2472222222222222	12
8591	3.2468413229282795	67
8732	3.639069264069264	22
8924	3.7916666666666665	7
26116	3.5088450292397657	58
26203	3.464957264957265	35
26476	3.5048357180710124	99
31555	2.1915849673202614	39
33681	1.83015873015873	59
8270	3.5863095238095237	45
32022	3.2813852813852815	31
32285	3.6666666666666665	6
8868	2.803050108932462	31
30659	2.9444444444444446	18
33815	3.0422435897435895	46
37477	2.624315415821501	102
43906	2.481818181818182	17
8495	3.413174139051332	70
8624	2.875	4
26819	2.632577537593985	130
33188	3.142857142857143	13
42021	3.165277777777778	48
7918	3.654292929292929	34
8588	2.55011655011655	32
8658	2.5208333333333335	14
7893	2.9202380952380955	16
8015	3.538961038961039	48
8259	2.777777777777778	9
8634	2.763888888888889	14
8928	3.5350094876660343	68
9004	2.6528311965811966	57
26230	3.2222222222222228	11
26285	3.5045607986784457	98
26422	3.8844827586206896	93
26488	2.9791666666666665	18
27912	3.5815488748241915	165
31162	3.290665761253997	154
48738	3.9244898461832696	1272
49280	3.465206917196992	213
49822	3.4329971947772995	650
8365	3.592857142857143	23
8915	3.70625	54
32584	3.1835839598997495	52
46972	3.1931265254193284	769
47099	3.819821036687181	950
48043	3.82991279575739	731
26150	4.010000456121145	186
8872	3.0868055555555554	40
31116	3.802754744794546	156
34767	2.7923363095238094	48
43932	2.440032114624506	102
49110	2.6542397660818713	34
8496	3.603718102073365	46
8221	3.6090686274509807	37
8735	3.1666666666666665	10
26082	4.256182432432432	123
26388	3.21969696969697	22
27555	3.6372549019607843	57
32318	2.0	1
48598	3.5903996101364526	88
7846	1.9502840909090908	63
7879	3.689732142857143	27
7881	3.0924242424242423	24
7900	2.5500000000000003	14
7912	2.8518518518518516	13
7915	3.4941666666666666	48
7932	3.8088541666666664	129
7950	3.3333333333333335	3
7982	3.9846253759912496	145
7984	3.392031171442936	42
7993	3.449074074074074	20
8011	3.8156190702087285	70
8035	3.266025641025641	18
8040	3.5108225108225106	21
8062	2.792207792207792	26
8092	3.0	15
8126	4.098214285714286	20
8129	2.824074074074074	14
8137	1.767857142857143	13
8169	3.1854133432893232	199
8222	3.425925925925926	20
8240	2.486111111111111	8
8261	4.010547201336675	78
8265	1.96875	18
8367	3.3935185185185186	27
8405	3.695906432748538	56
8482	3.7029643073200247	75
8504	3.487142857142857	44
8506	2.613095238095238	14
8521	3.2845394736842106	45
8578	3.1757708885941645	60
8619	3.4444444444444446	10
8626	2.2916666666666665	13
8628	3.875	3
8639	2.829166666666667	33
8680	3.3624338624338623	18
8687	2.1888888888888887	13
8709	2.972222222222222	13
8717	2.0	3
8728	2.283333333333333	10
8746	2.9305555555555554	9
8751	3.725146198830409	41
8754	3.7781728075845726	57
8770	1.625	3
8790	3.71875	9
8803	3.208333333333333	11
8805	3.41969696969697	32
8814	2.705687134502924	129
8815	2.5438913777908345	155
8836	3.5770955235240947	122
8839	2.2996632996632997	22
8854	2.8703703703703702	17
8855	2.4431818181818183	17
8878	2.4250000000000003	11
8885	2.777777777777778	14
8892	2.1587301587301586	11
8893	1.986111111111111	9
8894	2.2055555555555553	30
8903	2.347222222222222	16
8906	3.1203022875816995	105
8926	3.0694444444444446	9
8931	3.576388888888889	13
8932	2.1222222222222222	12
8934	2.325637325637326	27
8938	3.518099547511312	44
8941	2.380952380952381	23
8946	2.483785822021116	48
8960	3.3333333333333335	7
8967	2.1493055555555554	78
8986	2.9791666666666665	15
8998	3.8602469834087483	63
9016	3.0833333333333335	4
25827	3.8252522331469696	87
26241	3.111111111111111	30
26303	3.4164614121510675	48
26629	2.7157301988895917	120
26677	3.25	3
26729	4.0929781310411695	317
26810	3.538377192982456	54
27022	3.478061868686869	55
27271	3.6087542087542084	40
27340	2.8248511904761906	40
27408	3.302624458874459	110
27563	3.581351145867275	93
27776	3.2976190476190474	17
27792	3.2525641025641026	29
27820	3.88695652173913	56
27837	3.0081272893772897	167
27864	2.9295157456922163	40
31060	3.5	4
31724	2.5972850678733033	38
31737	3.4880952380952386	20
32015	1.25	2
32088	2.0	2
32122	3.125	3
32300	3.2555018786902843	68
32314	3.2156862745098036	25
32385	2.983333333333333	12
34645	3.3541666666666665	17
36397	2.7241709183673466	89
36523	3.379201680672269	26
45361	2.404996392496393	101
48394	4.0811029233633525	2947
33750	3.6023809523809525	31
31263	3.1731481481481487	22
8494	3.563568376068376	45
8503	2.907738095238095	22
26865	3.8662039714671295	146
31934	3.468964397353144	61
33688	2.9166666666666665	8
8012	3.7825447741245655	130
8142	3.2976851851851854	36
26313	3.7876984126984126	30
42900	3.7905033238366577	55
8024	3.306878306878307	19
8594	3.75	3
8813	3.2073996265172737	54
9010	3.9175963488843815	112
26599	3.871111111111111	60
41721	3.6847222222222222	50
34326	2.8070728291316525	68
27879	4.122588576710918	127
25773	3.597222222222222	42
8007	2.576388888888889	14
8695	3.51986531986532	50
26758	3.923148148148148	26
7885	3.031944444444445	19
8747	1.5575757575757576	18
26465	2.2857142857142856	15
7951	3.316666666666667	36
33168	2.7457516339869286	25
8338	3.931843675685377	76
8486	3.732142857142857	18
8582	3.989064856711915	95
8587	2.9011904761904765	16
8768	3.5082070707070705	25
8930	3.7828282828282824	70
25826	3.832720588235294	44
25856	3.7284894220846234	69
25898	4.020833333333333	40
25904	3.603968253968254	18
26695	3.522222222222222	28
30892	3.6177248677248675	51
31770	3.8333333333333335	38
8254	3.8483411248235586	132
8589	3.7320647046118522	165
8477	4.041346549224143	136
8743	3.170634920634921	12
32591	3.4419642857142856	27
8595	2.972222222222222	11
27797	3.8386904761904765	32
25891	3.5911290322580647	68
8847	1.9277777777777778	12
8849	2.722222222222222	8
8927	2.698809523809524	16
26782	3.069444444444444	36
27193	3.200323813765332	161
8141	2.5416666666666665	7
8971	3.4063492063492062	15
8134	3.2453703703703702	43
8456	3.5328042328042333	21
25805	3.953081232492997	48
46772	3.0394463024897806	89
49347	3.2591048332198773	205
38388	3.3197310819262036	93
45635	3.248229847494553	94
7884	3.6175925925925925	26
8952	2.75	8
8383	2.615740740740741	23
8869	2.454778972520908	69
8864	2.7463492063492065	54
8684	4.0045343137254905	72
8738	3.7694444444444444	40
25954	3.9516908212560384	54
26052	3.8138409961685817	78
26231	3.729022988505747	56
30701	3.761695906432749	40
38994	3.3562610229276895	47
8959	2.9583333333333335	115
26085	3.5069871794871794	125
40010	3.3969331322272502	39
43910	3.386950710108605	65
48774	3.9153916020024417	2616
49824	3.3496235218034	368
31445	3.451653079710145	52
49130	3.264776632302406	167
30818	3.0866666666666664	59
26258	3.9991987179487176	96
26578	3.902777777777778	44
47465	3.3797701876449504	124
45525	2.9347687400318985	40
27432	3.728835978835979	36
42053	1.5241545893719806	30
8618	3.571046600458365	35
47970	3.2079793436615027	242
48560	2.926798241067109	180
7919	3.852564102564102	28
8260	4.003787878787879	23
8740	3.5273109243697482	38
8785	4.028472222222223	33
8848	3.9296875	54
25750	4.155120855120855	131
25825	3.6968810916179335	47
25901	3.2495670995670998	35
26119	3.3547008547008548	39
26151	3.656814449917898	81
26294	3.3836541708882137	88
33124	3.5551948051948052	35
33675	3.75	30
48304	3.5936390410995807	854
7843	3.4819444444444443	36
7958	2.972222222222222	9
8256	3.8902116402116405	30
8264	3.902462121212121	44
8395	3.4814814814814814	17
8462	3.4861111111111107	10
8487	3.445436507936508	24
8502	3.8472222222222228	16
8512	3.4258658008658007	50
8527	3.0225490196078426	47
8535	3.0657166907166906	57
8584	3.710714285714286	16
8616	3.005555555555556	14
8617	3.15	10
8727	3.2962962962962963	19
8758	3.1458333333333335	15
8999	3.255952380952381	29
9017	3.0	8
26038	3.6833333333333336	18
26394	3.8134920634920633	23
32049	3.5	11
32170	3.6833333333333336	22
32325	2.888888888888889	7
32674	2.5833333333333335	10
34177	2.6333333333333333	10
40973	3.288888888888889	37
8463	3.4285714285714284	18
8886	2.25	11
30996	3.625	11
7937	3.96551724137931	87
34155	3.6670085470085474	50
7838	2.5	2
8124	3.583333333333333	7
8598	3.4166666666666665	42
8603	2.8333333333333335	6
8663	3.463003663003663	25
8963	2.669191919191919	36
9015	2.972222222222222	9
27316	3.5500000000000003	20
27888	2.3564814814814814	15
31255	3.5359477124183005	38
32668	2.9333333333333336	19
8779	3.3073593073593073	25
48596	2.380952380952381	82
7988	3.1666666666666665	18
26513	3.2567340067340065	60
8201	3.9120370370370368	18
8702	2.875	11
8996	3.1611111111111114	12
26577	3.8125	8
27833	3.078968253968254	31
8384	3.4444444444444446	7
25835	3.78125	31
8600	3.802600089968511	102
7994	3.0833333333333335	7
8905	3.0961538461538463	60
27636	3.573232323232323	25
32605	2.2916666666666665	6
8913	3.0208333333333335	14
33145	3.3015905017921146	117
39408	2.0141025641025645	24
8782	2.4875	56
7944	3.8253413253413253	49
8753	3.5180288461538463	28
8767	3.910714285714286	37
8920	3.8185185185185184	24
8989	3.252121212121212	40
25795	3.8068181818181817	28
25839	4.00462962962963	24
25841	4.061965811965812	26
25952	3.847222222222222	37
49286	3.1243698240165627	522
33603	3.642246642246642	41
32076	2.1917748917748923	23
33585	2.6494200244200243	71
8189	3.3214285714285716	14
8573	3.69775641025641	70
8923	3.4925925925925925	36
40887	3.0141203703703705	49
8852	3.1	15
7847	2.8142857142857145	18
8043	3.227777777777778	16
8363	1.892410951621478	71
8411	1.25	2
8525	2.261904761904762	9
8612	2.611111111111111	23
8701	2.2367965367965366	30
8713	2.9520202020202024	29
8761	3.5416666666666665	10
8850	2.733333333333333	15
8871	2.6964285714285716	21
8919	2.8648629148629148	40
8929	2.907142857142857	18
27648	3.1458333333333335	32
31079	2.069444444444444	19
31422	2.2350160256410256	66
31447	1.980952380952381	15
32078	3.0708333333333333	24
8822	2.466666666666667	11
7897	3.6052287581699347	46
7979	3.837037037037037	63
8183	3.658330841307815	104
8543	2.9690476190476187	16
8571	3.2944444444444443	22
8649	2.5	12
8675	3.5183150183150182	41
8700	3.516666666666667	25
8706	3.388888888888889	6
8900	3.0	7
8954	3.4583333333333335	14
8979	3.1590909090909087	20
8991	2.8095238095238098	9
9001	2.722222222222222	8
25757	3.451058201058201	43
25802	2.566666666666667	18
25893	3.576388888888889	30
26198	3.473069955406912	68
26240	3.5601010101010098	59
27830	3.255555555555555	25
27869	3.8862924865831845	106
27876	3.3398860398860397	46
30991	3.4125	22
31429	3.2937499999999997	35
31485	3.681547619047619	47
32002	4.25	2
32862	3.0462962962962963	16
33136	3.3298955946014765	42
33725	3.3338888888888887	87
33819	3.463376322751323	48
40988	3.4565018315018317	42
42736	2.988888888888889	9
43744	3.2303113553113554	85
46803	3.659421542361651	69
47646	3.0367063492063493	45
8391	3.375	9
8755	3.5638888888888887	41
40817	2.8863636363636367	40
43987	2.771296296296296	36
33539	3.3688163688163684	44
44058	3.176785714285714	39
9002	3.044642857142857	22
8726	3.306547619047619	23
8465	2.0833333333333335	4
8583	3.652777777777778	9
8731	3.3190247252747254	34
8772	3.833409090909091	78
8786	3.8194444444444446	26
8887	3.0083333333333333	10
8982	3.524904214559387	54
25947	3.9971509971509973	41
26283	3.383333333333333	25
26497	3.5629629629629633	23
26567	2.4235104669887284	35
26663	3.79015873015873	71
27768	3.7619047619047614	15
30712	3.647727272727273	47
34538	3.0863095238095237	21
26495	3.143899018232819	64
7939	3.9890143069490898	73
48696	3.9267094262923763	518
26734	3.214285714285714	10
27564	2.611111111111111	19
31522	3.873366013071895	67
31867	2.8471736596736594	64
44189	2.8641812865497074	46
31467	3.1944444444444446	11
7899	3.5462962962962963	34
8899	3.736111111111111	11
8401	3.769736842105263	48
7938	4.02003410059676	81
26117	3.524839743589743	33
26302	3.5805555555555557	50
26359	3.5195606862273525	85
27812	3.3506944444444446	38
8631	3.204166666666667	22
26187	3.272222222222222	27
8656	4.062767503711034	131
7894	3.4782356532356533	86
7913	3.1666666666666665	9
8004	3.0833333333333335	15
8136	2.361111111111111	8
8138	1.375	16
8206	3.55	13
8447	3.1458333333333335	23
9008	3.375	8
9019	2.0833333333333335	10
25753	3.9071338383838383	74
26306	3.4816729323308273	41
30949	3.301587301587302	19
32060	2.770833333333333	7
32395	3.328125	12
34359	3.426535087719298	31
32371	3.6333333333333333	40
8364	3.492760942760943	61
32128	2.2152777777777777	17
33148	2.357142857142857	12
33685	2.119047619047619	26
34540	3.256228956228956	60
45183	3.491298272357724	138
47952	2.663327526132404	120
49314	3.136217948717949	129
8574	3.5363247863247866	38
8909	2.5	1
26521	3.3333333333333335	14
8922	3.217592592592593	22
8688	2.7083333333333335	8
32058	3.1431878306878307	24
39394	3.2916666666666665	11
25999	3.610295501599849	66
49396	3.473901592859838	329
49524	3.413359788359788	51
8273	3.5423280423280423	28
8787	3.0833333333333335	15
27783	3.0416666666666665	13
47382	3.420343588798821	119
8898	3.2569444444444446	16
7931	2.5	2
32090	4.0	2
34608	3.15	8
8168	2.9791666666666665	19
26112	2.888888888888889	8
32387	3.4985119047619047	58
8698	2.6944444444444446	15
8756	3.527777777777778	9
25855	3.8395833333333336	43
8127	3.0753968253968256	23
7914	3.220899470899471	25
7941	4.036735104669887	65
8143	3.7583333333333333	13
8153	3.527777777777778	24
8194	3.358730158730159	18
8400	3.6031746031746033	13
8516	4.01052036199095	50
8611	3.5638888888888887	15
8650	3.4502645502645506	21
8710	3.573809523809524	21
8724	3.7559912854030504	46
8851	2.402777777777778	8
26744	3.625	9
7942	3.728030303030303	28
8332	3.6111111111111107	16
8718	3.7453703703703702	22
8388	2.8333333333333335	9
8752	3.8307095864661656	42
9003	3.283333333333333	10
8911	3.0124269005847957	37
32009	3.181236383442266	34
8009	3.175	7
8294	3.8333333333333335	7
8572	2.944444444444444	11
9011	4.038888888888889	16
32302	3.181895683174455	51
31035	3.6153846153846154	25
7922	3.0625	10
8460	3.475757575757576	21
8593	3.455357142857143	23
8720	2.615842490842491	24
31362	3.0277777777777772	13
26965	3.221367521367521	43
48161	3.116114535182332	101
8859	0.7583333333333333	57
8302	3.638888888888889	16
8902	3.189814814814815	14
8139	3.85	7
33134	3.462179487179487	27
44729	1.9805194805194806	58
7947	3.4992063492063497	18
7959	3.1130952380952386	17
7995	3.5555555555555554	11
8238	3.638888888888889	9
8252	3.3125	5
8577	3.4814814814814814	19
8602	4.302083333333333	25
8629	3.5500000000000003	16
8669	2.75	9
8703	2.6666666666666665	11
8736	4.0	2
26174	3.2996031746031744	14
30977	2.4444444444444446	5
31083	2.2738095238095237	13
32109	2.4444444444444446	5
32369	3.666203703703704	22
7890	2.9111111111111114	15
25865	3.8882783882783882	28
32349	3.766666666666667	15
8410	3.3333333333333335	15
8857	3.0	2
31408	3.5735930735930737	24
36539	3.35	24
8131	3.684684065934066	141
47642	2.7872807017543857	26
8739	3.829365079365079	18
7948	3.5833333333333335	11
8236	3.0069444444444446	12
8608	3.2323232323232323	23
8609	3.858465608465608	46
8749	3.283333333333333	13
8481	3.3888888888888893	10
26128	3.3194444444444446	12
32149	2.8857142857142857	14
34185	3.25	4
36541	2.0625	6
8045	3.2512752669717773	74
8121	3.970253058488353	48
31251	3.029220779220779	24
34579	3.199074074074074	17
49649	2.877650610259306	392
8378	3.5538720538720536	26
31613	1.5416666666666667	8
32116	2.1875	25
34648	2.4166666666666665	10
7940	3.911111111111111	37
25937	3.746012759170654	42
31030	3.8630952380952386	23
8846	3.2583333333333333	15
26181	3.3444444444444446	44
32139	3.4415178571428573	21
34583	3.2896825396825395	17
39425	3.0	3
49282	2.0977053140096618	42
7986	2.125	16
8676	2.011111111111111	12
32084	2.4	6
8844	3.6666666666666665	33
27370	3.384920634920635	22
9013	3.763888888888889	13
8935	3.084821428571429	15
8987	2.9375	11
32124	3.483333333333333	16
8499	3.6291005291005294	26
8063	3.5833333333333335	8
30954	2.777777777777778	11
49647	3.273555656382335	133
8988	2.5208333333333335	15
41575	2.806612685560054	42
8426	3.189814814814815	26
8801	3.2607142857142857	16
32602	2.2555555555555555	9
30952	3.341666666666667	25
8942	3.25	2
47793	3.262962962962963	32
8227	3.154761904761905	22
8540	2.861111111111111	17
8692	3.0	15
8655	3.244444444444445	9
8823	2.4603174603174605	11
26226	2.5416666666666665	14
8070	3.6388888888888893	10
31747	2.0416666666666665	8
48416	2.7713446204825516	135
31038	1.9444444444444446	7
49793	3.331547619047619	167
32153	2.783333333333333	20
34624	3.5	7
30747	3.4722222222222228	16
30890	3.75	4
7954	2.716666666666667	10
49772	3.7678330928330928	303
50064	3.158909853249476	141
26055	3.7967152673035023	48
8678	3.296969696969697	21
48879	3.4458333333333333	75
32074	2.888888888888889	7
32381	3.638888888888889	13
39441	3.57010582010582	36
8398	4.111111111111112	6
7923	3.6416666666666666	18
8003	3.1507936507936507	16
8748	3.1277777777777778	14
31026	2.75	18
31047	2.8333333333333335	6
8188	3.9599867724867726	53
40148	2.822134462759463	154
7949	3.0563492063492066	23
8140	3.4682539682539684	18
8237	2.625	3
8936	3.1666666666666665	3
47956	3.4234375	30
30896	2.7	5
8453	2.9333333333333336	7
36545	2.4305555555555554	8
43926	2.0654761904761902	28
26791	3.722222222222222	13
31104	2.2916666666666665	6
8881	3.266666666666667	11
8671	3.25	10
8750	3.166666666666667	4
32620	3.2916666666666665	8
8812	2.5	2
34158	3.625	3
32892	4.216586884690333	78
7892	2.9962962962962956	19
8630	3.25	3
8613	3.0833333333333335	10
8673	3.0	4
8775	3.125	13
26404	2.375	3
34643	1.8708333333333333	15
37846	2.5416666666666665	10
8867	2.2916666666666665	15
30942	2.277777777777778	5
33641	3.625	4
8241	2.642857142857143	20
7946	3.369047619047619	10
49355	3.625	29
27734	3.15	13
32988	3.3785714285714286	27
47830	2.598602150537634	58
49132	3.4986243580337493	128
49205	2.4090909090909087	43
49284	3.680931744312026	112
49528	2.1031746031746033	69
27874	3.0833333333333335	6
8232	3.9726190476190477	16
8458	4.0	2
8648	2.8333333333333335	5
8654	2.8111111111111113	9
8771	3.1458333333333335	15
8774	3.252380952380953	13
8877	2.6666666666666665	3
8995	2.791666666666667	5
8997	3.0555555555555554	5
9000	2.441666666666667	11
9007	3.5	2
25906	3.5763888888888893	14
26106	3.0	3
30994	3.5	5
32151	3.1666666666666665	6
32162	2.9960317460317456	18
32781	3.3198412698412696	23
34473	3.75	2
7936	3.805555555555556	32
8190	3.410714285714286	25
8263	3.410714285714286	13
8714	3.5416666666666665	12
8725	3.736111111111111	13
8757	3.847222222222222	12
32383	3.722222222222222	10
8773	3.6197916666666665	23
33821	3.1666666666666665	8
7878	2.6750000000000003	10
39410	2.4583333333333335	10
40969	3.5694444444444446	8
41564	2.0555555555555554	5
43934	3.575657894736842	39
33132	2.5833333333333335	4
8374	3.861111111111111	12
26745	3.1955710955710956	39
8615	3.3333333333333335	19
8267	2.6666666666666665	5
8804	3.5694444444444446	8
39402	3.097222222222222	13
7882	3.277777777777778	17
7898	3.347222222222222	9
32627	2.3333333333333335	21
7952	2.0833333333333335	5
8393	1.6875	12
8766	3.456349206349207	15
8778	3.396825396825397	19
8793	3.6444444444444444	17
8816	2.0833333333333335	4
8818	2.4444444444444446	10
8820	2.1666666666666665	6
8730	3.571095571095571	37
49276	2.702777777777778	71
39439	3.5	1
33150	3.5833333333333335	10
8956	3.3535353535353534	32
7928	3.0416666666666665	6
8652	2.2777777777777777	7
8660	3.0238095238095237	15
8682	3.375	3
26211	3.283333333333333	8
32375	3.4166666666666665	7
25766	3.6041666666666665	26
32600	3.1041666666666665	25
36511	2.111111111111111	8
8832	3.252923976608187	31
32013	2.75	5
8382	3.4166666666666665	6
8421	3.4259259259259256	14
8522	3.3472222222222228	14
31107	2.875	8
8840	2.7416666666666667	11
44844	1.9583333333333333	24
8377	3.85	10
8853	3.0	2
8975	2.6666666666666665	4
49644	3.111111111111111	5
46430	3.0496503496503498	29
8762	3.4444444444444446	12
8792	2.4	8
31042	3.021164021164021	19
8681	3.363888888888889	12
8794	3.5555555555555554	9
8780	3.5	16
7945	3.6333333333333333	7
8585	3.119047619047619	13
8013	3.4166666666666665	8
8722	2.352777777777778	12
27875	3.6560606060606062	32
8788	3.2268518518518516	16
7916	3.1833333333333336	13
8424	2.5	5
8693	2.9444444444444446	7
8745	2.875	3
8837	2.9166666666666665	5
8925	2.0	2
25931	3.3111111111111113	13
31594	3.1666666666666665	15
32082	2.75	2
32617	2.277777777777778	12
32625	2.0833333333333335	4
26996	2.858333333333333	12
8696	3.111111111111111	8
7921	2.097222222222222	16
8057	3.76984126984127	15
8120	3.5	4
8269	2.375	9
8683	2.8277777777777775	22
8705	1.9166666666666667	5
8715	3.4166666666666665	5
8742	2.375	6
8990	3.4166666666666665	7
8992	2.611111111111111	8
8993	2.8333333333333335	6
26841	2.5416666666666665	9
32646	3.0694444444444446	16
34353	2.861111111111111	7
34193	3.0625	5
8889	3.0833333333333335	8
8257	3.3833333333333333	18
47384	2.3127199597787835	33
48159	2.3055555555555554	13
27509	3.196536796536797	23
8944	2.8333333333333335	5
8597	2.625	3
39421	2.376068376068376	20
36392	2.388888888888889	9
8290	1.1230158730158728	12
31682	3.1055555555555556	10
31577	4.5	2
40964	2.3666666666666667	15
8664	3.2380952380952386	9
7839	3.279761904761905	13
8224	3.111111111111111	6
8484	3.645833333333333	13
8791	3.3333333333333335	5
50147	1.4830447330447332	65
34170	1.8869047619047619	13
27528	3.0904761904761906	20
8407	3.9166666666666665	7
8422	3.663888888888889	12
27735	2.388888888888889	12
7872	3.0	5
26868	4.5	1
31600	2.8333333333333335	5
8293	3.222222222222222	5
8425	3.4	7
8118	1.6547619047619049	20
26289	3.263888888888889	23
47516	1.8687127024722934	44
8694	3.1944444444444446	8
9009	1.0	1
8769	3.0416666666666665	13
8819	1.9166666666666667	4
7886	3.2916666666666665	8
8329	3.1666666666666665	3
8403	2.875	13
8579	2.8769841269841265	14
8679	3.5	4
8686	3.902777777777778	9
8716	2.9444444444444446	9
8723	2.388888888888889	5
8789	2.6666666666666665	4
9014	3.25	11
31112	2.5	3
32677	3.0	4
36553	2.527777777777778	8
49642	3.109775641025641	30
31494	3.0	8
8891	2.579365079365079	15
8592	2.5	2
8760	2.722222222222222	5
8759	3.611111111111111	5
7992	3.5833333333333335	6
8962	3.3555555555555556	9
33193	2.8333333333333335	7
48600	3.0995670995670994	26
31610	2.2916666666666665	9
8427	1.5555555555555556	9
8122	2.0	2
27841	3.4416666666666664	10
30981	3.1666666666666665	4
26682	2.354166666666667	7
31045	1.7777777777777777	7
33152	2.5833333333333335	5
8964	3.1166666666666667	11
8896	2.75	5
8599	3.0	2
8402	2.8333333333333335	4
8704	2.3333333333333335	5
8895	3.388888888888889	7
34189	1.75	4
8255	2.9166666666666665	4
7989	2.494444444444445	12
8519	2.9166666666666665	4
8825	2.8958333333333335	14
8858	2.6388888888888893	8
8856	0.7222222222222222	10
39390	3.2083333333333335	8
30970	3.2916666666666665	8
7917	2.3095238095238098	10
27644	3.861111111111111	9
33142	3.0	2
31606	2.8333333333333335	3
8149	2.75	13
8834	2.3125	14
7837	2.7083333333333335	8
32347	3.077777777777778	11
8653	2.3055555555555554	6
8829	2.107142857142857	16
31090	2.0	1
8691	2.75	2
8202	3.8333333333333335	13
31109	3.0	3
31247	3.233333333333333	7
8478	3.6944444444444446	6
8544	2.6777777777777776	9
8741	1.5	3
32342	1.5	3
31053	2.75	2
8685	2.861111111111111	6
8586	3.3444444444444446	9
32361	3.277777777777778	7
8776	2.5	2
32335	3.1666666666666665	6
32352	3.3000000000000003	9
31040	2.416666666666667	4
32392	3.1153846153846154	22
50872	3.8661376213582437	2016
42197	3.666387559808612	161
51662	3.588770687735289	2773
51937	2.451130319148936	112
54286	3.9213874198822665	2632
25764	3.6117084826762245	58
48856	3.6404853128991057	86
50601	3.405338376133571	364
51939	2.8220714353029877	213
53972	3.568797581728616	1197
53996	3.407859273959702	1498
54001	3.8609088114987817	1502
54272	3.4952930547269543	1934
50068	3.850880461299623	787
51540	3.6940606070794177	1143
52722	3.0797264175603334	1263
53125	3.424318027305361	1436
53464	2.596131287537537	555
26492	3.219654528478058	162
47997	3.2621370051382175	514
51080	3.597341703479811	559
53550	3.7104552469135803	398
54503	3.809728401634969	1625
25774	3.584770114942529	47
25993	3.3977272727272725	34
26111	3.9598595848595846	141
26318	3.89375	39
27186	3.494047619047619	35
27491	3.276190476190476	50
31347	3.7403846153846154	29
42217	3.8962962962962964	52
44657	3.615384615384615	39
47778	3.5596816976127323	68
47894	3.473275862068965	208
49932	3.9054429528238424	219
50685	3.6546233715349197	375
51174	3.0630252100840334	69
51709	3.6273407260173656	282
52281	3.8314822598600142	1095
53123	3.688318318318318	521
53921	3.1478174603174605	99
44555	4.399339589355095	1207
47629	3.6609921982375293	828
51255	3.822167955032308	2048
25962	3.3313492063492065	51
50189	3.342307692307692	156
53000	3.422793314795673	914
45503	3.3333333333333335	45
48678	3.3848733233979136	83
48997	3.481613101287263	464
50442	3.1381241565452096	226
50796	2.404471544715447	59
50804	2.4838789682539684	252
51086	2.9833656330749356	456
51088	3.019287211740042	169
51091	3.7101347117794483	358
51931	3.6032759661835754	300
51935	3.4313238688470538	594
52241	3.5560696535865293	343
52283	2.7974137931034484	118
52456	2.774886877828054	129
52458	3.162776442599471	481
52604	3.5951640499194846	523
52973	3.5969085542216406	1574
53004	2.1666666666666665	48
53129	3.6523410916020147	425
53468	3.52960927960928	123
52328	3.5393948161953475	695
51084	3.164927148379423	454
26828	1.5875	46
41585	3.3377100840336134	45
52279	2.0707720588235294	50
53953	3.3567962858051814	518
53993	2.9290732520991773	384
52245	3.156130268199234	601
53322	3.4457720843202826	1144
53435	2.7061168516392393	147
54259	3.8814831480335727	1057
54513	3.7876344086021505	77
54771	2.9585106382978723	184
51575	2.4553281351526963	279
53318	3.649494949494949	174
53956	3.562914582175283	333
54256	2.899460763445438	141
50153	2.591666666666667	46
53121	3.0629491003322777	665
51077	2.973424543946932	503
51698	3.291812354312354	173
51927	2.9444015444015443	72
52644	3.0055938467685546	166
52712	2.907548125633232	89
53466	3.206521739130435	38
31193	3.6085416666666665	148
25888	3.303030303030303	14
25908	3.229166666666667	17
25916	3.0809018567639255	42
26144	3.3872549019607843	22
26491	3.6049107142857144	72
32721	3.1698158914728682	60
41831	3.5555555555555554	22
50514	3.801851851851852	111
26078	3.8066820276497695	66
48698	4.021241830065359	112
49961	3.8906763936914905	481
51884	3.7685214542380048	197
52375	3.3700980392156863	153
52579	3.545169890873016	191
53894	4.048350818165534	723
49957	3.6400793650793646	105
26696	2.930451127819549	52
27584	3.25	48
47254	3.153156146179402	78
25995	3.8703703703703702	58
26005	3.575	40
26012	3.858934169278997	40
26122	3.8404605263157894	67
44788	3.8446614931763445	314
47999	3.781284242822704	407
51412	3.4524507409216736	318
52694	2.802533199419708	193
53999	2.3449519230769234	58
50005	2.427017543859649	209
52462	3.297840479192938	113
52042	3.962763012181617	230
52885	3.515528666090464	244
54997	3.8132378824735134	1224
26414	3.2596153846153846	31
26222	3.6642512077294684	32
50160	3.681372549019608	170
53988	3.1882891414141414	66
26464	3.299194677871148	74
26770	3.453488372093023	51
30721	3.2	24
50923	3.2651546391752575	148
51471	3.7656944444444442	157
51660	3.5753846153846154	51
53974	2.721648408972353	117
54686	2.7967171717171717	51
54775	3.160300925925926	133
46347	3.6363636363636367	100
51925	3.3454193376068377	207
52975	3.4598975636766336	379
26558	3.0125	34
26170	3.820833333333333	29
54648	2.962222222222222	227
48744	3.5479246897732133	217
50274	3.633241758241758	123
50912	3.3849559787059786	252
52460	3.101652771683487	97
52287	3.4158932845594543	247
25833	3.815151515151515	48
26393	3.15	27
26472	3.6573015873015873	72
50066	3.8089285714285714	81
50800	2.601595744680851	77
50806	2.279431216931217	136
51666	2.4407894736842106	29
51903	2.848333333333333	83
52285	2.575	21
52715	2.1984265734265733	35
31270	3.522611788617886	65
50356	3.275	19
50447	3.143796992481203	59
54268	1.54375	13
44168	3.4901477832512313	36
51705	3.534455128205128	70
41769	3.977777777777778	35
49312	3.417076167076167	48
49263	3.35	38
47725	3.6827485380116958	75
50162	2.995943204868154	46
50149	2.0549242424242427	45
50794	2.8998227298297947	471
49910	3.441513627324833	189
8536	3.5	2
54116	3.194642857142857	33
54999	3.4297668663714505	439
52717	2.8336522108843534	97
26371	3.0361111111111114	37
33564	3.693877551020408	77
44929	3.497926433465561	106
48301	3.489285714285714	34
50440	2.0064935064935066	32
50445	2.640561075394506	88
50792	3.0805555555555557	135
52967	3.836001067093504	171
53460	3.297062706270627	204
54004	2.6579014470580735	296
26547	3.6380434782608693	107
26915	2.372311827956989	37
48061	3.382021604938272	121
54276	3.089957035445757	140
54290	1.2728635682158922	52
50802	2.6411516853932584	145
51418	3.3115384615384613	94
52413	3.2638888888888893	15
26750	3.2042596348884382	114
34063	3.409090909090909	22
26163	3.9489795918367347	86
26487	3.2288583509513744	54
26561	2.9749322493224932	50
26562	3.312062937062937	61
26688	2.6196338383838382	94
41411	3.021390374331551	50
54274	1.9470744680851064	67
26155	3.4194444444444443	33
26700	2.475793650793651	82
31150	3.325757575757576	47
26246	3.6029411764705883	52
26803	2.9210526315789473	23
50798	1.4970780206435943	269
51094	3.0961538461538463	40
53133	2.904166666666667	22
8208	3.656798245614035	50
49200	3.604166666666667	30
27744	3.67625	33
51834	3.1987254671983734	137
26564	3.827205882352941	50
54768	2.1574675324675323	36
8056	3.614957264957265	44
25755	3.3368794326241136	65
25930	3.857142857142857	22
31528	3.708208395802099	75
47907	3.0	7
26479	3.372826086956522	61
25961	3.43735632183908	44
26124	2.916666666666667	36
34002	3.6111111111111107	37
26249	3.353337236533958	75
31553	2.135690789473684	54
34292	2.8004032258064515	47
44494	2.0873205741626792	49
46919	3.3601190476190474	33
52867	2.6980620155038757	73
54780	2.7499041043344845	114
8483	2.25	6
26509	3.39375	47
33126	3.3080357142857144	43
34018	3.442857142857143	43
54190	3.9700955372333464	353
31260	3.6215970961887476	67
47978	3.3582175925925926	86
8505	3.5669642857142856	31
26694	4.015519040166928	98
26788	3.6015151515151516	53
27627	3.2976190476190474	19
54270	1.7380952380952381	37
32460	3.9071428571428575	56
54736	3.6340280846467325	460
26134	3.0245098039215685	40
53002	2.972842261904762	74
7901	3.291666666666667	8
8842	3.0	4
25762	3.4	20
25763	4.197936814958092	70
26527	3.8452380952380953	64
26792	2.0683333333333334	37
26875	3.6334841628959276	30
30783	3.0	13
31367	2.8263888888888893	66
31909	1.9791666666666665	30
32882	3.3875	30
33966	2.0587301587301585	52
34526	2.666666666666667	6
37211	3.3257142857142856	32
44595	3.645833333333333	20
45679	3.225	19
49007	3.304232804232804	38
51037	3.5791666666666666	58
53127	2.9147727272727275	77
53131	2.4857142857142858	22
54785	2.984242172921418	144
50229	3.5125	26
26413	3.7662500000000003	33
54732	2.616492386718033	127
32525	3.949604743083004	34
51678	3.4341346153846155	53
52668	2.8558201058201056	83
27778	2.968279569892473	42
51082	3.4615384615384617	20
25929	3.8777777777777778	40
54787	3.211941143180532	112
26096	3.375	17
26271	3.5516917293233083	45
31617	3.388333333333333	65
32853	4.081436699857752	56
31973	3.8600000000000003	32
7887	1.875	4
26199	3.3042264752791066	42
8632	2.5952380952380953	10
25752	3.7195402298850575	44
26139	3.4761904761904763	37
32234	4.237820512820512	47
52321	3.357699805068226	65
8220	2.5	2
8331	4.046236559139785	42
8397	2.875	6
25868	4.0055555555555555	63
25903	3.78125	9
25945	3.655681818181818	31
25963	3.91966966966967	68
26301	3.3854166666666665	21
31854	3.340909090909091	18
33237	3.6997354497354498	34
36056	4.0	12
45335	3.1875	24
45611	2.938888888888889	14
47274	3.9291666666666667	32
51638	3.412337662337662	36
51857	3.7625	17
53038	3.7853535353535355	20
48342	3.6	31
32156	2.3333333333333335	3
42094	4.163847117794487	48
50158	3.2129032258064516	47
51694	3.4191849816849818	67
51933	3.4029605263157894	27
47976	2.925641025641026	41
44161	2.8	10
52838	3.206043956043956	49
54934	2.3856382978723403	55
8606	4.0	5
32333	3.25	2
46839	3.6136363636363633	15
50011	3.6193693693693696	43
27362	3.432142857142857	17
32158	3.75	2
50253	2.625	13
51911	3.466666666666667	11
8719	2.9875	9
26898	2.642857142857143	8
33592	3.62987012987013	25
8659	4.0	5
44633	3.8657194060419866	93
25899	3.251923076923077	23
25951	3.8703703703703702	14
54278	2.3635190918472655	54
26746	2.675189393939394	46
33781	3.091666666666667	31
53737	3.375	28
47306	3.3159722222222223	26
54284	3.196428571428571	9
8518	3.8333333333333335	11
44073	3.305803571428571	23
47723	3.6030092592592595	26
32354	3.666666666666667	4
8069	3.25	6
8480	2.958333333333333	7
8672	3.75	4
8721	2.7625	13
8976	2.875	3
9012	3.25	3
26364	3.575	13
50151	2.5294117647058822	23
8452	2.1	5
26616	3.4523809523809526	26
26123	3.25	33
8339	4.0	2
8729	3.5625	6
8821	2.544642857142857	11
8890	1.75	4
32120	2.5	4
34065	3.001923076923077	23
52724	2.7785714285714285	60
54281	3.0894702842377257	179
8901	3.375	5
8203	4.375	5
8625	3.85	7
8668	3.5	1
8876	3.6041666666666665	7
47815	1.9375	5
50354	2.916666666666667	13
44889	3.8625	41
32999	2.75	4
48909	3.025	13
54612	3.3666666666666667	37
54734	2.627642276422764	48
32649	4.116071428571429	15
33160	1.0	1
7935	3.458333333333333	9
8381	3.5625	8
8621	3.25	3
25924	3.59375	16
9006	2.75	2
27587	3.2583333333333333	11
47493	3.6805555555555554	15
36152	3.3125	12
52016	2.5	4
8635	2.4642857142857144	8
54745	3.7392330383480825	125
8777	2.9375	7
32141	2.625	3
31680	3.5	3
31004	3.625	3
32062	3.0	1
26544	3.3166666666666664	14
54783	2.25	10
27436	3.375	5
33140	3.5	1
32345	3.4375	8
54778	2.0	4
7953	2.708333333333333	5
8845	3.633333333333333	8
31750	3.25	2
8627	2.5	2
8646	2.875	3
8843	2.833333333333333	5
8883	3.125	4
32056	3.5	4
8187	3.05	10
26136	3.166666666666667	5
8708	3.0	1
8095	3.0	1
31011	3.125	3
31598	3.0	1
32389	4.0	2
7985	3.0	1
8953	3.0	2
7880	3.083333333333333	4
8068	4.0	2
8148	3.5	1
8262	4.0	1
8335	4.0	2
8399	3.0	4
8450	2.125	3
8461	2.5	1
8647	2.583333333333333	4
8763	2.5	2
8802	3.25	2
8817	2.125	3
8824	2.0	1
8897	3.25	2
31742	3.0	1
32166	2.5	1
33191	3.0	3
54796	2.8504901960784315	139
27611	4.142803970223325	168
54881	4.059046345811051	377
27005	3.7238805970149254	67
44849	3.5194805194805197	77
51007	3.6025641025641026	39
53189	3.4361702127659575	94
53519	3.426164631388512	614
54995	3.831221198156682	565
52950	3.432142857142857	141
31359	3.7115384615384617	26
52448	3.2976190476190474	42
27255	3.789473684210526	19
38499	3.975	84
47202	3.727272727272727	66
48262	3.36734693877551	51
53207	2.59740990990991	151
48741	3.55241935483871	63
47937	3.1845238095238093	84
50851	3.7	96
27513	3.4615384615384617	13
54094	3.3875	40
46653	3.8260869565217392	23
48943	2.223404255319149	48
25793	3.3636363636363638	22
26269	4.033333333333333	30
26270	4.055555555555555	18
26903	4.020408163265306	49
54075	3.25	14
25771	4.138888888888889	64
26614	3.966023107327455	266
53752	3.5	3
54372	3.7719298245614037	57
52952	4.056746031746032	277
54962	3.336448598130841	107
33410	3.625	12
50003	3.0277777777777777	64
46855	3.9214285714285713	70
48711	3.236842105263158	19
52591	2.8076923076923075	39
53450	3.4047619047619047	21
54510	3.2666666666666666	15
27866	3.661290322580645	31
48682	3.54	25
48872	3.5625	49
53161	3.5823170731707314	43
27368	2.8779069767441863	45
54328	3.3095238095238093	21
26133	3.382051282051282	198
53447	3.299645390070922	97
38294	2.894230769230769	52
46959	3.0	38
47836	3.3333333333333335	15
52005	3.064516129032258	31
53143	3.130434782608696	23
53574	3.3333333333333335	30
53578	3.573529411764706	34
54193	3.472972972972973	37
26280	3.5	32
26698	2.9	25
32174	2.75	36
49265	4.116666666666667	16
52606	3.202127659574468	47
54331	3.4210526315789473	76
52356	3.066666666666667	30
47446	2.875	29
32657	4.571428571428571	7
33558	3.72	25
49422	3.6363636363636362	22
50658	4.03030303030303	66
52767	3.741935483870968	64
51498	1.9166666666666665	9
50842	3.482142857142857	57
26693	2.8365384615384617	43
52435	3.721153846153846	189
25943	3.725806451612903	31
46062	2.34375	58
26778	2.5	20
25746	3.1515151515151514	34
48032	3.4864864864864864	37
55020	2.738095238095238	63
53769	3.760416666666667	19
8697	3.6	5
53326	3.0357142857142856	14
25744	3.090909090909091	11
26007	3.7126623376623376	79
26336	3.1363636363636362	11
26950	2.625	4
27450	2.25	11
31785	3.4047619047619047	23
40752	2.5833333333333335	6
43391	2.8522727272727275	13
48214	3.4615384615384617	13
51127	3.75	8
51277	3.859375	33
51562	3.0	16
53883	4.5	4
32743	3.0	44
44301	3.3935185185185186	29
50858	3.1923076923076925	39
25946	3.296875	32
49666	3.25	36
8330	3.625	36
32239	3.4047619047619047	42
48584	2.625	12
38198	3.4166666666666665	24
45664	3.142857142857143	21
48150	2.65	10
51991	3.466666666666667	30
26323	2.769230769230769	13
33072	3.7419354838709675	31
33451	4.076923076923077	26
41136	3.526315789473684	19
47940	3.59375	16
40337	3.6315789473684212	19
43899	3.5	12
27843	3.6481481481481484	27
26566	3.0625	8
42602	3.7857142857142856	7
53349	3.171875	32
39703	3.229166666666667	14
25905	4.270833333333334	13
47721	4.382352941176471	52
26228	3.875	4
31900	3.375	5
47047	3.1666666666666665	3
47394	3.821428571428571	16
42634	3.423076923076923	26
27716	3.4444444444444446	18
25783	3.0	4
25797	3.642857142857143	7
25832	3.5	2
25840	3.6666666666666665	9
25878	2.5714285714285716	7
25900	3.375	17
26110	3.5	3
26113	4.071428571428571	7
26208	3.5	9
26265	3.2857142857142856	7
26345	3.3	10
26366	3.6724137931034484	29
26524	3.92	25
26982	3.5	11
31349	3.15625	9
31950	3.625	9
32844	3.8125	8
32954	3.5833333333333335	6
32966	3.5	7
33113	3.8333333333333335	6
33905	3.5714285714285716	7
39369	3.857142857142857	7
42681	3.25	10
44978	3.125	3
46258	3.5625	8
46901	3.625	4
47049	2.9285714285714284	7
47148	3.75	14
47330	3.066666666666667	15
47615	3.125	8
47728	3.75	6
50619	3.0	4
51314	3.6	10
52352	3.5	5
53887	3.048780487804878	42
54958	2.625	4
46194	3.142857142857143	7
8888	2.5	1
26796	3.9310344827586206	29
54978	3.1875	16
26681	3.5555555555555554	27
26811	3.2083333333333335	12
31628	3.9166666666666665	6
54198	2.8333333333333335	3
50259	3.4423076923076925	26
26550	3.7	15
31545	4.25	2
31547	3.75	2
33288	3.4583333333333335	12
33340	3.75	6
38435	3.5	1
40491	3.2916666666666665	12
26989	2.9166666666666665	6
52227	2.8636363636363638	44
26107	3.75	6
52037	3.272727272727273	22
54621	3.607142857142857	14
38824	3.0	7
25960	3.3125	8
26158	3.962962962962963	27
26189	2.966666666666667	15
31930	3.6538461538461537	13
49688	3.675	20
25964	3.75	2
25975	4.5	3
26159	3.6875	8
26185	3.125	4
26743	4.25	4
26842	3.8636363636363638	11
26934	3.7142857142857144	7
27109	3.6136363636363633	12
27620	3.4166666666666665	6
37335	3.6666666666666665	6
39474	3.75	2
40494	3.5	2
45412	3.75	4
49571	3.083333333333333	7
26676	2.25	10
26812	3.3461538461538463	13
26901	2.9285714285714284	7
39768	3.0	8
27537	2.857142857142857	7
37955	3.45	20
26251	3.5416666666666665	12
26147	4.428571428571429	15
32875	3.7777777777777777	9
27544	3.1153846153846154	13
31156	3.5694444444444446	19
26225	3.3333333333333335	9
31123	3.5555555555555554	9
25977	3.732142857142857	15
31160	3.590909090909091	12
38843	3.5	5
32456	3.4166666666666665	18
27884	3.3181818181818183	12
25941	3.7222222222222223	9
33119	3.0	3
50583	3.625	4
50347	3.375	4
44777	2.708333333333333	8
26326	4.05	10
40833	4.0	1
34499	2.736842105263158	19
26277	3.5	14
26339	3.5833333333333335	6
31148	3.5	13
25798	3.5	6
32825	3.5833333333333335	6
33321	3.40625	17
27695	3.5	4
25885	3.25	2
26079	3.4285714285714284	7
27376	3.8461538461538463	13
48198	2.9	5
54505	3.1818181818181817	11
47117	3.375	16
52545	3.458333333333333	14
52561	3.0	4
54196	3.09375	16
53833	4.0	1
52666	3.53125	9
54419	3.375	4
26431	3.7857142857142856	7
27736	3.0	8
39412	3.0	1
51304	1.6	5
34299	3.875	4
30745	3.125	20
48567	3.6	5
38095	3.2222222222222223	9
27746	3.4722222222222223	12
25807	3.25	7
27402	3.0555555555555554	12
42556	3.25	6
40586	3.75	8
45981	1.7307692307692308	27
8940	2.5	1
49817	3.9166666666666665	6
53835	3.7	5
36752	2.3333333333333335	3
25782	3.75	4
26360	4.071428571428571	7
44587	3.7333333333333334	15
50898	3.1666666666666665	3
25736	2.8333333333333335	3
25737	3.625	4
25934	3.2	10
26142	3.8333333333333335	4
26379	3.5	8
26649	4.222222222222222	13
26861	3.0	4
33296	3.0	5
33629	3.1666666666666665	6
44238	2.0	3
44911	2.982142857142857	9
45707	3.5	1
51014	3.0	4
54910	3.583333333333333	10
43853	3.6666666666666665	3
46231	3.0	4
25789	4.25	2
50970	1.6875	5
32792	4.214285714285714	7
46581	2.5	1
27573	3.1	5
41336	4.1	5
27857	3.9375	8
53476	3.25	2
32444	4.125	4
27114	3.333333333333333	7
33008	3.5	3
54144	3.5	1
25759	3.9285714285714284	7
43011	2.75	6
46034	3.625	4
27095	3.5	6
27679	3.0	2
27740	2.5	1
31188	3.5	4
49856	3.375	4
52929	3.5833333333333335	6
53342	3.5	1
54691	3.8333333333333335	6
37287	3.0833333333333335	6
41627	4.21875	10
50594	3.4	5
52101	3.75	2
26176	3.875	4
48231	3.5555555555555554	9
8394	0.5	1
8707	0.5	1
26347	3.625	4
47634	3.0	8
38320	3.75	2
47601	3.5	3
26059	3.0	2
26049	4.166666666666667	3
46664	4.0	7
25914	3.9	5
26483	3.5	4
37976	3.75	4
41699	3.875	4
49037	4.0	2
31309	4.125	4
44653	4.166666666666667	3
32211	2.8333333333333335	3
50949	3.375	4
26048	4.666666666666666	4
26073	4.666666666666666	4
42213	3.85	6
52865	3.0	1
26699	3.8	5
53355	5.0	1
8038	0.5	1
43007	3.5	2
51209	5.0	1
26498	4.25	2
26494	3.4	5
33264	5.0	2
33608	3.8333333333333335	3
48123	4.0	2
51372	3.5625	6
26067	4.0	1
27338	3.0454545454545454	12
8037	2.5	1
31998	3.125	4
37957	2.5	1
39659	2.5	2
42783	5.0	1
48374	3.0	1
48649	1.5	1
48899	4.0	1
8041	1.5	1
8455	5.0	1
50477	4.5	1
26612	2.5	2
54318	2.5	1
39429	2.5	1
43710	3.1666666666666665	3