2640	3.3467731284659537	1822
2710	2.7830241144342773	2588
2797	3.481664602396308	2374
2858	4.03027792228436	6178
3429	3.9983620497379277	336
3897	3.699651372097349	2539
4034	3.6599273861325945	2646
4226	4.080086261184959	5295
2671	3.3807695742648693	1425
2676	3.0478363759296823	115
2683	2.987107098486057	3629
2688	2.981937080674194	522
2694	3.0660782471446115	909
2706	3.128839298482749	3417
2714	3.021428571428572	14
2762	3.882556531676154	5675
2827	2.5718890156737824	247
2840	3.012032186947027	466
2959	4.277622184929539	6368
3065	3.3263888888888893	14
3101	3.276100293568275	833
3147	3.997992910319884	3130
3176	3.449992205200057	1542
3225	2.7628205128205128	49
3238	2.733333333333333	29
3408	3.4197404492388213	2138
3451	3.8550479364294388	241
3753	3.360728532204136	1640
3844	3.4806663499273816	311
3948	3.346087253674824	2509
3994	3.4193933381287547	2111
3996	3.744061307899658	4054
3998	2.7966677822867423	180
3999	2.7688500991617087	304
4022	3.456444846374032	2769
4025	2.8348937692971368	1211
4069	2.880462640213463	426
4161	2.9154130728226715	506
4223	3.6124315633848094	982
4246	3.2450656637992297	2021
4310	2.8331592241098447	1240
4776	3.7199752103677035	1234
4880	3.6715236717074897	297
4896	3.5038166224558904	2763
4963	3.769984958355983	4515
4973	4.207828323088002	4489
4975	3.289457083954207	1417
4993	4.080648573501312	6600
4995	3.7977328209157317	4150
2628	2.9144690680286556	4055
2716	3.5420679403998427	3867
2810	3.6123570261437905	146
2987	3.509684840999701	2619
2997	3.8288777851263034	3457
3000	4.144368686868687	1320
3114	3.5107026457057073	2859
3160	3.785821858814228	1477
3578	3.895025080459491	5092
3793	3.5418760119708135	4306
3910	3.8920734479341164	524
3949	3.9008526930219665	2531
4011	4.063790250972275	3040
4306	3.8426971197110347	5657
4720	3.723506544528346	1539
2657	3.2651624316762775	1289
2660	3.49375	63
2692	3.841289508597554	2268
2700	3.653324605545479	2210
2712	3.1539378060384458	1750
2726	4.093405212716223	301
2728	3.869411340259352	549
2729	3.84776540544853	365
2731	4.043798788523926	343
2750	3.838450292397661	119
2791	3.7460604219455744	2176
2927	3.907011289364231	83
2935	4.046489563567362	96
2947	3.7139310263653487	1470
2948	3.7077539356142006	781
2949	3.644375348857201	813
2951	3.9526093361644694	735
2966	3.857837635615413	346
2973	4.064252882724906	275
2989	3.5209574349078503	408
2990	3.0846116458636956	405
2991	3.367067286841877	484
2993	3.7926559354900333	431
3022	4.333124163319947	254
3030	4.074858424185633	510
3082	2.9763072575572576	840
3089	4.039400358898546	369
3095	3.8169264286911346	236
3129	3.6155862925669786	135
3134	4.015500725689405	169
3140	3.8055555555555554	10
3232	3.8680555555555554	28
3306	4.023881673881674	63
3307	4.094941876781499	297
3310	3.9848569305091046	139
3311	3.9805555555555556	20
3365	4.0173958333333335	222
3435	4.240585464142914	600
3462	4.061115519076861	477
3468	3.8449206820656934	445
3471	3.687047083814512	1522
3487	3.714460784313726	47
3503	3.825868076414755	303
3507	3.668138259870158	277
3559	3.7460317460317456	39
3618	3.4384173247413665	128
3629	3.893153506358523	262
3632	3.802747252747253	44
3633	3.463733790230464	304
3635	3.4077910684954884	473
3638	3.178973000683527	433
3639	3.36269983902517	429
3640	3.1545454545454543	22
3641	3.159722222222222	13
3676	3.786189080760509	342
3681	3.916565374285341	736
3730	4.035211146254422	385
3742	3.8440065681444993	215
3801	3.96579261226189	217
3812	3.544227994227994	203
3813	3.7288124156545206	52
3814	4.243842149262806	183
3868	3.592211835699649	832
3869	3.5252760406074164	596
3984	3.478390613451589	496
4005	3.2445079763793405	233
4186	3.4375	20
4323	3.3888888888888893	24
4329	3.838534078031407	166
4356	3.713128101736973	137
4359	3.693701737451738	138
4392	3.6397759103641456	41
4393	3.8219576719576716	33
4401	3.6255411255411256	27
4404	3.1292225128037483	64
4406	3.9797008547008548	222
4408	3.507936507936508	19
4409	3.6603896103896107	28
4628	3.3207663370951095	67
4733	3.134752383653405	140
4768	3.9016835016835016	25
4802	3.6366085049580477	74
4914	4.037304534545914	254
5008	4.0620458170861395	231
5017	4.116667445410086	98
3258	2.7063717887899577	345
3889	2.4913222521713085	107
2672	3.4652859508761984	351
2819	3.6539802459445316	284
2918	3.9057205135018433	3163
3006	3.8378789055835836	892
3178	3.6777033387083597	440
3198	3.9719120266962724	588
3275	3.9592492346753456	1511
3386	3.508304421768708	744
3510	3.257932952272488	860
4262	3.9010734936154012	1892
4641	3.6956763238821124	747
4878	4.018309914268525	3632
4901	3.7323842173838138	705
4979	3.7580445330607923	1963
5064	3.816981521654846	832
3334	4.108793495317418	218
4027	3.8146508855917443	2900
4187	3.9048142717497556	96
4881	3.9158721791038973	589
5072	3.5087452869710933	202
2761	3.692682653385189	839
2804	3.981188625728704	1208
3071	3.605496336640083	200
3252	3.7956392955810525	873
3363	3.666354095699882	692
3498	3.9120368503664875	318
3505	3.7252538696638076	196
3671	3.926465667891814	1228
4007	3.736252409509531	476
4019	3.698464539978094	579
4103	3.768846895676164	446
4326	3.8473632018613517	505
4616	3.5443798709274024	240
3271	3.477695364979848	370
3499	3.65076223391179	1026
2594	3.5377536655159285	409
2924	3.6370344065656566	235
3018	3.5056186572379193	165
3075	3.8928825963009315	118
3108	3.9241156256316962	647
3174	3.5321560619851398	843
3339	3.708434624844925	113
3432	2.6497549019607844	39
3470	4.091857613864175	134
3481	3.8075462314820214	2038
3527	3.58069793316347	1775
3615	2.9370682289512033	154
3726	3.667395104895105	135
3755	2.991472637564163	1141
3972	3.7123191459474647	323
4009	3.4053544494720964	51
4121	3.2517580689750503	266
4235	3.969763669920857	1116
4238	3.3413427969104803	255
4251	3.5767500719010648	149
4327	3.8663556897788904	544
4378	3.561460953537456	253
4387	3.3132451108817613	178
4438	3.585576923076923	72
4444	3.4617647058823526	76
4470	3.638888888888889	63
4546	3.9153265832837008	217
4557	3.467460317460317	69
4658	3.884126984126984	37
4701	3.105972358154582	743
4846	3.756200541020672	153
4855	3.8637640252161676	782
5010	3.708767158636456	1552
5059	4.040139102235876	102
3623	2.958250089530176	2555
4886	3.795415542673758	4193
3052	3.542150985936228	2502
3224	4.052217553688142	60
3421	3.8136306484873397	1437
3300	3.477127465907586	792
3479	3.868211683580536	297
3593	1.5643471074788522	382
3751	3.4163977128800376	1969
4446	3.0872982209094655	781
4874	3.4622893438613795	939
5047	3.0377864437727142	187
2701	2.3637446867622685	1497
3361	3.4241901996732915	711
3494	3.6369565217391306	93
3508	3.522033921676779	348
3871	3.654360812425329	118
3905	3.3796296296296298	17
3916	3.741831355523155	941
4321	3.301068808139976	820
4380	3.8864914021164023	122
4465	3.605795739348371	240
4833	3.1651529146141213	75
4848	3.70071855013071	1507
4903	3.699759837757062	206
5060	3.8056002930847086	869
5093	2.5913180386864596	230
2699	2.657643024473932	1509
2881	2.979157474456842	637
2890	3.4212398510719573	1505
3301	3.32329624344014	762
3317	3.5979805875838706	642
3355	3.4950987339380197	506
3476	3.9392274212397558	466
3624	3.096679334898654	902
3735	3.8874718508915835	463
3798	3.4327170997408856	624
3977	2.6094930084111216	2527
4105	3.573188824268459	748
4148	2.8904359718143513	924
4299	3.3401538577160403	689
4344	3.03875383486728	827
4383	3.631572413094152	143
4448	3.434277152156409	405
4744	2.535216648687522	238
4775	1.0581688596491228	91
4865	3.549890700858258	700
4866	3.4016654641654642	143
4876	2.6248000975720744	242
5026	3.43726592238497	373
2681	3.481240981240981	37
3020	3.4623033009991118	656
3186	3.701814997242529	586
3265	3.700313714165704	287
4029	3.339052389248382	187
4037	3.928925366826329	139
4308	3.39936458342643	1907
4467	3.5592311370954772	403
4489	3.532327331934973	598
4681	3.345118007101532	237
4857	3.614824198238027	366
2916	3.409369153783543	2286
3039	3.7218476670525433	819
3390	2.2714285714285714	19
3706	3.7317163177670425	210
3836	3.8623565146094214	168
4499	3.8632158400420993	479
4577	3.298186396146548	79
4636	2.412253187988482	83
2722	2.4427323348694316	722
3033	3.480788236365941	1484
3081	3.5789691173310176	1787
3418	3.5794507231156265	1229
3448	3.5219046471033932	1458
3827	2.9011784360008304	463
4041	3.3717924270201878	353
4270	2.7836889291256797	1030
4388	2.5724421056377063	642
2787	3.0538690476190475	64
2926	3.310185185185185	190
3571	3.369047619047619	25
3973	1.9525293586269197	154
4080	2.9462915601023014	48
4132	3.05158215408805	146
4146	3.155615292712067	67
4532	2.9590888987173822	43
4686	1.5632094943240453	109
2677	4.008566856945166	205
2843	4.096118109635058	223
3060	3.6772677482117606	476
3100	3.5333674037844167	474
3240	2.533333333333333	8
3247	3.0068978699125144	769
3412	3.6932539682539685	55
3967	3.7076584651975186	858
4014	3.6369693168804247	1546
4018	3.023407842157842	1104
4023	3.1129374903878446	456
4535	3.624732905982906	82
4703	3.9395933858631484	247
4741	3.993112384069831	142
4447	2.959515425557141	1329
3016	3.2268179999272437	138
3175	3.2762777786125272	1406
3694	3.1454861111111114	32
3695	2.798406862745098	29
3697	2.8173447732233807	639
3745	3.165794308229621	446
3785	2.7061644438298993	1168
3826	2.5453563690555083	816
3863	3.0697753146097098	844
3919	2.4210509472606248	69
3981	2.7668072892587454	329
4030	2.542167467948718	136
4493	2.6	39
4494	2.4046717171717176	33
4533	3.4848108693689626	173
4638	2.6069848134762266	832
4735	2.7480888093689004	164
4792	2.584821428571429	92
4852	2.335016835016835	27
4958	3.07998832066521	330
2617	3.027536116933582	2277
4297	3.96969696969697	31
4976	3.383989865969271	89
3556	3.662484228597136	827
3950	3.583678427024912	171
3992	3.719786866359447	115
4020	3.576864607564401	277
4033	3.636901061901062	325
4239	3.837514444056451	1073
4347	3.535353535353536	23
4873	3.8392322419108424	468
5015	3.4211287260568968	622
4370	3.197296837680036	1755
3608	2.8240136229890327	509
2599	3.6316893084273962	1143
2985	3.1324611279805	1552
2633	2.4406440548780486	129
3125	3.477777777777778	61
4296	3.6760912698412698	82
3911	3.7746260288093962	1139
4002	3.712097320875947	824
4816	3.1743368076321055	1291
3253	3.0723601212335208	1754
3535	3.4314239560909643	1072
3892	2.9674242424242423	49
4361	3.2712801364402115	871
4725	3.433683538170125	128
3010	3.8858225108225106	22
3083	4.106581193007235	511
4144	4.190201218602594	378
5051	3.4990942028985508	85
2644	3.751330532212885	176
2717	2.8628342735695673	1042
2882	3.2963980463980462	45
2905	4.061226298068403	156
2908	3.851954564788045	783
3034	3.6485281479718656	504
3054	1.7757331378299122	137
3165	2.3111111111111113	24
3254	2.86104449002528	551
3273	2.3709348971092603	601
3328	3.839787083688572	487
3703	3.7177644100946337	911
3704	3.0173151092268733	530
3744	2.874162301224019	397
3752	2.908001107419712	960
3799	1.760372621564482	132
3988	2.889322778661014	662
4015	2.5027473950792016	821
4085	3.45065794334691	1408
4102	3.6855459770114942	301
4164	3.097222222222222	31
4214	3.158811585035812	383
4215	2.5243516399694887	97
4241	1.295563973063973	87
4367	2.877671034377993	1042
4440	3.598852901484481	71
4442	3.4957671957671956	21
4565	2.414241622574956	60
4566	1.7491987179487178	31
4567	1.6424242424242423	23
4640	3.5486553110666588	113
4718	2.9355666449299163	1235
4734	3.0097819767441862	848
4890	2.8149385196346524	622
3917	3.389297483125804	239
3969	3.5148583884731925	557
4349	4.030654761904762	153
3849	3.6384615384615384	31
2788	4.1371902118587665	713
2921	3.732935872261265	182
2952	3.662328375286041	139
3104	3.706798381882979	326
3362	4.055984647321836	797
3683	4.079070723684211	466
2702	3.33382427994497	188
2719	2.484867306256218	385
2720	2.1600772032511477	303
2723	3.0233314323767817	689
2735	2.8729649616613315	259
2789	2.934213250517598	94
2871	3.8349451296796704	788
2883	3.210927960927961	60
2922	3.5277056277056276	98
2929	3.501209921355112	64
2944	3.649351092896175	727
2953	2.6475522357332575	916
2977	2.895238095238095	21
3032	3.4938262195121954	114
3037	3.876596129499005	223
3040	3.250911803713528	89
3062	3.9118023255813954	199
3066	3.695360064687976	194
3074	3.888862897985705	71
3146	2.3299705044077683	450
3153	3.3858718414072313	61
3157	2.785929645926539	444
3204	3.3710257221168036	102
3219	3.1432291666666665	82
3263	3.0380004651563848	597
3359	3.872917896255492	197
3409	3.2272297513169725	626
3555	2.857250388500389	625
3682	3.6720452069716774	133
3693	3.4628246753246756	83
3702	3.457259193907801	964
3740	3.4818283602112903	521
3763	3.46149292169299	226
3809	3.385642504940336	562
3858	2.953827160493827	67
3978	3.373095630902264	220
3997	2.237713675213675	232
4000	3.567791005291005	63
4195	3.5	53
4553	3.836854566083171	182
4558	2.819390447273981	448
4571	3.2563218652648582	1100
4610	2.830808080808081	24
4709	2.8333333333333335	30
4728	3.08389869607597	409
4754	3.640697167755991	285
4826	3.572751322751323	67
4911	2.946303258145363	91
4941	2.9610795454545453	197
4954	3.6502239199157005	307
4957	3.46875	58
4980	2.9699919068276945	442
5065	3.0106770833333334	322
2664	3.7538022281433427	270
2863	3.734432234432235	274
2971	3.850674019607843	93
2983	3.8351851851851855	45
3072	3.2882151586844564	571
3105	3.605357818113065	719
3185	3.1964674758792406	83
3230	3.374747474747475	27
3255	3.3843309948958358	1006
3420	3.6451851851851855	63
3450	3.3140925056795005	560
3552	3.6667293602197293	985
4086	3.7654761904761904	80
4280	3.5002399283988956	252
4292	3.803623577090411	86
4464	3.668790064102564	102
4495	3.7546296296296298	35
4809	3.6060267857142856	85
2605	3.0499744751800675	742
2803	3.339522471641677	484
3155	3.4314147655782112	295
3256	3.4273432223255225	833
3315	1.5	3
3654	3.875165490431884	402
4143	2.0385416666666663	68
4661	3.5050239234449765	102
4662	3.2689109990459317	85
4999	4.0375000000000005	29
4336	3.7294061302681993	86
2618	3.886616161616162	144
2641	3.0214818989490047	792
2642	3.136250910598106	404
2915	3.219108558283115	785
3156	3.137960425633668	354
3438	2.696687298464229	523
3439	2.938632870142646	307
3489	3.191300698756099	1058
3594	3.43325754975978	99
3775	2.8777777777777778	10
3825	2.6242446670528863	533
4016	3.4034927303847478	652
4823	3.511871688254342	395
4936	3.0796783625730995	108
4974	2.852589000041744	362
4992	3.0727164466957895	367
5014	3.615240357839042	423
5066	3.610185834502104	225
3396	3.4359649006886444	728
4008	3.4045647157104364	439
2763	3.5388167734127935	1083
2770	2.621096868159233	679
2846	3.3455365157078742	106
3051	2.92775974025974	54
3786	3.5291062801932367	153
4639	2.668551056786351	406
3035	3.857181889149102	114
3360	3.884581539396361	459
3469	3.9645833333333336	187
4322	3.7325231704842916	218
2912	3.6102495175075817	161
4128	3.208835998072365	586
2795	3.765112218678159	639
2643	2.020108419877541	332
2746	3.2193037081270464	703
4010	3.166018035121025	128
4343	2.8782857250734546	635
4676	2.450892857142857	71
3159	3.5537377103422196	330
3512	3.223563829787234	160
3675	3.6798650568181817	148
4039	3.1519449319020185	215
2709	3.301846590909091	86
2739	3.4940027280657766	445
2807	1.8179339817270852	120
2857	3.6315419747133824	388
3005	3.199985174830964	601
3244	3.657658425689116	55
3257	2.7727867032683333	625
3440	2.198659373659374	236
3551	3.6646483267158256	315
3699	3.158944863505747	252
4051	0.9603174603174603	15
4425	1.3833333333333335	22
4427	3.981939287342844	179
4476	3.07736013986014	29
4544	2.558048245614035	172
4704	3.4591750841750843	32
5040	2.7934351968534004	238
5049	3.4406821646341466	517
2682	3.452861952861953	25
2968	3.438528347504381	748
3168	3.874014504364994	537
4443	3.4302083333333333	85
4529	3.8053205931495406	66
5004	3.8290849673202616	107
2793	2.133674622161464	165
2867	3.368241758241758	110
3264	3.333713161838162	479
3461	3.4839611487189734	282
3617	2.9897824054978424	855
3698	2.9967547675723	736
3717	3.155017206270544	1276
3841	2.9257683215130026	117
3893	2.7775807567112456	452
4090	3.459051120448179	121
4351	3.09765537619087	421
4366	3.0153557267042856	247
4369	2.8813216227106757	1028
4643	2.719398463195287	1078
4679	3.3640625	270
4951	3.495475113122172	101
4990	2.9827620967741932	91
3810	2.983333333333333	19
3852	3.2963306534735106	92
4916	3.55982905982906	48
2707	3.520474606501396	633
4061	3.6091527520098947	105
4844	3.2999256783881434	311
3477	3.470982905982906	311
4390	2.5725108225108224	52
4847	3.3386243386243386	25
2932	3.9412815126050416	101
2600	3.6712505509121534	579
3581	3.561350930690553	144
4821	2.959863945578231	105
2616	2.6805253776228	538
2693	3.621824267341345	114
2724	2.7582326237105184	798
2942	2.8352357295698414	328
2950	2.762589871792057	297
2986	3.1720343807152847	466
3179	3.616369487558512	106
3262	3.7913301832760595	264
3335	1.625	6
3340	1.847222222222222	17
3424	3.9508343563074906	558
3722	2.3601190476190474	15
3918	3.115047534165181	111
3930	3.3929110105580698	64
4082	3.713968253968254	51
4084	3.088300758848663	514
4240	3.0238095238095237	37
4621	2.88449125249885	523
4624	3.3061954087346024	117
4863	3.6397435897435897	33
2794	2.8970166379804936	240
2861	3.141235119047619	89
3196	4.0321628550226	269
3431	2.6479978354978355	33
3434	2.2375000000000003	21
3643	3.027777777777778	15
4224	2.426623774509804	100
4474	3.110456337018837	119
4498	3.421099744245524	77
2598	3.1472578347578346	275
2686	3.6545021624774754	455
2718	3.5582468708827406	155
2725	3.660714285714286	19
2778	2.5416666666666665	14
2802	3.0623387096774195	99
2808	2.6358466427943053	356
2822	3.2628635765156506	103
2841	3.0753188775510205	370
2844	3.109375	27
2859	4.0683363652113655	101
2917	3.688316536020903	197
2919	3.733505747126437	97
3019	3.8134254588762784	240
3044	3.617691657189514	145
3057	2.3666666666666667	7
3063	2.3612689393939394	63
3070	3.5487360042437914	178
3087	3.4926055279562065	532
3098	3.87264716072694	467
3102	3.4268461007591444	43
3107	3.218542366198616	741
3113	2.6278410397975613	509
3141	3.1982142857142857	25
3148	3.696493930426576	738
3173	2.667546169457128	407
3197	3.027298850574713	58
3201	3.8922177306523826	146
3203	3.11261655011655	180
3243	2.7364066883990983	243
3249	2.918760633591942	215
3259	3.1885165401320923	258
3261	3.3282498779328247	199
3270	3.160118006993007	127
3272	3.425673270169394	95
3274	2.889717190704033	161
3285	3.178609132124352	532
3298	3.606075032842144	373
3316	2.3727162614517265	193
3445	2.9760101010101008	27
3452	2.9376316697540954	419
3526	3.426087246789637	335
3529	3.4154320987654323	57
3534	3.0628426695105526	373
3536	3.3193072097805105	332
3557	3.0641534391534395	51
3677	4.044564564564564	214
3686	3.2356027950651773	423
3705	2.804301948051948	125
3727	3.537797287253809	102
3747	3.600578149920255	54
3773	2.308718487394958	37
3783	3.868694740184854	172
3788	3.950813784324423	185
3791	3.182149777160738	321
3802	2.5370670995670994	89
3821	2.139814659977703	273
3896	3.5017738791423003	115
3906	3.3754960317460316	43
3908	2.1348862802641233	96
3925	3.856464779258897	111
3952	3.5462184873949583	127
3953	2.3944882831181253	117
3979	2.5779128440366974	388
3983	3.8977273138252664	184
3986	2.833337842712843	515
3987	2.8823385659249037	87
4054	3.192111850967037	357
4055	3.4780701754385963	34
4062	3.13106433796089	134
4126	2.9348237812911724	47
4172	3.25	4
4210	3.474603174603175	199
4218	4.0342086834733895	76
4221	2.9269841269841272	41
4225	3.632236248179076	177
4228	2.3333825511336608	157
4267	3.1514008620689657	96
4333	2.9926474543024146	264
4354	2.801120448179272	37
4396	2.769738590514846	169
4452	3.236217008797654	69
4496	3.1265120967741935	55
4506	3.284848484848485	113
4520	2.8218954248366015	35
4537	3.439814814814815	46
4545	3.0774065723850517	379
4570	2.4555555555555557	19
4595	3.3777777777777778	22
4623	3.2570875618006765	460
4625	2.6550480769230766	26
4649	3.588415948275862	103
4654	2.6337943898919507	95
4713	3.6221855040827875	146
4808	3.092610891523935	53
4814	3.243399419729207	164
4815	2.99327876984127	104
4889	3.3837849119611416	181
4898	2.9636102403343783	56
4978	3.719041466715885	130
5013	3.373798343883614	658
5021	3.826822916666667	110
5046	3.243383262636974	89
5081	3.1784250149075732	82
2687	3.2118185188687227	482
2713	2.425318284972586	281
2805	2.9070135373101476	349
2826	2.965156797682595	737
3882	2.7982931351416287	500
4303	3.625	9
4508	3.523441261434762	184
4677	3.091873848004698	303
2662	3.4782600180638505	417
3004	2.044239941298765	94
3388	3.359360730593607	154
3513	3.219711375212224	169
4678	3.5467508167411266	236
4994	3.3296160833811435	201
5009	3.0791219448171265	213
3713	3.8847222222222224	33
3728	3.7549019607843137	36
4738	3.126061076604555	68
4774	3.223295454545455	77
2872	3.545372122552749	459
3668	3.3006863168946667	266
4232	2.4589329831999747	350
4341	2.785714285714286	26
4700	3.1594296245630034	281
5076	3.2213541666666665	43
3210	3.6439898366440615	941
4220	3.6051458049930067	148
4515	3.582369991474851	82
4779	3.6666666666666665	14
5055	2.995433340244661	224
4179	3.8287037037037037	19
3688	2.818632001872367	235
3645	4.022222222222222	31
2653	2.869444444444445	12
3931	1.7261904761904763	11
4277	3.5972222222222228	21
4562	3.4555555555555557	32
4091	3.543123543123543	95
4410	3.2233796296296298	54
2792	2.8286857262740313	372
3267	3.5285530362977333	417
2622	3.01318346390656	204
3287	2.702205882352941	61
4149	3.100217345945194	215
4095	3.9447605083088955	78
3077	4.022351916376307	119
4191	3.331516869253545	102
4236	3.3666666666666667	18
4888	3.6288244766505637	83
2812	3.1055555555555556	15
5027	2.5176085568326947	143
3959	3.7968460916149245	274
2860	2.819285573899371	178
4006	2.9947145919339473	215
4845	2.0814193314193314	84
3598	3.1690705128205128	82
3720	3.6089502602660497	54
3943	3.403508771929825	52
4345	3.2693833943833943	66
4902	3.6058792039918277	248
3353	3.1	7
3397	3.6863151748040988	162
3398	3.430116033755274	164
4040	2.492996586746587	165
4092	2.9891774891774894	33
3091	3.8005631497882173	154
3655	3.5789141414141414	42
2678	3.0708333333333333	11
3069	3.0	7
3093	3.775896990740741	78
3115	3.599468954248366	35
3143	3.367424242424242	17
3200	3.7952928297755886	68
3289	3.869073083778966	49
3427	3.0812500000000003	29
3430	3.571522516835017	67
3467	3.761111111111111	81
3472	3.1875	14
3485	3.416666666666667	5
3509	2.7583333333333333	19
3658	3.675396825396825	29
3685	3.6310654729360308	112
3736	4.050854700854701	107
3741	3.9589847418785253	253
3760	3.211721332316298	88
3769	3.247916666666667	31
3834	2.63125	21
3927	3.646422001037785	90
3947	3.55433410188845	88
4159	2.841025723697291	160
4160	3.744949494949495	22
4203	2.8794380587484034	53
4234	3.08287037037037	87
4298	4.084465077605321	130
4313	3.1888888888888887	36
4320	3.0416666666666665	17
4338	3.664717348927875	65
4381	3.6983698762283157	85
4411	3.6561447811447807	32
4426	3.993661740558292	68
4437	3.9441897040581253	146
4466	2.7783537718320326	66
4478	3.12867702661827	93
4488	3.3720288624787775	90
4689	3.0383597883597884	18
4714	3.193452380952381	42
4721	2.778554778554779	37
4785	3.2692307692307687	32
4789	3.2318713450292393	30
4930	3.5208333333333335	23
4945	3.3900548245614033	69
4967	3.9497602319112812	314
4977	3.469444444444445	21
5001	3.5194444444444444	49
5068	3.4067460317460316	31
5074	3.58897854596384	137
2815	2.6157013574660635	69
2862	2.5867753623188405	118
2889	3.498774509803922	114
2961	2.7351190476190474	53
3109	3.0555555555555554	13
3111	3.6899904214559385	52
3248	2.612751992498828	266
3441	3.241407203907204	192
3480	3.3833333333333333	51
3501	3.544730392156863	29
3519	3.206410256410256	58
3524	3.044724855303567	166
3628	3.390873015873016	14
3690	2.411327030812325	59
4536	3.0	1
4929	2.8249999999999997	55
2627	3.5	5
3088	3.9763877815628192	280
3094	3.672531512605042	37
3504	4.031841886926633	426
3545	3.7233979135618482	201
3591	3.1310142238713667	157
4178	3.7885749385749388	118
4190	3.7527777777777778	47
4211	3.764991181657848	77
4217	3.7635281385281387	55
4586	3.6880952380952383	22
4867	3.002155172413793	131
4969	3.8231008239072755	114
4245	3.595238095238095	11
2587	2.923422687152664	50
2697	3.527777777777778	11
2759	3.492228144989339	128
3177	2.7559228194091894	101
3246	3.6407387039009556	435
3326	2.551851851851852	42
3525	3.0734448951994593	123
3538	3.380306513409962	75
3543	3.6611772486772485	130
3646	2.1174786589235848	261
3861	2.9386148721255103	277
3955	2.8996948893974066	82
4068	2.8490079365079364	53
4158	2.15679117147708	84
4291	3.0605050872093025	127
4771	2.8000000000000003	42
5025	3.060931682046301	270
3250	3.2899400147655964	226
3358	3.4785297097562426	95
3478	3.3225394878318415	137
3554	3.350095785440613	57
5048	2.199074074074074	58
2747	3.288500816993464	196
3484	2.7493046232681393	211
3865	3.507183908045977	55
4124	1.9716520467836258	137
4745	3.2679716117216118	78
4384	3.8472222222222228	8
4248	2.4001219087425985	128
4389	3.4206349206349205	47
3701	3.2024728260869564	106
2745	3.793004449254449	188
2866	3.519078947368421	56
2937	4.100122100122101	47
3292	3.272321428571429	16
4174	3.603571428571428	46
4207	2.2386273209549072	71
2940	3.965329991645781	87
3097	3.8592184952247846	108
3296	3.653790159000196	124
3341	3.9764518247490392	47
3406	3.625	23
3466	3.657738095238095	40
4316	3.275	11
4340	2.3353359683794466	166
4485	2.7569444444444446	24
2806	2.3659322725418197	87
3324	3.1765873015873014	53
3709	2.3253067308794866	45
3993	3.5462208476245234	329
3053	3.221677559912854	190
2801	3.0685185185185184	28
3079	3.2668738011508953	90
4017	3.4938507552571374	162
4032	2.4166666666666665	5
4541	3.610248447204969	64
4770	2.7563131313131315	94
2606	3.0335315832649714	134
2730	3.747796068348128	280
3566	3.071372549019608	79
4247	2.679343748620857	239
4254	2.2449946785866324	191
4255	2.3058035714285716	186
5016	3.517596631954217	136
3811	3.8613711001642033	95
3067	4.0123182365471886	184
3920	4.125925925925926	22
4355	2.8582702020202024	33
2800	3.4431818181818183	27
2888	2.491953262786596	49
3980	3.670210023664638	341
4372	3.2850346718271246	142
2654	3.6903318903318905	44
2976	3.363161391322651	264
3932	3.5971386101820886	102
2734	2.7814666575442435	112
3251	3.5544786096256686	48
3299	2.526556776556777	48
3308	3.342261904761905	24
3436	2.7125	23
3550	2.9285670469880998	67
4067	2.9849206349206354	38
4578	2.5625	28
4991	2.6784005468215994	37
5022	3.888095238095238	34
2779	2.983634510869565	106
3189	3.362805010893246	112
3223	3.685185185185185	45
3573	1.4791666666666667	14
3689	2.265625	71
3729	3.153822892793481	73
4294	3.321969696969697	29
4471	2.413768115942029	40
4483	1.7412783295136236	72
4507	1.9166666666666667	6
4834	3.0088461538461537	44
4966	3.602215557275542	70
5044	2.5	5
3268	1.8430027282940138	222
3483	3.3809154951288694	158
4850	2.8074074074074074	38
4887	3.046839305711086	291
4125	1.3402777777777777	43
4229	2.2497795414462076	46
4348	3.2583333333333333	13
4746	2.194444444444444	12
2585	3.9132730015082955	60
2634	3.048369565217391	44
2765	3.79375	22
2898	2.9411111111111112	45
3392	2.3428442028985508	63
3399	3.3084415584415585	27
3426	3.2154257872503837	70
3474	2.5555555555555554	7
3847	2.6805555555555554	19
4591	3.4319444444444445	53
4682	2.6885714285714286	64
4996	3.679800724637681	56
3068	3.8558876380740976	129
3323	2.744444444444445	13
3848	2.8055555555555554	10
3029	2.9384920634920633	17
3687	3.1666666666666665	7
3770	3.274206349206349	62
3873	3.3929308565531477	74
4044	1.5714285714285714	9
4653	2.9166666666666665	6
4688	3.4922430510665805	44
4795	3.827799063431248	83
2906	2.419512586179253	59
3142	3.5367063492063493	75
3208	2.8797313797313797	161
3269	2.614352619263415	200
3354	2.6440016547159404	581
3649	2.836999550157445	75
3684	3.194655521783181	97
3707	2.9814039408866995	162
3879	2.9803628389154704	95
4167	2.9056590752242926	134
4487	2.799934348739496	294
2946	3.603299232736573	105
3521	3.8686488242939854	107
4328	2.8249999999999997	13
4209	2.777777777777778	13
3616	2.826969608981804	124
4407	3.69077474249888	94
4031	2.9604700854700856	49
2648	3.662048186665045	267
2690	3.714972325266443	124
2764	3.5999429223744293	217
2995	2.7903554778554778	220
3565	3.309835271317829	99
3614	3.067976847489568	84
3936	3.4901433691756267	58
3964	3.469907407407407	54
3968	2.89424321306615	414
4036	3.510123412508635	181
4052	3.2338596864648723	192
4519	3.4851701457509883	224
4646	3.6538126361655774	41
4787	3.4629317546740417	128
2586	2.708333333333333	5
2596	3.690152815934066	200
2597	1.9924242424242422	16
2602	2.9305555555555554	12
2608	3.6666666666666665	3
2611	3.390796703296703	43
2613	3.5667735042735043	42
2615	3.3464285714285715	16
2623	2.625	3
2625	3.1023809523809525	34
2639	3.404244652406417	38
2668	2.5022546897546896	51
2689	2.395833333333333	10
2691	3.966010802469136	79
2703	3.25	2
2740	2.5	3
2754	1.1666666666666667	7
2769	2.9	46
2771	2.9322916666666665	80
2772	3.1953562477622626	137
2781	3.3083333333333336	11
2785	3.2916666666666665	10
2796	3.076783037052902	59
2798	2.079924113354346	177
2799	1.9624458874458874	149
2829	2.748148148148148	48
2836	3.2108781918564526	48
2842	3.119047619047619	17
2853	3.041666666666667	5
2854	2.222222222222222	9
2855	2.7777777777777772	7
2868	2.488095238095238	18
2877	3.0899663399663404	84
2884	3.1750000000000003	10
2891	3.3651960784313726	59
2894	2.6848290598290596	31
2900	3.126984126984127	28
2901	3.464473786862225	74
2907	2.498941798941799	78
2914	2.6666666666666665	11
2920	4.018917748917748	75
2936	4.011499090522079	100
2956	3.0666666666666664	27
2967	3.5940170940170937	33
2974	1.620701754385965	54
2982	2.0555555555555554	12
2984	3.625	9
3007	3.881242435553746	118
3008	4.040404040404041	60
3013	3.1360780423280423	32
3015	3.0773809523809526	31
3017	2.6817129629629632	46
3021	2.510912698412698	18
3024	2.492063492063492	44
3026	1.0555555555555556	6
3055	3.38474025974026	22
3056	2.8055555555555554	12
3078	3.3777777777777778	26
3119	3.75	7
3130	2.3221212121212123	74
3133	3.9722222222222228	10
3145	3.063852813852814	32
3149	2.194444444444444	6
3150	3.8670033670033668	27
3152	3.839445438282648	160
3163	3.754644660894661	58
3169	3.8464827935222674	53
3181	3.375653594771242	95
3182	3.7583333333333333	47
3190	2.562538005472788	61
3205	3.913888888888889	24
3211	3.488888888888889	23
3216	2.895833333333333	14
3266	3.7583333333333333	129
3280	2.25	7
3294	2.5555555555555554	14
3322	1.5416666666666667	8
3344	2.8680555555555554	15
3347	3.8702188552188552	72
3351	2.8	11
3384	3.6584668192219683	84
3385	2.6924255082149817	35
3387	2.8353479510244877	65
3401	2.223611111111111	21
3444	3.101120857699805	162
3446	3.5625	14
3454	2.831746031746031	27
3502	3.2353801169590644	43
3511	2.416396103896104	33
3518	3.096969696969697	19
3537	2.9047619047619047	13
3546	3.7452223888055975	100
3553	2.30779340721796	50
3564	1.8378421472229602	159
3576	3.4763655462184873	69
3587	3.205882352941176	29
3613	3.3666666666666667	10
3620	3.6666666666666665	7
3627	3.4456796223100574	58
3650	3.1805555555555554	9
3653	3.767857142857143	47
3666	1.6166666666666665	12
3672	2.655344655344656	38
3696	2.9520202020202024	39
3708	2.9492775742775748	83
3712	3.1040400498675393	66
3718	3.301709401709401	27
3725	2.896825396825397	19
3731	3.2619047619047614	10
3732	2.904166666666667	31
3754	2.5104166666666665	101
3758	2.7916666666666665	11
3764	2.8756613756613754	42
3784	2.9007225912732797	120
3794	3.209401709401709	26
3824	2.237752447305759	111
3830	2.695238095238095	21
3831	3.580862290862291	104
3835	2.4858908045977013	62
3843	3.0239898989898992	35
3857	2.4118736383442267	36
3859	3.6791666666666667	19
3877	2.0609083191850592	86
3885	2.6777777777777776	13
3915	3.48425430778372	61
3928	3.582962962962963	44
3956	2.2418831168831166	37
3960	2.8222222222222224	10
3970	3.4173280423280423	40
3989	3.923972902097902	89
4021	3.83939656986532	82
4050	3.4166666666666665	8
4053	2.411111111111111	17
4056	3.3700431034482756	150
4066	3.055439078465394	73
4077	3.67979797979798	48
4079	3.0934782608695652	46
4081	2.1	12
4096	1.847222222222222	12
4097	2.1999999999999997	10
4104	2.3783119658119656	105
4110	3.284722222222222	19
4131	2.95	10
4133	2.4232392228293866	126
4135	3.279166666666667	38
4145	2.5833333333333335	4
4153	2.588454861111111	66
4154	2.3797979797979796	36
4162	2.111111111111111	14
4166	3.659572700691122	68
4201	3.2333333333333334	8
4222	2.242857142857143	19
4231	3.2155879514750487	68
4233	2.6845238095238098	59
4243	3.75	3
4256	3.1666666666666665	15
4265	1.9785235051452925	136
4266	2.8287037037037037	19
4295	2.1500000000000004	10
4304	3.5347619047619045	52
4305	2.5406393685963575	69
4317	2.840340909090909	61
4350	3.930555555555556	70
4368	2.2467665299000186	183
4373	2.689484126984127	53
4386	2.571981822784317	213
4450	3.319494309067298	117
4453	2.904166666666667	14
4468	3.15	18
4472	2.272222222222222	10
4477	2.421274961597542	71
4480	2.9809249786871272	64
4492	2.70863480090312	83
4497	2.6545454545454548	21
4501	2.733333333333333	41
4502	2.1998746867167918	65
4509	3.2810382734329426	76
4517	2.9629629629629632	21
4518	3.0454545454545454	34
4552	3.490952380952381	73
4555	3.7171296296296297	44
4561	2.111111111111111	14
4563	2.6104630611523505	83
4564	3.0980213903743317	92
4572	3.177295372577786	107
4574	2.9594155844155843	40
4576	1.5833333333333333	9
4580	2.09024864024864	63
4585	3.143162393162393	27
4587	2.4904817404817408	128
4613	2.583836098541981	82
4626	3.375	17
4633	3.125	12
4642	3.946890318627451	280
4645	3.3476430976430973	32
4659	3.2190476190476187	13
4665	2.181547619047619	24
4670	3.33030303030303	29
4672	3.444444444444444	19
4673	3.119705669010155	237
4680	1.8854166666666665	12
4683	2.445238095238095	33
4685	2.5952380952380953	14
4691	2.0	6
4697	2.901424501424501	37
4699	3.1572259136212626	110
4715	3.25	7
4719	2.9604707792207794	97
4723	3.295138888888889	30
4732	2.6921296296296298	125
4752	2.876190476190476	13
4753	2.3944444444444444	15
4757	3.051191994598042	124
4758	2.4	23
4765	3.34032634032634	35
4783	4.016339869281047	46
4786	3.1924603174603177	29
4794	3.7297008547008548	35
4799	3.816347687400319	152
4803	3.3949074074074073	94
4812	2.732905982905983	61
4837	3.0714285714285716	13
4839	1.1125	9
4869	3.1666666666666665	5
4885	2.495833333333333	39
4893	3.188235294117647	34
4895	2.402777777777778	16
4900	3.3599206349206345	43
4915	2.7813521241830066	70
4932	3.3671132699903916	66
4956	3.3106060606060606	36
4965	3.1044973544973544	25
4989	2.736111111111111	67
5029	3.325	7
5054	3.2383333333333333	61
5080	3.049382716049383	54
5094	2.213277116402116	137
4169	3.04957264957265	26
3394	2.596787084398977	74
3743	2.888888888888889	32
4377	3.277777777777778	7
4551	2.2962962962962963	15
2913	3.3373015873015874	19
2979	1.6666666666666667	11
3367	3.1210317460317456	14
3372	3.085897435897436	25
3985	3.506327160493827	84
3342	3.9571702075098814	94
4928	4.068604739192974	106
2590	3.0015873015873016	36
2963	3.3333333333333335	3
3050	3.4880952380952386	10
4205	3.1497439511392997	101
4527	2.6666666666666665	5
4778	3.8124999999999996	9
3295	3.6435185185185186	26
3547	3.517948717948718	29
4500	3.7401027077497666	58
3823	3.342735042735043	29
3733	3.519047619047619	87
3974	2.658333333333333	19
4283	3.521901709401709	41
4432	3.6629464285714284	83
3548	3.587202380952381	64
2988	3.4425925925925926	22
4417	3.35	17
3459	2.4206349206349205	21
3563	2.6781045751633985	51
3652	3.1944444444444446	25
3660	3.005555555555555	39
3772	3.0	5
3840	2.4851851851851854	43
4415	3.4119389382547283	37
4618	2.5884615384615386	41
2941	3.428373015873016	85
4003	2.521875	39
2621	3.361111111111111	10
2847	3.7592592592592595	34
2879	2.920409982174688	44
2970	4.008578431372549	108
3011	3.8851010101010104	46
3260	3.6589766352351396	162
3320	3.49973544973545	26
3329	3.2458333333333336	15
3350	3.7994281045751634	58
3549	3.625098039215686	105
3569	3.752380952380953	110
3723	3.5187030150010807	175
3816	3.808080808080808	29
4183	4.071428571428572	16
4194	3.9751082251082255	26
4811	3.913961038961039	48
5007	3.422222222222222	33
5085	3.761111111111111	10
3379	3.4856643356643358	34
3819	4.082251082251083	119
4807	1.8055555555555556	6
3855	3.731241565452091	42
4197	3.533333333333333	17
2612	3.969907407407408	66
3135	3.8833333333333333	56
4047	3.620400575256937	176
4184	3.891513377926421	52
4263	3.515185185185185	55
2748	2.3910220214568043	52
2756	2.75	9
2902	2.831746031746032	71
3443	2.0256410256410255	23
3528	3.2337783797729616	83
3584	2.940340909090909	24
3710	2.1144818063677713	54
3766	2.5890625	48
3937	2.9499999999999997	26
4106	2.8000000000000003	8
4129	2.875	5
4285	3.245290549169859	63
4479	3.672793093845725	42
4531	2.907597117794486	100
4550	2.5833333333333335	5
4579	2.5	2
4593	2.7916666666666665	29
4602	2.807142857142857	30
4611	2.966666666666667	11
4615	3.588888888888889	14
4637	2.1458333333333335	22
4934	2.1999999999999997	15
5033	3.2291666666666665	23
5061	3.1666666666666665	5
2943	3.5664160401002505	49
4705	3.596875	71
4706	2.6	8
4828	3.095238095238095	12
5090	3.652777777777778	14
3946	2.4090909090909096	84
2607	3.750438596491228	54
4216	3.891666666666667	27
2732	3.914196815089672	154
4756	2.848223615464995	61
4331	2.9375	12
4451	3.6666666666666665	18
4449	3.6666666666666665	4
2962	3.2422466422466427	63
4877	2.986111111111111	13
2752	2.7362689393939394	23
2786	2.9285714285714284	23
2790	2.6434343434343432	51
2893	2.7592592592592595	21
3158	3.856737012987013	34
3241	3.472222222222222	17
3349	2.0	2
3403	2.3645833333333335	15
3539	3.707323232323232	38
4043	3.619107744107744	24
4181	2.767857142857143	16
4275	2.8678571428571424	71
4612	3.637800819252432	64
4947	3.1507936507936507	39
4971	3.3642857142857143	40
4985	1.7086580086580085	23
5002	3.009793447293447	38
3415	4.0129985754985755	76
3749	3.0694444444444446	9
4422	4.10728877662291	110
4840	3.970833333333333	21
3746	3.8929154995331463	42
3962	1.4940476190476193	17
4868	3.2407407407407405	14
3895	2.353455433455433	59
3679	3.5422992577597836	48
3364	3.767711304122375	78
3120	2.949090909090909	48
3286	2.2017543859649122	59
4035	3.216666666666667	14
4274	3.4530555555555553	54
4801	3.9128787878787876	29
4879	2.5833333333333335	11
2931	4.370663153271849	46
4330	3.8333333333333335	15
3634	3.9599358974358974	54
2825	2.8	6
3894	3.633333333333333	15
2593	3.25	33
3975	2.3673611111111112	35
4155	3.289855072463768	135
4335	2.775	10
3404	3.291982747409944	134
2852	3.5142156862745098	39
4284	2.7222222222222228	7
2925	4.032622095779991	71
3497	2.8125	6
3506	3.4682539682539684	22
3724	3.6297268907563023	46
3957	2.4583333333333335	14
4318	3.286764705882353	38
4523	3.7527173913043477	49
4589	2.9215909090909093	30
4692	3.1173076923076923	26
4917	3.4629629629629632	13
4927	4.018518518518518	21
4413	1.75	4
4798	3.6479166666666667	36
3221	3.891941391941392	35
3626	3.0502645502645502	31
2656	3.0888888888888886	10
2978	3.1113964160839163	58
3127	3.000930356193514	56
3453	2.2619949494949494	28
3596	2.3597883597883595	22
3914	3.603703703703704	20
3976	2.375	7
4147	3.736111111111111	18
4168	3.285631613756614	51
4419	3.9980056980056973	37
4433	4.015824915824916	30
4526	2.5134156976744184	100
4540	2.8888888888888893	9
4724	3.608333333333333	10
4736	2.460813492063492	44
4782	2.9878167641325537	34
4988	2.8333333333333335	5
4864	3.0944444444444446	10
3864	2.4817460317460323	107
3886	3.875	8
3951	3.8888888888888893	9
4652	2.2444444444444445	19
4899	2.5930110837438423	105
3045	3.2513888888888887	42
3090	4.2875	58
3103	3.15	16
3206	2.771205357142857	36
4108	3.1333333333333333	12
4116	3.6435185185185186	25
4259	3.5809523809523807	20
4486	3.285353535353535	18
4609	3.0666666666666664	15
4870	2.6761363636363633	23
4968	2.75	2
5023	3.428571428571429	23
2875	2.9649470899470898	88
4603	2.6041666666666665	29
4939	3.2411764705882358	45
4727	2.9390864548759286	124
4981	3.318681318681319	41
4357	3.5923132183908044	77
4712	3.6714285714285713	21
4862	2.9968855218855217	40
4199	2.495039682539683	18
2696	3.8674918831168834	93
3213	3.3185406237966886	152
3765	3.109203296703297	28
4731	3.211111111111111	15
4784	3.1631493506493507	50
3194	3.5187908496732025	62
3901	2.909340659340659	41
4909	2.585714285714286	23
4403	3.3797619047619047	33
4142	2.2472222222222222	34
3061	3.6763262322472845	71
3606	3.9215686274509807	49
4484	3.576719576719577	27
4644	3.7838681849551414	64
4920	3.866096866096866	44
4136	4.083333333333333	6
4418	2.611111111111111	5
3874	3.125	3
4151	3.6494949494949496	36
4252	3.402777777777778	14
4273	3.5941798941798946	40
4423	3.7569444444444446	15
4601	3.1944444444444446	6
2774	3.5307539682539684	36
5073	3.6715506715506714	42
3939	1.75	8
2629	2.702116402116402	21
2721	3.340909090909091	30
2809	2.308333333333333	10
2876	2.359126984126984	32
3099	3.0805555555555557	39
3166	2.0555555555555554	8
3345	3.9166666666666665	7
3400	2.6481481481481484	20
3425	3.585858585858586	27
3562	2.316666666666667	14
3609	3.4523809523809526	13
3611	3.138888888888889	7
3667	1.75	6
3673	2.2748015873015874	18
3674	2.1011904761904763	13
3776	3.4499999999999997	11
3820	1.6481481481481481	18
3867	2.6666666666666665	7
3884	2.3777777777777778	11
3990	2.3617895913154534	54
4078	3.1666666666666665	9
4276	3.355921855921856	37
4278	3.8082561728395063	59
4748	2.3573142414860686	112
4749	1.815004887585533	81
4871	3.1666666666666665	21
5038	3.537441724941725	40
5092	2.6353046594982077	86
3207	2.5500000000000003	9
4445	1.638888888888889	8
4046	3.6785714285714284	16
2873	3.361111111111111	12
3136	2.6666666666666665	6
3281	4.166666666666667	15
3333	3.75	3
3405	3.7321637426900587	39
3600	2.7121212121212124	20
4083	2.6944444444444446	8
4253	2.8333333333333335	3
4382	3.0	3
4458	3.7870370370370368	28
4755	3.75	6
5079	3.466666666666667	11
5084	2.6666666666666665	6
3202	3.8288690476190474	31
3991	2.2791053921568625	147
4013	2.0277777777777777	9
4534	2.9486607142857144	18
4750	1.5943223443223442	58
4856	3.5555555555555554	10
5028	4.095238095238095	14
5034	3.8095238095238098	41
2996	3.3913690476190474	35
2835	2.2037037037037037	19
3086	3.222222222222222	37
4597	2.869444444444445	28
3492	3.0	8
4835	3.72769404019404	104
4120	1.625	3
5053	2.3372405372405374	42
2727	3.153296703296703	38
3076	3.4804232804232806	38
3218	2.777777777777778	6
3245	3.9	22
3049	2.566666666666667	11
3121	3.4960317460317456	14
3670	3.5	7
3738	3.1648841354723705	31
3966	3.880065359477124	40
4998	3.5012626262626263	29
4334	3.8898148148148146	72
4722	3.619047619047619	22
3833	2.2841269841269836	22
4475	3.4955357142857144	18
4763	3.4166666666666665	7
3325	2.417630614999036	46
4242	3.1111111111111107	10
5031	3.5	8
2624	3.940740740740741	87
4421	2.2103174603174605	12
4279	3.257936507936508	12
2784	3.46875	26
3330	3.8873015873015873	36
4632	3.323809523809524	25
5062	3.8062463851937536	39
3588	3.045634920634921	17
4024	3.5714285714285716	25
4428	3.2434343434343433	30
4687	3.6497835497835496	23
4910	2.791666666666667	5
5056	3.965277777777778	59
3327	3.422303921568627	48
4740	3.2238095238095235	15
4830	3.256944444444444	55
4073	2.2916666666666665	18
4584	1.8499999999999999	21
4395	3.7245370370370368	20
4919	2.9807692307692313	31
3787	3.6850961538461537	46
2635	3.0625	8
2636	3.375	3
2637	3.3333333333333335	5
2638	3.4375	5
2646	2.9333333333333336	15
2647	3.4166666666666665	13
2649	3.404761904761905	22
2650	3.180555555555556	13
2651	3.2817460317460316	23
2652	3.654761904761905	16
2665	3.1666666666666665	7
2666	2.6666666666666665	4
2667	2.5	4
2780	3.2731481481481484	21
2782	3.4734126984126985	24
3002	3.978021978021978	47
3346	2.611111111111111	5
3663	2.5476190476190474	13
3664	2.3000000000000003	13
3757	3.35	9
3771	3.212878787878788	34
3777	3.0555555555555554	21
3805	3.038888888888889	10
3807	2.8333333333333335	22
3832	3.657738095238095	22
3875	3.361607142857143	20
3938	2.2333333333333334	13
4196	2.7083333333333335	7
4400	3.125	3
4414	3.261574074074074	20
4813	3.2339181286549707	35
4982	2.5625	10
3036	3.169159544159544	34
4193	2.1666666666666665	4
4822	2.858333333333333	19
4042	3.2864583333333335	50
4353	3.4166666666666665	22
2870	3.553743961352657	56
3370	3.216666666666667	11
3391	2.5292022792022792	57
3577	2.6471861471861473	20
3961	2.25	28
4213	2.1410714285714287	25
4987	2.3138888888888887	17
2992	2.583333333333333	6
4212	3.448879551820729	48
4219	2.9747474747474745	27
4922	3.138888888888889	6
4391	3.652777777777778	17
3456	3.8020833333333335	31
3796	3.4583333333333335	13
3862	3.0208333333333335	23
2832	2.5	1
2856	2.861111111111111	11
2903	2.3166666666666664	53
4599	3.073830409356725	51
4614	2.7691358024691355	72
4622	2.3333333333333335	18
4825	3.0	5
4664	3.7080808080808083	45
3531	2.375	3
4588	1.8055555555555556	6
4769	3.763888888888889	25
3692	2.984126984126984	18
4935	3.361111111111111	8
2753	3.189814814814815	14
3137	3.3333333333333335	10
3214	3.3595238095238096	16
4547	3.75	4
2673	2.6666666666666665	6
3047	3.583333333333333	4
3377	3.4027777777777772	10
3473	3.5833333333333335	4
3808	4.045833333333333	18
4119	3.7261904761904763	15
4424	3.9393939393939394	27
4511	2.9312169312169316	17
4912	3.6865079365079367	63
4710	3.800322061191626	59
4200	2.2205329153605016	66
4337	3.7349206349206354	27
3028	3.7227182539682535	51
3719	3.0	15
4130	2.7727272727272725	19
4141	2.5190476190476194	31
3222	3.8261904761904764	14
4405	3.7796296296296297	46
3734	3.5523809523809526	23
2757	3.75	23
2828	2.0105769230769233	41
2880	3.3934343434343432	22
2939	3.40995115995116	26
3031	2.392399267399268	28
3199	3.369444444444445	15
3789	3.793650793650793	42
4089	3.1303418803418803	30
4360	3.3138888888888887	22
4619	2.6538461538461537	31
2609	3.809090909090909	24
3457	3.131547619047619	25
3872	3.861111111111111	26
3167	3.342703349282297	49
3303	3.25	7
5086	3.111111111111111	6
4244	3.2916666666666665	8
2811	3.5	1
2851	2.888888888888889	14
4524	2.9523809523809526	27
2816	2.1613756613756614	39
3585	2.8333333333333335	10
5069	3.4015566290928607	65
3661	2.3924242424242426	25
4063	2.8333333333333335	25
4972	3.119047619047619	12
4302	3.5416666666666665	7
2817	1.9236111111111114	39
2899	2.823809523809524	27
3041	1.4330808080808082	24
4921	3.658877586122168	57
3680	3.6701923076923073	31
3761	3.826719576719577	51
4123	2.075	32
4441	3.0777777777777775	38
4568	2.672348484848485	24
4849	3.7171717171717176	31
3662	2.0952380952380953	19
3375	2.766666666666667	10
3963	2.904761904761905	22
3909	2.560185185185185	41
3898	2.7916666666666665	26
4157	4.0	6
4237	3.641666666666667	23
4288	2.125	6
4569	1.9503968253968254	14
2837	3.75	9
3822	3.9337606837606836	48
2670	3.7443910256410255	51
3080	3.0	1
3560	3.422222222222222	14
4604	2.375	4
4702	3.055555555555556	7
4905	3.3333333333333335	5
4907	3.4305555555555554	14
4938	3.277777777777778	11
5043	2.388888888888889	7
2834	3.7777777777777772	5
2864	3.625	3
3540	3.5833333333333335	7
3575	4.0	2
4227	3.575	7
4332	3.3720238095238098	19
4342	3.7333333333333334	22
4521	3.027777777777778	17
4743	3.3421474358974357	28
4764	2.5	4
4959	2.5297619047619047	19
5011	3.289141414141414	43
3038	3.926164215686274	52
3183	3.4166666666666665	9
4655	3.964285714285714	16
4970	3.631868131868132	54
3516	3.3480769230769227	40
3739	4.072398190045249	42
3965	4.023809523809524	16
4420	3.457070707070707	28
5091	3.665277777777778	16
3700	3.329365079365079	41
3161	3.467261904761905	19
3393	2.0555555555555554	9
4635	2.697916666666667	28
2626	3.466666666666667	8
2736	3.360606060606061	28
4600	2.696428571428571	13
4663	2.916666666666667	5
4573	3.2023809523809526	16
4772	3.744444444444444	19
4781	1.5944444444444443	10
5012	2.6586284086284087	38
5039	3.178774928774929	54
4188	3.5555555555555554	24
3064	1.871212121212121	18
3945	1.7894586894586897	46
4122	3.1944444444444446	16
4949	2.5064102564102564	22
2972	3.866161616161616	30
3188	3.2083333333333335	8
3304	3.970833333333333	11
3338	3.9166666666666665	22
3447	3.619047619047619	19
3475	3.789598997493734	46
3678	3.127314814814815	23
3737	3.638095238095238	17
3880	3.1666666666666665	5
3929	3.9237373737373735	35
4605	3.6163059163059166	33
4711	3.6023809523809525	18
4923	2.875	8
3180	2.4246031746031744	17
3595	1.5	7
4012	2.4555555555555557	33
4175	3.173611111111111	18
4339	3.399857549857549	59
3172	2.966666666666667	8
4250	2.5791666666666666	19
4777	2.9444444444444446	15
4933	2.875	7
4997	2.642857142857143	16
5018	1.777777777777778	5
2711	3.6666666666666665	6
3124	2.6333333333333333	11
3604	3.7738095238095237	24
2632	4.072222222222222	12
4312	4.0476190476190474	28
3923	2.5	9
4397	2.3340695962179336	68
4944	1.6944444444444444	14
4952	2.6666666666666665	5
4111	3.055555555555556	15
4675	2.949915824915825	24
4955	2.7916666666666665	8
2704	3.861111111111111	16
3171	4.167857142857143	16
4759	3.1833333333333336	10
4272	3.8547619047619044	24
4282	3.0371794871794875	35
3515	3.0025062656641603	68
2874	3.5749999999999997	14
4117	3.787417654808959	54
3837	3.5555555555555554	18
4617	2.9120370370370368	15
4674	3.5	2
3768	1.7745535714285714	18
4261	3.5	8
4429	3.6236111111111113	44
4315	1.6666666666666667	5
3096	3.9375	22
2938	4.183333333333334	15
4100	2.5	8
3284	3.666666666666667	9
3417	3.4962962962962965	27
3422	3.375925925925926	27
2818	1.5357142857142856	15
2887	1.6972222222222222	18
3437	1.861111111111111	13
4398	1.8833333333333335	25
4394	2.8229166666666665	10
2630	3.388888888888889	9
2708	3.861111111111111	16
3449	2.9166666666666665	4
2614	2.205357142857143	16
3839	3.1888888888888887	13
4064	3.198611111111111	29
4065	3.191582491582492	25
4961	3.2335858585858586	29
4581	3.444444444444444	11
4630	2.0370370370370368	21
4482	2.6999999999999997	26
4634	3.533333333333333	11
4872	3.011111111111111	16
3073	3.125	6
4851	2.25	2
3395	3.1666666666666665	10
3982	3.4444444444444446	18
4300	3.529761904761905	25
2741	2.511904761904762	13
3567	3.0555555555555554	12
4165	3.0833333333333335	8
4287	2.715277777777778	17
4439	3.540792540792541	37
4780	3.3333333333333335	6
2886	2.3977272727272725	24
3631	3.527777777777778	10
5005	3.8145299145299147	36
3380	3.3666666666666667	9
2698	3.0	3
4271	3.9166666666666665	11
3126	2.9166666666666665	4
3605	2.4583333333333335	8
3845	3.241071428571429	12
4192	2.7916666666666665	7
4797	3.4444444444444446	5
4805	3.484126984126984	15
5019	2.5	3
5037	3.527777777777778	7
4717	2.755555555555555	10
4293	3.1997377622377625	31
4503	3.0625	6
4113	3.608333333333333	14
2733	2.361111111111111	13
3118	3.125	8
3318	3.5	5
4127	2.105654761904762	19
4352	3.0416666666666665	10
4504	2.8666666666666667	11
4505	3.1964285714285716	12
4559	2.632142857142857	28
2830	4.1190476190476195	10
2758	2.75	4
5058	3.309259259259259	16
3612	4.333333333333333	4
4314	3.388888888888889	7
4462	2.472222222222222	18
2848	3.7482142857142855	25
4058	4.5	1
4806	4.27395411605938	38
3343	2.25	9
3715	2.314814814814815	13
3665	2.1444444444444444	11
4790	3.1388888888888893	8
2655	1.7015873015873015	20
2975	3.222222222222222	13
3368	3.9166666666666665	26
4590	3.0694444444444446	9
3846	2.8833333333333333	14
3912	2.1888888888888887	14
3851	3.78125	20
3854	3.8016569200779724	34
4290	3.0267857142857144	15
4804	4.003968253968254	15
2904	4.0	3
2969	3.9444444444444446	23
3085	3.5	6
3215	2.75	3
3217	4.013888888888888	18
3283	3.4166666666666665	9
4038	3.2083333333333335	10
4098	3.1861111111111113	15
4707	2.791666666666667	5
4829	3.3055555555555554	8
5078	2.9547619047619045	18
3500	2.842592592592593	23
3630	2.0375	14
4434	3.5833333333333335	8
4543	3.0378787878787876	23
2589	2.1875	5
2674	2.8333333333333335	9
2773	3.75	4
2885	2.8833333333333333	14
3009	4.0	1
3381	4.0	1
3902	2.9444444444444446	5
4325	4.1187499999999995	46
4109	3.215384615384615	25
3122	1.625	3
3644	3.458333333333333	8
3659	3.7083333333333335	7
3544	2.8703703703703702	17
3144	3.141666666666667	10
4788	4.125097125097125	42
4620	2.8541666666666665	24
4983	4.25	4
2981	2.25	3
3128	2.9444444444444446	11
3371	3.8055555555555554	12
4028	3.619047619047619	13
4436	2.896825396825397	15
3321	2.666666666666667	4
3881	3.283333333333333	9
4363	3.1388888888888893	14
2928	3.533333333333333	19
3235	3.2458333333333336	35
4690	3.158008658008658	32
3759	3.222222222222222	9
4189	2.9166666666666665	10
4140	4.0	4
4416	3.725	9
3800	2.875	5
5087	3.654761904761905	11
4656	3.1666666666666665	6
3570	2.8333333333333335	3
3829	2.4375	5
2892	3.3888888888888893	7
3357	3.8166666666666664	19
2610	3.777777777777778	10
3414	3.5833333333333335	8
2833	2.875	6
4918	3.616071428571429	22
3154	3.541666666666667	5
3792	3.0888888888888886	13
4469	4.333333333333333	8
4800	3.625	8
4960	3.3333333333333335	5
5063	3.25	17
2738	3.770833333333333	7
3419	3.25	2
3599	3.734848484848485	30
4696	2.9458333333333333	22
4831	2.3642857142857143	12
4925	3.1833333333333336	11
5036	3.483333333333333	13
3428	3.4291666666666667	11
4399	3.602777777777778	26
3014	3.3125	12
4371	2.388888888888889	18
4598	1.875	9
4761	3.0833333333333335	7
4548	2.4166666666666665	5
5083	3.4055555555555554	10
4362	2.5416666666666665	6
5075	3.54265873015873	21
4152	3.4	23
4176	3.4958333333333336	17
2994	3.388888888888889	9
4173	4.375	4
2814	2.2083333333333335	8
5088	2.9960317460317456	14
3116	3.166666666666667	4
3276	2.8222222222222224	9
2849	2.6875	9
3579	2.652777777777778	9
5042	3.435185185185185	16
3092	2.8222222222222224	9
4177	2.3333333333333335	6
4185	3.5	6
4319	2.75	6
5006	2.458333333333333	7
2850	2.625	3
4072	3.886904761904762	14
4884	3.6805555555555554	11
4268	2.020833333333333	17
3572	1.33015873015873	21
2897	3.4125	16
3191	3.5	1
3637	3.4583333333333335	13
4435	3.708333333333333	8
4538	4.166666666666667	4
4556	2.5833333333333335	4
4708	4.166666666666667	13
4716	3.771428571428571	13
3942	1.7583333333333335	10
4667	4.0	1
3940	0.8333333333333334	9
3941	1.525	7
2768	3.5	4
2755	2.854166666666667	7
2945	2.6666666666666665	4
3112	3.3000000000000003	8
3767	2.2661931818181817	25
4115	2.4583333333333335	9
4204	2.111111111111111	12
4463	2.744444444444445	13
4491	2.625	9
4516	2.744444444444445	11
4592	1.638888888888889	6
4629	2.4208333333333334	21
4651	2.5	5
2766	3.111111111111111	8
2865	3.0	2
2999	2.604166666666667	7
3282	3.608333333333333	11
4048	3.3333333333333335	5
4206	2.875	10
4729	3.578125	16
4737	3.505555555555555	14
3042	1.4722222222222223	17
4461	1.6694444444444443	12
3132	2.9166666666666665	4
4049	3.5833333333333335	5
4583	3.5	9
2620	3.25	2
3046	3.1965488215488214	32
3402	3.375	4
3622	2.965277777777778	15
3913	3.125	3
4739	2.5	3
4773	3.0238095238095237	13
5003	2.5500000000000003	9
3933	1.4285714285714286	11
4791	3.361111111111111	14
4522	3.5729166666666665	10
3514	2.8333333333333335	3
3636	3.3333333333333335	5
3756	2.4166666666666665	11
4286	3.1999999999999997	9
5041	3.0476190476190474	20
2675	3.666666666666667	4
3138	3.0666666666666664	9
3774	2.407070707070707	19
5077	3.777777777777778	13
4926	2.8333333333333335	7
3496	3.8333333333333335	4
3433	2.244791666666667	17
3309	4.027777777777778	10
3530	3.6666666666666665	4
4289	3.404761904761905	15
4824	3.5416666666666665	10
2930	3.6833333333333336	17
4838	3.25	3
3458	1.25	3
3648	2.1777777777777776	17
3806	2.611111111111111	6
3903	2.7083333333333335	10
3592	3.1833333333333336	8
3048	2.2916666666666665	9
3921	2.5	6
3922	2.5	4
4836	3.777777777777778	7
2824	4.416666666666667	5
3621	3.5541666666666667	11
3790	3.2916666666666665	9
2661	3.1354166666666665	15
2869	3.875	5
3900	2.625	6
3319	2.75	2
4260	1.5	1
4766	3.3833333333333333	11
2749	3.0416666666666665	8
2751	3.0	9
3025	2.75	4
3117	2.949074074074074	19
3162	2.25	5
3373	2.625	3
3389	2.083333333333333	5
3463	1.5833333333333335	5
3490	3.126984126984127	14
3691	2.5	21
3804	1.4444444444444444	9
4001	2.4814814814814814	15
4093	2.888888888888889	10
4094	2.0	5
4118	2.5833333333333335	6
4137	1.8333333333333335	6
4180	1.8333333333333333	6
4430	2.2777777777777777	7
4473	3.502232142857143	20
4481	3.3333333333333335	5
4514	1.7222222222222223	14
4525	2.0	8
4528	2.7916666666666665	6
4582	2.6944444444444446	8
4608	2.75	6
4650	2.888888888888889	6
4657	2.0833333333333335	5
4660	2.8333333333333335	3
4666	3.111111111111111	9
4669	1.95	12
4695	3.472222222222222	8
4751	2.3333333333333335	6
4842	3.4166666666666665	17
4860	1.875	4
4940	2.833333333333333	5
4950	2.604761904761905	16
4986	2.214285714285714	16
4324	2.125	3
3782	3.3333333333333335	6
3597	2.844444444444445	17
2878	2.076388888888889	13
2896	2.8333333333333335	3
3331	2.2083333333333335	8
4182	2.2222222222222223	6
4827	1.8263888888888886	17
5071	3.388888888888889	12
4767	3.2892857142857146	19
2838	2.5	2
3795	3.551851851851852	15
3590	3.0	8
3602	2.1666666666666665	5
3610	2.3333333333333335	4
3971	2.9166666666666665	5
4964	3.5694444444444446	10
3455	2.75	6
3027	0.888888888888889	8
3574	0.8564814814814815	16
3278	3.5	1
4026	3.055555555555556	8
4513	2.5833333333333335	6
5032	2.6	6
5000	4.208333333333333	8
3944	2.25	9
4070	3.6342592592592595	14
2845	2.75	4
3669	2.5694444444444446	25
3589	2.0833333333333335	4
2775	3.158333333333333	11
3522	3.916666666666667	4
3239	2.9166666666666665	4
3580	3.4166666666666665	5
3711	3.25	3
4156	2.5416666666666665	7
4530	3.0833333333333335	4
4684	3.4375	5
2777	1.75	5
3023	3.8333333333333335	3
4087	2.5	4
4512	1.9444444444444446	7
2820	3.8095238095238098	10
3332	3.0	2
4892	3.166666666666667	4
4793	3.75	7
3043	2.555555555555556	10
4539	2.25	6
4858	2.25	4
2955	1.25	5
3797	2.6999999999999997	16
2592	3.0	6
4076	2.5	1
2669	3.5694444444444446	8
3003	3.625	14
3336	2.75	4
4594	2.6944444444444446	7
4908	3.1999999999999997	15
4924	3.1666666666666665	5
5052	1.25	2
4698	2.0	5
4841	2.4166666666666665	6
2705	3.777777777777778	5
3192	3.25	5
3423	2.892857142857143	19
4459	3.3055555555555554	14
3523	3.0	3
2659	2.2083333333333335	6
2715	3.6666666666666665	5
4460	2.5833333333333335	4
4861	3.4166666666666665	5
3586	3.4166666666666665	6
4490	2.0	6
3369	1.75	2
3601	3.033333333333333	9
3926	3.375	11
3958	1.5	4
4853	2.6166666666666667	8
4953	2.25	4
4671	3.111111111111111	6
4101	3.1666666666666665	3
2742	3.0	5
4074	3.083333333333333	6
4796	3.7539682539682544	12
3619	2.65	7
4412	1.611111111111111	5
4897	2.5	8
4694	3.0	8
2965	1.7685185185185184	21
3838	3.1625	15
2964	3.2349206349206354	18
3220	3.333333333333333	4
3491	2.375	5
4560	2.15	8
4962	2.1666666666666665	8
2813	4.125	3
3899	3.083333333333333	4
4456	2.7083333333333335	6
4554	2.25	4
3818	2.875	4
5089	3.0	3
4198	2.6875	18
2783	3.375	9
4607	3.0833333333333335	6
2960	3.25	2
3442	2.5	6
5082	3.5	1
3888	3.388888888888889	6
2957	3.8333333333333335	3
3517	3.5	2
2584	1.9166666666666667	4
3860	1.5	1
4365	3.25	2
4937	2.5625	5
5035	2.625	4
3891	2.4166666666666665	5
4883	3.3333333333333335	5
4088	2.75	5
3778	3.4444444444444446	5
3817	3.125	4
4819	3.6666666666666665	6
3856	3.0	1
2958	4.0	2
4163	1.8333333333333333	5
4114	3.3333333333333335	3
2685	4.166666666666667	3
2619	1.5	1
2821	3.375	4
3151	2.5	4
3233	3.0	2
3288	1.875	4
3312	2.0	2
3748	4.0	3
3762	1.8333333333333335	4
3803	2.583333333333333	4
4249	2.0	5
4647	2.388888888888889	5
4510	2.0	2
3904	1.75	2
4385	2.75	4
4454	4.777777777777778	7
4307	2.183333333333333	8
4542	2.875	3
3229	3.75	4
4269	1.9166666666666667	4
2663	2.75	5
3184	2.8333333333333335	4
2603	2.0	1
2776	4.0	1
2839	3.3888888888888893	5
3242	3.0	1
3890	2.5	1
4004	2.5	1
4171	3.6666666666666665	5
4208	3.25	2
4301	3.5833333333333335	4
4376	3.416666666666667	4
4726	3.0	1
3001	1.1666666666666667	4
3714	3.0	3
3657	3.5	4
4693	2.8333333333333335	6
4760	3.25	2
4931	2.369047619047619	10
4138	1.3333333333333333	3
4859	2.4166666666666665	4
3012	4.0625	5
2743	3.0	2
3305	3.5	5
4942	2.25	4
4946	2.0	4
3651	3.05	6
3721	3.625	3
3850	3.3333333333333335	3
4948	2.7	5
4875	1.4166666666666665	10
4374	2.666666666666667	4
3486	2.1666666666666665	3
2767	2.833333333333333	4
3291	1.375	4
3413	3.25	8
4431	3.958333333333333	9
3568	2.875	4
2737	1.5	4
4375	3.6666666666666665	3
3716	1.9642857142857144	8
4099	1.375	4
3236	2.625	3
3293	2.75	2
3542	1.875	3
4891	1.875	3
2631	0.6666666666666666	3
2909	0.75	2
3058	1.0	2
3313	1.5	2
3464	2.0	3
3488	1.0	2
3520	1.625	3
3603	2.0	3
3607	3.25	4
3642	3.0	3
4059	2.375	4
4281	3.833333333333333	4
4311	1.25	3
4346	2.3125	5
4379	0.5	1
4402	2.3333333333333335	4
4818	2.125	4
4854	2.0	5
4943	2.25	6
5045	2.0	7
5050	1.875	3
3378	2.9	5
4627	3.5625	6
2831	3.0	1
3533	2.875	5
2933	3.791666666666667	7
3139	2.75	4
4631	3.0	2
5024	3.375	3
3314	3.0	6
4060	3.125	4
2679	5.0	1
2680	5.0	1
2954	3.1666666666666665	3
3934	3.1666666666666665	3
4648	2.75	2
5057	2.6666666666666665	3
3123	3.5	1
3279	2.375	3
3781	3.0	6
2684	3.125	4
2744	2.75	2
4202	2.625	4
3954	2.25	3
2911	4.25	2
3302	3.541666666666667	5
2823	4.0	2
3866	3.333333333333333	7
3876	3.75	2
4575	3.0	3
2695	3.375	3
5020	3.25	2
5030	2.375	3
3131	3.0	1
3407	2.875	3
3883	2.875	3
4668	4.5	3
4075	1.0	1
4358	3.3333333333333335	3
4549	3.5	2
4150	2.625	3
4057	1.75	4
3059	2.5	2
3460	2.5	2
3878	3.0	3
4913	2.125	4
3495	4.25	2
2595	3.25	2
3870	3.75	6
4817	3.25	4
4894	1.5	4
2601	4.5	2
3228	1.0	1
3625	4.375	3
3106	3.25	4
3110	3.1666666666666665	3
3212	2.75	2
3374	3.0	2
4112	3.0	1
4258	2.75	2
4596	2.708333333333333	5
4606	2.0	1
4810	2.5	5
4832	2.625	3
2895	2.75	3
2923	2.5	1
3465	1.5	1
3231	2.625	3
3297	3.25	2
2998	3.5	1
4045	3.541666666666667	5
3411	2.75	2
4309	3.25	3
3195	3.5	2
2591	3.5	1
2658	2.0	1
2934	3.0	1
3164	2.5	1
3170	2.5	1
3209	3.0	2
3234	3.0	1
3337	3.0	1
3348	2.45	6
3376	3.0	1
3382	3.0	1
3383	2.0	1
3493	2.25	2
3558	2.0	1
3583	3.0	1
3656	3.0	5
3779	1.75	2
3780	3.0	1
3924	4.0	1
4457	3.0	1
4906	1.5	1
4984	4.25	2
4139	3.0	2
2980	1.0	1
3193	1.75	2
3647	1.5	1
2910	3.5	3
3187	2.25	2
3541	2.3	5
4170	2.0	1
2760	3.0	1
4742	3.0	1
3887	3.0	1