9	2006	4.0	24
38	2006	3.6082802547770703	157
47	2006	4.404761904761905	126
56	2006	4.368852459016393	427
75	2006	3.463636363636364	55
92	2006	4.012658227848101	158
124	2006	3.7314814814814814	54
126	2006	3.388888888888889	90
140	2006	3.7872340425531914	47
144	2006	3.7918781725888326	197
170	2006	2.857142857142857	70
175	2006	4.428571428571429	21
180	2006	4.409090909090909	22
190	2006	3.0121951219512195	41
215	2006	4.035087719298246	114
249	2006	4.272260273972603	292
262	2006	3.4318181818181817	154
263	2006	4.423469387755102	196
267	2006	2.4473684210526314	95
276	2006	2.276315789473684	76
280	2006	3.8956521739130436	115
289	2006	3.5689655172413794	29
307	2006	2.586206896551724	87
320	2006	3.746031746031746	126
323	2006	3.925	20
325	2006	3.3076923076923075	13
331	2006	3.0217391304347827	46
342	2006	4.217391304347826	23
348	2006	3.877659574468085	94
363	2006	4.134615384615385	26
368	2006	3.760869565217391	23
373	2006	3.125	16
383	2006	3.3870967741935485	31
389	2006	3.53515625	128
397	2006	3.477272727272727	22
403	2006	3.893617021276596	47
430	2006	3.8636363636363638	22
440	2006	3.5522388059701493	134
463	2006	3.2708333333333335	24
465	2006	3.669811320754717	53
469	2006	4.827586206896552	29
476	2006	4.038461538461538	26
481	2006	4.106232294617564	353
492	2006	4.068181818181818	22
503	2006	3.673469387755102	98
516	2006	4.106896551724138	145
533	2006	3.288135593220339	59
545	2006	3.8715753424657535	292
555	2006	3.534090909090909	308
561	2006	3.7938931297709924	131
580	2006	3.6153846153846154	26
596	2006	3.973684210526316	19
603	2006	3.089820359281437	167
607	2006	4.086956521739131	23
636	2006	3.0051546391752577	97
640	2006	4.134328358208955	67
657	2006	3.301282051282051	78
666	2006	3.376237623762376	101
714	2006	2.8	15
723	2006	2.5	1
732	2006	3.3529411764705883	51
742	2006	3.569620253164557	316
774	2006	4.344827586206897	29
783	2006	3.0	18
820	2006	3.6458333333333335	24
834	2006	3.710526315789474	76
865	2006	4.392156862745098	51
867	2006	3.9571428571428573	35
874	2006	3.604651162790698	215
902	2006	4.165584415584416	154
913	2006	3.5454545454545454	44
937	2006	3.7745098039215685	51
980	2006	3.5307692307692307	65
995	2006	2.6	15
1009	2006	2.9594594594594597	37
1013	2006	3.4074074074074074	54
1023	2006	3.9527027027027026	74
1026	2006	3.611111111111111	27
1068	2006	4.269607843137255	102
1072	2006	3.7522255192878338	337
1090	2006	4.27027027027027	74
1117	2006	4.018518518518518	27
1121	2006	3.189655172413793	29
1137	2006	3.399497487437186	199
1141	2006	4.090909090909091	22
1164	2006	4.5	22
1174	2006	3.2797297297297296	370
1224	2006	3.776923076923077	65
1230	2006	4.0	106
1262	2006	3.357142857142857	21
1278	2006	3.4166666666666665	6
1297	2006	4.264705882352941	34
1314	2006	3.392857142857143	28
1323	2006	2.3513513513513513	37
1329	2006	4.018518518518518	54
1367	2006	3.675324675324675	77
1374	2006	3.9596774193548385	62
1378	2006	3.8488372093023258	43
1392	2006	3.012596899224806	516
1397	2006	3.263157894736842	95
1408	2006	3.147463456577816	1163
1419	2006	2.044382801664355	721
1424	2006	3.65	30
1435	2006	3.0476190476190474	189
1439	2006	3.955223880597015	67
1445	2006	3.3688524590163933	61
1466	2006	4.25	56
1510	2006	3.735408560311284	257
1522	2006	3.4011627906976742	86
1527	2006	4.012135922330097	206
1531	2006	3.581699346405229	153
1547	2006	3.723684210526316	38
1632	2006	3.6666666666666665	69
1634	2006	3.7473684210526317	95
1640	2006	3.6604938271604937	81
1646	2006	4.195652173913044	46
1657	2006	4.283783783783784	37
1668	2006	3.8157894736842106	209
1676	2006	3.5208333333333335	24
1710	2006	3.152173913043478	23
1719	2006	3.4761904761904763	21
1724	2006	3.5405405405405403	37
1738	2006	4.0	47
1741	2006	3.1666666666666665	45
1751	2006	3.351063829787234	47
1755	2006	3.5059952038369304	417
1776	2006	3.6	25
1793	2006	3.4625	160
1805	2006	3.4468085106382977	47
1810	2006	3.857142857142857	56
1858	2006	4.104651162790698	86
1859	2006	3.52	25
1860	2006	3.1375545851528384	229
1881	2006	4.464285714285714	14
1910	2006	1.8571428571428572	14
1918	2006	3.271604938271605	81
1936	2006	3.78	125
1955	2006	4.15929203539823	113
1965	2006	3.519607843137255	255
1988	2006	3.2471264367816093	87
2012	2006	3.4316239316239314	234
2018	2006	3.1923076923076925	65
2039	2006	3.599009900990099	202
2053	2006	2.5825688073394497	109
2084	2006	4.142045454545454	176
2102	2006	4.206521739130435	46
2108	2006	3.9326923076923075	52
2116	2006	3.5843373493975905	83
2134	2006	3.375	60
2136	2006	3.6	25
2147	2006	3.6904761904761907	42
2162	2006	3.2435897435897436	39
2200	2006	3.8142857142857145	35
2214	2006	3.4479166666666665	48
2218	2006	3.4153543307086616	254
2315	2006	3.4945054945054945	91
2324	2006	3.1729074889867843	454
2325	2006	3.0371621621621623	148
2361	2006	3.4244604316546763	278
2381	2006	4.157894736842105	38
2385	2006	3.643939393939394	66
2402	2006	3.212121212121212	264
2410	2006	3.2142857142857144	21
2420	2006	3.9545454545454546	33
2429	2006	3.2440944881889764	508
2434	2006	3.8733333333333335	75
2440	2006	4.065789473684211	38
2448	2006	3.813106796116505	206
2481	2006	3.891891891891892	37
2492	2006	3.852517985611511	139
2513	2006	3.806122448979592	196
2517	2006	3.354368932038835	103
2523	2006	3.069105691056911	123
2527	2006	3.642857142857143	14
2531	2006	3.892857142857143	42
2536	2006	3.6363636363636362	33
2545	2006	3.2169811320754715	265
2556	2006	3.0833333333333335	6
2563	2006	3.3275862068965516	145
2571	2006	3.473684210526316	57
2579	2006	4.344262295081967	61
2589	2006	3.923076923076923	26
2612	2006	3.4375	72
2634	2006	3.6306818181818183	88
2643	2006	3.971311475409836	122
2654	2006	3.8	60
2673	2006	3.6710526315789473	38
2680	2006	3.6550387596899223	129
2706	2006	3.6516129032258067	155
2714	2006	3.1926605504587156	109
2716	2006	3.44	100
2727	2006	4.2727272727272725	33
2732	2006	4.25	52
2753	2006	4.198795180722891	83
2784	2006	3.193548387096774	93
2789	2006	3.6458333333333335	24
2801	2006	3.891304347826087	46
2806	2006	4.1875	24
2813	2006	3.238095238095238	42
2820	2006	3.0491803278688523	122
2841	2006	4.3	30
2852	2006	3.2466666666666666	75
2853	2006	3.5279661016949153	590
2862	2006	3.8266666666666667	225
2879	2006	2.4	10
2890	2006	3.402173913043478	138
2891	2006	3.0903614457831323	83
2895	2006	3.8333333333333335	33
2904	2006	3.477272727272727	44
2930	2006	3.2058823529411766	34
2936	2006	3.5492610837438425	406
2950	2006	4.041666666666667	204
2951	2006	3.6041666666666665	24
2989	2006	3.7733333333333334	75
3011	2006	3.830508474576271	59
3022	2006	3.5859872611464967	157
3027	2006	3.468137254901961	204
3033	2006	4.0	45
3038	2006	3.825	20
3047	2006	4.2073170731707314	41
3056	2006	3.6666666666666665	27
3067	2006	3.9130434782608696	23
3078	2006	4.166666666666667	21
3086	2006	3.962962962962963	27
3106	2006	3.0517241379310347	116
3107	2006	3.0	25
3113	2006	3.7	45
3117	2006	4.012820512820513	78
3120	2006	3.0	30
3149	2006	2.523026315789474	152
3171	2006	3.5925925925925926	81
3174	2006	3.5842696629213484	89
3190	2006	3.7857142857142856	70
3219	2006	2.510204081632653	147
3222	2006	3.729032258064516	155
3229	2006	2.772727272727273	11
3259	2006	3.703125	32
3266	2006	3.453333333333333	75
3298	2006	2.6884944920440637	817
3301	2006	3.659090909090909	66
3304	2006	2.582474226804124	97
3313	2006	3.6866666666666665	75
3318	2006	3.764705882352941	51
3330	2006	2.8529411764705883	51
3369	2006	3.9285714285714284	21
3435	2006	4.236607142857143	112
3459	2006	3.5925925925925926	27
3485	2006	3.392156862745098	51
3493	2006	3.230769230769231	13
3511	2006	3.2045454545454546	22
3531	2006	3.5714285714285716	21
3540	2006	3.91	100
3549	2006	3.39	50
3558	2006	3.4107142857142856	28
3559	2006	3.858974358974359	39
3580	2006	3.8867924528301887	53
3589	2006	3.3285714285714287	105
3594	2006	3.06	50
3600	2006	3.6865671641791047	134
3611	2006	3.5088495575221237	113
3635	2006	3.9791666666666665	24
3646	2006	3.1789473684210527	95
3700	2006	4.102941176470588	34
3719	2006	3.847826086956522	46
3742	2006	4.363636363636363	22
3761	2006	3.2413194444444446	288
3770	2006	3.1956521739130435	23
3781	2006	3.758771929824561	114
3783	2006	4.0	19
3810	2006	2.483304794520548	1168
3817	2006	3.2035036018336607	3054
3830	2006	4.027777777777778	36
3853	2006	3.716417910447761	134
3860	2006	2.757575757575758	66
3868	2006	3.9477611940298507	67
3877	2006	3.45	50
3884	2006	3.685185185185185	27
3893	2006	3.3360655737704916	61
3908	2006	3.4574468085106385	94
3909	2006	3.9	25
3918	2006	3.840909090909091	22
3921	2006	3.86	25
3937	2006	3.875	4
3944	2006	3.5	27
3953	2006	3.8275862068965516	29
3961	2006	2.5416666666666665	24
3976	2006	3.7828947368421053	76
3982	2006	3.5096153846153846	52
3991	2006	2.189873417721519	79
3992	2006	3.985148514851485	101
4022	2006	3.4134328358208954	335
4026	2006	4.020618556701031	194
4034	2006	3.6513761467889907	109
4041	2006	2.310344827586207	29
4092	2006	3.0845864661654137	266
4136	2006	3.9796747967479673	246
4146	2006	4.397435897435898	117
4157	2006	3.382608695652174	115
4164	2006	3.892857142857143	28
4176	2006	3.576923076923077	65
4183	2006	3.857142857142857	7
4188	2006	3.7	30
4198	2006	4.1729651162790695	344
4259	2006	3.973684210526316	76
4272	2006	3.0422535211267605	71
4286	2006	3.8714285714285714	70
4303	2006	3.8676470588235294	68
4334	2006	4.25	30
4341	2006	3.4921259842519685	127
4352	2006	3.02	150
4378	2006	4.317073170731708	164
4401	2006	3.4384615384615387	390
4411	2006	3.3815789473684212	38
4482	2006	3.717948717948718	78
4511	2006	3.9776119402985075	67
4513	2006	2.946078431372549	102
4517	2006	3.2419354838709675	31
4527	2006	3.8547008547008548	117
4534	2006	3.6923076923076925	39
4535	2006	4.144444444444445	45
4544	2006	3.85	20
4549	2006	3.483739837398374	123
4595	2006	4.441666666666666	120
4598	2006	3.216867469879518	83
4612	2006	3.5118110236220472	127
4622	2006	4.090909090909091	77
4642	2006	4.00531914893617	94
4649	2006	4.0476190476190474	21
4688	2006	3.119186046511628	516
4697	2006	4.066666666666666	15
4715	2006	3.120162932790224	491
4719	2006	3.6666666666666665	21
4720	2006	3.375912408759124	137
4727	2006	3.851063829787234	47
4728	2006	3.9612244897959186	245
4739	2006	4.465116279069767	43
4754	2006	3.75531914893617	141
4812	2006	3.138364779874214	159
4822	2006	3.0833333333333335	36
4827	2006	3.409655172413793	725
4834	2006	3.75	136
4856	2006	3.1167664670658684	167
4868	2006	3.9827586206896552	29
4890	2006	3.9698795180722892	166
4895	2006	4.560975609756097	41
4912	2006	3.852201257861635	159
4955	2006	3.75	56
4973	2006	3.5681818181818183	22
4990	2006	3.9	55
5012	2006	3.7708333333333335	48
5014	2006	3.6685082872928176	181
5031	2006	2.9285714285714284	49
5061	2006	3.8482142857142856	56
5075	2006	3.978723404255319	47
5085	2006	2.661111111111111	90
5100	2006	3.1944444444444446	36
5110	2006	4.217532467532467	154
5129	2006	3.7476190476190476	105
5134	2006	3.4831460674157304	89
5139	2006	3.9276315789473686	76
5155	2006	3.276315789473684	38
5188	2006	3.391891891891892	37
5226	2006	4.0	4
5231	2006	3.46875	80
5232	2006	3.5714285714285716	7
5238	2006	3.388888888888889	27
5240	2006	3.9545454545454546	22
5252	2006	4.068965517241379	58
5262	2006	2.513064133016627	421
5270	2006	3.710526315789474	19
5277	2006	3.4910714285714284	56
5280	2006	3.439306358381503	173
5285	2006	3.5644444444444443	450
5295	2006	3.8	10
5308	2006	2.1219512195121952	41
5321	2006	3.725225225225225	111
5332	2006	4.21875	48
5367	2006	2.0701754385964914	57
5373	2006	3.0637254901960786	102
5392	2006	3.2246376811594204	138
5422	2006	3.482142857142857	112
5440	2006	3.2857142857142856	21
5459	2006	3.706896551724138	29
5469	2006	3.3658536585365852	123
5475	2006	4.360655737704918	122
5480	2006	3.6578947368421053	19
5494	2006	4.136363636363637	33
5507	2006	3.55	30
5508	2006	3.175	60
5510	2006	2.450310559006211	644
5545	2006	3.356	125
5552	2006	3.7044728434504792	313
5583	2006	4.029411764705882	34
5586	2006	3.6666666666666665	261
5593	2006	3.869565217391304	23
5627	2006	3.8653846153846154	26
5645	2006	3.783333333333333	30
5659	2006	3.1875	16
5670	2006	4.083333333333333	18
5671	2006	2.8859649122807016	114
5678	2006	3.375	52
5698	2006	3.722972972972973	74
5706	2006	3.243362831858407	113
5719	2006	4.145631067961165	206
5728	2006	4.157894736842105	38
5757	2006	4.36	25
5760	2006	3.2857142857142856	7
5767	2006	3.1439024390243904	205
5775	2006	3.7872340425531914	47
5798	2006	2.828125	96
5829	2006	3.0032894736842106	152
5831	2006	2.140625	64
5836	2006	3.875	308
5841	2006	3.4934426229508198	305
5858	2006	3.264957264957265	351
5861	2006	3.230769230769231	65
5865	2006	3.7790697674418605	43
5880	2006	3.951923076923077	52
5917	2006	3.0420353982300883	226
5921	2006	3.248344370860927	151
5925	2006	3.3676470588235294	102
5932	2006	2.9	50
5934	2006	4.014285714285714	35
5939	2006	3.111771700356718	841
5954	2006	3.772609819121447	387
5959	2006	4.057971014492754	69
5964	2006	3.588235294117647	51
5978	2006	3.117132867132867	286
5983	2006	3.627450980392157	255
5988	2006	3.538793103448276	116
5995	2006	3.25	24
6005	2006	3.0064102564102564	156
6011	2006	2.9741379310344827	58
6014	2006	3.4195464362850974	926
6018	2006	2.894939493949395	909
6023	2006	3.481818181818182	55
6031	2006	3.861111111111111	72
6037	2006	4.441666666666666	120
6045	2006	4.552631578947368	57
6047	2006	3.8921875	320
6051	2006	3.661290322580645	124
6063	2006	3.3392857142857144	28
6067	2006	4.014705882352941	68
6076	2006	3.701923076923077	104
6082	2006	3.592233009708738	103
6091	2006	4.5606060606060606	66
6114	2006	3.1336206896551726	116
6124	2006	3.56	75
6145	2006	4.35	100
6154	2006	3.6530172413793105	232
6163	2006	2.9771428571428573	175
6166	2006	2.993827160493827	243
6172	2006	3.6741486068111455	646
6180	2006	3.5	21
6194	2006	4.054347826086956	46
6220	2006	4.226666666666667	150
6223	2006	3.8448275862068964	29
6224	2006	3.456043956043956	91
6227	2006	3.7815126050420167	238
6237	2006	3.6510791366906474	139
6264	2006	3.3246013667425967	439
6272	2006	3.5180722891566263	249
6277	2006	3.584788029925187	401
6281	2006	3.8614130434782608	368
6285	2006	3.420289855072464	276
6289	2006	3.0	4
6293	2006	3.7816901408450705	71
6302	2006	3.642857142857143	28
6323	2006	3.6540697674418605	172
6338	2006	4.10632183908046	174
6339	2006	3.817073170731707	164
6344	2006	3.4242424242424243	66
6352	2006	2.7467532467532467	77
6362	2006	4.077639751552795	161
6366	2006	3.311926605504587	109
6369	2006	2.9761904761904763	105
6372	2006	4.035714285714286	28
6376	2006	3.776470588235294	85
6385	2006	4.143656716417911	268
6393	2006	2.9381860196418255	1731
6396	2006	3.225	20
6400	2006	3.1666666666666665	45
6416	2006	2.7666666666666666	75
6420	2006	3.810344827586207	58
6426	2006	3.4358974358974357	39
6427	2006	3.5073529411764706	68
6431	2006	3.82648401826484	219
6443	2006	3.0961538461538463	26
6449	2006	3.5606060606060606	33
6460	2006	3.625	56
6477	2006	3.5464150943396224	1325
6491	2006	4.0625	64
6495	2006	4.007352941176471	340
6508	2006	3.362857142857143	350
6509	2006	4.109375	32
6517	2006	3.696261682242991	107
6522	2006	3.5337837837837838	148
6532	2006	3.643987341772152	316
6540	2006	3.4130434782608696	23
6550	2006	3.1470588235294117	765
6555	2006	3.5086206896551726	58
6558	2006	3.796747967479675	123
6565	2006	3.9893617021276597	47
6571	2006	3.180257510729614	233
6582	2006	4.086909871244635	466
6590	2006	3.690265486725664	113
6592	2006	3.7083333333333335	168
6600	2006	2.5833333333333335	204
6606	2006	4.14375	80
6616	2006	3.924083769633508	191
6624	2006	3.4321608040201004	398
6635	2006	2.843137254901961	51
6640	2006	4.171296296296297	216
6644	2006	3.3564814814814814	216
6645	2006	3.94672131147541	122
6649	2006	3.537037037037037	108
6698	2006	3.101123595505618	89
6730	2006	3.170698924731183	372
6746	2006	3.6818181818181817	22
6757	2006	2.7021660649819497	277
6758	2006	3.5396825396825395	63
6759	2006	4.318181818181818	44
6770	2006	3.4602649006622515	151
6785	2006	3.8	260
6801	2006	4.205223880597015	134
6806	2006	4.016233766233766	154
6836	2006	3.062015503875969	258
6845	2006	3.26027397260274	73
6854	2006	4.0	147
6862	2006	4.2	35
6868	2006	3.537037037037037	27
6881	2006	3.7291666666666665	48
6889	2006	3.9369627507163325	349
6905	2006	3.8365384615384617	52
6906	2006	3.47	50
6913	2006	3.9313725490196076	51
6932	2006	3.9347826086956523	23
6941	2006	3.425	20
6946	2006	4.032051282051282	78
6968	2006	3.980769230769231	26
6971	2006	3.5555555555555554	72
6973	2006	3.5	22
7004	2006	3.6707317073170733	41
7011	2006	3.734782608695652	115
7018	2006	3.99	200
7036	2006	3.6862068965517243	145
7044	2006	4.178571428571429	28
7053	2006	3.6634615384615383	52
7056	2006	4.1521739130434785	23
7061	2006	3.4242424242424243	66
7066	2006	4.222222222222222	54
7069	2006	3.1761133603238867	247
7073	2006	3.227272727272727	22
7078	2006	2.862137862137862	1001
7084	2006	4.325980392156863	204
7088	2006	3.8713235294117645	136
7092	2006	3.6202531645569622	79
7109	2006	3.2135135135135133	185
7127	2006	3.4100135317997293	739
7145	2006	3.9404761904761907	42
7147	2006	3.6227272727272726	110
7152	2006	3.76056338028169	71
7156	2006	3.6578947368421053	228
7166	2006	3.6166666666666667	120
7174	2006	3.888888888888889	27
7181	2006	2.98	100
7182	2006	3.8292682926829267	41
7187	2006	3.675438596491228	57
7195	2006	3.450892857142857	112
7204	2006	3.6971830985915495	142
7211	2006	4.0125	40
7236	2006	3.7022900763358777	131
7252	2006	3.8119658119658117	585
7258	2006	3.922360248447205	161
7265	2006	3.93448275862069	145
7267	2006	3.391891891891892	74
7272	2006	3.5	22
7283	2006	4.488636363636363	44
7287	2006	3.630281690140845	142
7292	2006	3.6323529411764706	34
7295	2006	3.960526315789474	38
7298	2006	3.8109756097560976	82
7304	2006	3.0390625	320
7305	2006	2.89	50
7315	2006	3.127939142461964	723
7317	2006	3.5625	24
7344	2006	4.109803921568627	255
7347	2006	3.65625	64
7353	2006	3.8368794326241136	141
7356	2006	3.945333333333333	375
7362	2006	4.06875	80
7367	2006	3.840909090909091	22
7381	2006	3.5821917808219177	146
7386	2006	3.28	25
7403	2006	4.333333333333333	30
7411	2006	3.8920454545454546	88
7422	2006	4.153846153846154	52
7427	2006	4.322222222222222	90
7441	2006	3.324561403508772	114
7449	2006	3.4444444444444446	45
7452	2006	4.148648648648648	37
7459	2006	3.9054054054054053	37
7472	2006	3.058666666666667	750
7477	2006	3.842857142857143	35
7483	2006	2.8764044943820224	89
7495	2006	4.137931034482759	58
7508	2006	3.3184245660881175	749
7514	2006	2.9732142857142856	168
7523	2006	3.7111111111111112	45
7529	2006	3.0521472392638036	326
7534	2006	3.234375	640
7546	2006	3.9310344827586206	29
7587	2006	3.0617469879518073	996
7591	2006	3.891304347826087	23
7599	2006	3.4423076923076925	26
7604	2006	2.8703703703703702	27
7612	2006	3.202830188679245	106
7624	2006	3.4242424242424243	33
7635	2006	4.3	60
7646	2006	3.757142857142857	70
7661	2006	4.44	25
7669	2006	2.761904761904762	21
7671	2006	4.104477611940299	67
7678	2006	3.8207650273224045	915
7684	2006	3.1470588235294117	17
7689	2006	3.4411764705882355	34
7704	2006	3.324644549763033	211
7708	2006	3.1305732484076434	157
7714	2006	3.4166666666666665	72
7716	2006	3.6639344262295084	61
7727	2006	3.673469387755102	147
7729	2006	3.5606060606060606	33
7732	2006	4.525974025974026	231
7736	2006	3.23943661971831	71
7740	2006	3.111111111111111	36
7743	2006	2.693798449612403	258
7752	2006	3.8020833333333335	48
7758	2006	3.9130434782608696	23
7759	2006	3.8055555555555554	72
7763	2006	3.688679245283019	53
7769	2006	4.0227272727272725	22
7778	2006	3.794642857142857	56
7779	2006	3.4545454545454546	77
7786	2006	3.2266483516483517	364
7790	2006	3.65	70
7808	2006	3.9008620689655173	116
7815	2006	3.4421487603305785	121
7819	2006	3.6956521739130435	23
7827	2006	4.08	25
7835	2006	3.425373134328358	67
7838	2006	4.1020408163265305	49
7859	2006	3.6743119266055047	109
7864	2006	3.888235294117647	170
7870	2006	3.393805309734513	226
7877	2006	3.0673076923076925	52
7880	2006	3.912280701754386	57
7894	2006	3.2111111111111112	45
7898	2006	3.416267942583732	209
7919	2006	4.109848484848484	132
7920	2006	3.5	38
7925	2006	3.1893939393939394	66
7947	2006	3.7962962962962963	27
7951	2006	4.090909090909091	55
7955	2006	3.5925925925925926	27
7961	2006	3.4761904761904763	21
7975	2006	3.62890625	128
7979	2006	3.8295454545454546	176
7986	2006	3.7142857142857144	70
7987	2006	4.094594594594595	37
8003	2006	4.045871559633028	109
8014	2006	3.7142857142857144	56
8019	2006	2.9166666666666665	6
8020	2006	3.7818181818181817	330
8026	2006	3.746212121212121	132
8041	2006	3.4377637130801686	474
8048	2006	2.8810741687979537	391
8049	2006	3.5940366972477062	218
8058	2006	3.3924302788844622	251
8063	2006	3.3967391304347827	92
8076	2006	3.7051282051282053	39
8082	2006	4.0688775510204085	196
8083	2006	3.8420398009950247	402
8088	2006	3.746031746031746	63
8094	2006	3.6323529411764706	34
8096	2006	4.288359788359788	189
8103	2006	3.602272727272727	88
8109	2006	3.8076923076923075	65
8112	2006	3.35	40
8114	2006	3.5	185
8127	2006	3.5226586102719035	662
8131	2006	3.7	25
8136	2006	3.286764705882353	68
8142	2006	3.7109375	128
8147	2006	3.2353951890034365	291
8153	2006	3.7857142857142856	203
8165	2006	3.6025641025641026	78
8168	2006	3.010301109350238	631
8173	2006	3.7115384615384617	130
8181	2006	3.0992063492063493	378
8194	2006	2.8125	16
8208	2006	2.959737827715356	534
8215	2006	4.3370044052863435	227
8224	2006	3.563106796116505	103
8228	2006	2.825	180
8238	2006	2.882911392405063	158
8239	2006	4.18705035971223	139
8242	2006	3.751412429378531	177
8248	2006	4.09748427672956	159
8265	2006	2.7291666666666665	240
8266	2006	4.029126213592233	103
8274	2006	3.932758620689655	290
8279	2006	3.3351648351648353	182
8282	2006	4.230769230769231	39
8294	2006	3.4157303370786516	89
8352	2006	3.1636568848758464	443
8360	2006	3.938775510204082	98
8375	2006	3.8598326359832638	478
8380	2006	3.5849056603773586	106
8389	2006	2.0892857142857144	28
8393	2006	3.1666666666666665	15
8395	2006	4.408163265306122	98
8421	2006	3.6774193548387095	31
8423	2006	3.1	60
8428	2006	3.4591836734693877	49
8434	2006	3.6424870466321244	193
8454	2006	3.65625	32
8459	2006	4.048076923076923	52
8467	2006	3.7385892116182573	241
8475	2006	3.619565217391304	46
8479	2006	3.954225352112676	142
8480	2006	3.638030888030888	518
8491	2006	3.814814814814815	27
8498	2006	4.375	56
8512	2006	3.942857142857143	35
8517	2006	3.8655172413793104	145
8518	2006	3.729064039408867	203
8528	2006	3.6186440677966103	59
8588	2006	3.5179584120982987	529
8603	2006	3.4359756097560976	164
8609	2006	3.4125	80
8624	2006	2.942786069651741	201
8627	2006	1.9285714285714286	21
8633	2006	3.797979797979798	99
8638	2006	4.256410256410256	39
8651	2006	4.0754716981132075	106
8652	2006	4.2	25
8668	2006	3.9045454545454548	110
8683	2006	3.339782345828295	827
8699	2006	4.112903225806452	62
8706	2006	3.825925925925926	135
8740	2006	3.568	125
8774	2006	3.75	100
8787	2006	3.433526011560694	173
8793	2006	3.4098360655737703	61
8808	2006	4.2682926829268295	41
8811	2006	2.9312796208530805	211
8813	2006	2.6775956284153004	183
8825	2006	2.5253623188405796	138
8826	2006	3.5402298850574714	174
8827	2006	3.8205128205128207	39
8838	2006	3.9846153846153847	65
8842	2006	3.5	57
8852	2006	3.458823529411765	425
8867	2006	3.7058823529411766	34
8875	2006	3.117021276595745	47
8877	2006	3.7671641791044777	335
8886	2006	4.765151515151516	66
8892	2006	3.600418410041841	239
8893	2006	2.857142857142857	21
8900	2006	3.869565217391304	46
8905	2006	3.42258064516129	155
8917	2006	3.5	103
8929	2006	3.642857142857143	42
8930	2006	4.06043388429752	968
8963	2006	3.57396449704142	169
8966	2006	4.004065040650406	246
8972	2006	4.066666666666666	30
8978	2006	3.6454545454545455	55
8991	2006	3.8545454545454545	55
8993	2006	2.8615384615384616	325
9026	2006	3.1486486486486487	37
9039	2006	2.837772397094431	413
9048	2006	2.875	16
9056	2006	4.358895705521473	326
9060	2006	4.129032258064516	62
9104	2006	3.8035714285714284	28
9105	2006	3.4038461538461537	104
9111	2006	3.38	25
9117	2006	2.466666666666667	45
9119	2006	4.185185185185185	27
9133	2006	3.4242424242424243	33
9134	2006	3.8378378378378377	37
9138	2006	3.9801587301587302	126
9141	2006	3.8630769230769233	325
9155	2006	3.608108108108108	111
9161	2006	3.6186440677966103	59
9169	2006	4.222222222222222	27
9177	2006	3.606741573033708	89
9181	2006	2.481741573033708	356
9193	2006	3.3580246913580245	81
9197	2006	4.54516129032258	155
9205	2006	2.8512820512820514	195
9214	2006	3.034090909090909	44
9220	2006	3.5220588235294117	68
9234	2006	3.9047619047619047	84
9245	2006	3.698675496688742	151
9249	2006	3.8566176470588234	136
9255	2006	3.9047619047619047	105
9262	2006	3.6857142857142855	35
9270	2006	3.7740963855421685	166
9275	2006	3.2425	400
9282	2006	3.75	60
9286	2006	3.2	25
9297	2006	3.3464912280701755	114
9301	2006	2.957516339869281	153
9311	2006	3.2597623089983023	589
9327	2006	3.730769230769231	78
9330	2006	3.380281690140845	284
9332	2006	4.234210526315789	190
9336	2006	3.652173913043478	46
9343	2006	4.017857142857143	28
9344	2006	4.04320987654321	81
9351	2006	3.1136363636363638	22
9353	2006	4.125	88
9359	2006	3.021986970684039	614
9370	2006	3.8533333333333335	75
9375	2006	3.4482758620689653	29
9376	2006	3.1529850746268657	134
9384	2006	3.75	76
9393	2006	3.727891156462585	147
9410	2006	3.684322033898305	236
9415	2006	3.223404255319149	47
9433	2006	3.8807106598984773	197
9441	2006	3.8518518518518516	189
9453	2006	4.196319018404908	163
9470	2006	4.166666666666667	27
9475	2006	4.032	125
9492	2006	3.6470588235294117	17
9493	2006	3.8255395683453237	278
9502	2006	3.764705882352941	34
9518	2006	4.525	40
9522	2006	4.170454545454546	44
9538	2006	3.2005208333333335	192
9541	2006	3.0	21
9550	2006	3.0160932297447283	901
9554	2006	3.8622448979591835	98
9563	2006	3.935185185185185	162
9568	2006	2.103801169590643	342
9574	2006	3.794642857142857	56
9588	2006	3.689189189189189	74
9592	2006	3.1538461538461537	39
9595	2006	3.380952380952381	42
9599	2006	3.640583554376658	377
9605	2006	3.480769230769231	26
9609	2006	3.0869565217391304	92
9617	2006	3.7613636363636362	44
9620	2006	3.4464285714285716	28
9625	2006	3.3579545454545454	88
9629	2006	3.30078125	128
9636	2006	4.371212121212121	66
9654	2006	3.5419847328244276	131
9666	2006	3.5185185185185186	27
9667	2006	3.713636363636364	110
9672	2006	3.673076923076923	130
9679	2006	4.009090909090909	110
9687	2006	3.9166666666666665	48
9706	2006	3.715725806451613	248
9717	2006	3.7972972972972974	37
9724	2006	3.797872340425532	47
9787	2006	3.514705882352941	34
9798	2006	3.7205882352941178	34
9809	2006	3.1810344827586206	58
9819	2006	3.7033898305084745	177
9827	2006	3.2589285714285716	672
9871	2006	4.380952380952381	21
9877	2006	3.5526315789473686	19
9878	2006	3.8949579831932772	119
9885	2006	2.9743589743589745	39
9900	2006	4.166666666666667	60
9916	2006	3.04	100
9933	2006	3.2964601769911503	113
9965	2006	3.6166666666666667	30
9975	2006	3.377659574468085	282
9979	2006	3.0408163265306123	49
9986	2006	3.566666666666667	15
9990	2006	4.0	21
9994	2006	4.245	100
10002	2006	4.131578947368421	76
10014	2006	3.2238372093023258	344
10019	2006	4.196428571428571	56
10031	2006	3.1574074074074074	54
10036	2006	2.8640625	640
10045	2006	4.110294117647059	136
10057	2006	3.76890756302521	119
10068	2006	3.7	100
10079	2006	3.389830508474576	59
10084	2006	3.735632183908046	87
10094	2006	3.331932773109244	119
10116	2006	3.4225	200
10125	2006	3.0754716981132075	53
10131	2006	3.1484848484848484	165
10140	2006	2.9482758620689653	29
10154	2006	3.8194444444444446	72
10159	2006	3.0072463768115942	69
10181	2006	3.630718954248366	153
10198	2006	3.632978723404255	94
10200	2006	3.1714285714285713	35
10209	2006	3.634020618556701	97
10214	2006	4.230769230769231	104
10219	2006	3.4827586206896552	29
10225	2006	3.676056338028169	71
10246	2006	3.2653061224489797	49
10257	2006	3.0742924528301887	424
10261	2006	3.893162393162393	117
10272	2006	4.086956521739131	23
10275	2006	4.023255813953488	86
10281	2006	3.3348214285714284	448
10287	2006	3.875	28
10292	2006	3.690677966101695	354
10318	2006	3.29	50
10319	2006	3.8068181818181817	132
10323	2006	4.090909090909091	22
10328	2006	3.4166666666666665	42
10335	2006	3.2954545454545454	22
10339	2006	3.296875	32
10343	2006	3.544943820224719	89
10348	2006	3.8384615384615386	65
10368	2006	3.5833333333333335	12
10374	2006	3.9558823529411766	34
10385	2006	3.375	276
10391	2006	3.7531645569620253	79
10402	2006	3.521077283372365	427
10415	2006	3.9878048780487805	41
10426	2006	3.5	21
10431	2006	3.966666666666667	45
10438	2006	3.581818181818182	55
10443	2006	3.7819148936170213	94
10455	2006	3.533737024221453	578
10462	2006	3.63953488372093	43
10479	2006	3.2843511450381677	262
10489	2006	3.5877862595419847	131
10495	2006	4.066489361702128	188
10502	2006	3.6739130434782608	161
10516	2006	3.747863247863248	117
10521	2006	3.98	100
10548	2006	2.9047619047619047	42
10552	2006	3.641025641025641	195
10570	2006	3.3620689655172415	464
10580	2006	3.6363636363636362	22
10598	2006	3.45	90
10608	2006	3.6140939597315436	149
10629	2006	3.9827586206896552	29
10633	2006	3.605691056910569	123
10636	2006	3.4563106796116503	103
10638	2006	3.6052631578947367	19
10639	2006	3.261904761904762	21
10656	2006	3.882716049382716	81
10661	2006	3.4296875	64
10673	2006	4.0271739130434785	92
10680	2006	2.9005524861878453	905
10694	2006	3.8516949152542375	118
10715	2006	3.1844729344729346	702
10733	2006	3.694915254237288	59
10739	2006	4.023809523809524	42
10740	2006	4.0394736842105265	38
10749	2006	2.477272727272727	352
10759	2006	3.363874345549738	191
10777	2006	3.7241379310344827	29
10778	2006	3.3	35
10782	2006	2.878205128205128	78
10791	2006	3.3	5
10796	2006	3.451923076923077	52
10799	2006	3.188888888888889	45
10811	2006	3.425925925925926	27
10832	2006	3.519230769230769	26
10840	2006	3.421875	32
10844	2006	4.431372549019608	102
10848	2006	3.4285714285714284	189
10858	2006	3.3823529411764706	85
10868	2006	3.4335443037974684	158
10905	2006	3.6036585365853657	328
10907	2006	3.398678414096916	681
10931	2006	3.586206896551724	116
10936	2006	4.120689655172414	87
10942	2006	4.2924528301886795	53
10949	2006	3.7745098039215685	51
10955	2006	3.9705882352941178	34
10956	2006	3.725	140
10972	2006	3.7717391304347827	46
10986	2006	3.1375	40
10996	2006	3.2142857142857144	21
11002	2006	3.557894736842105	95
11017	2006	3.0	24
11023	2006	4.140625	32
11028	2006	3.3360790774299836	607
11032	2006	4.483333333333333	240
11036	2006	3.5	42
11041	2006	3.1666666666666665	102
11042	2006	3.9380952380952383	105
11056	2006	3.6630434782608696	230
11061	2006	3.7205882352941178	34
11076	2006	3.75	94
11077	2006	3.574468085106383	47
11081	2006	3.78125	32
11108	2006	3.356	125
11113	2006	3.3230897009966776	602
11117	2006	3.9444444444444446	45
11138	2006	3.953125	32
11158	2006	3.745614035087719	57
11166	2006	3.17	50
11176	2006	2.5952380952380953	21
11179	2006	3.564516129032258	31
11186	2006	3.044776119402985	67
11187	2006	3.8255813953488373	43
11188	2006	3.5615942028985508	276
11194	2006	3.794642857142857	56
11203	2006	3.2	15
11204	2006	2.8958333333333335	24
11208	2006	3.55	50
11216	2006	3.4857142857142858	35
11220	2006	3.8	5
11221	2006	3.356287425149701	501
11227	2006	3.740506329113924	79
11239	2006	3.4565217391304346	46
11251	2006	3.5	33
11256	2006	2.9761904761904763	21
11273	2006	3.940677966101695	59
11277	2006	4.0227272727272725	22
11283	2006	4.389830508474576	59
11286	2006	3.7	70
11314	2006	3.3072289156626504	166
11321	2006	4.065476190476191	84
11325	2006	3.0	105
11329	2006	3.7761194029850746	67
11338	2006	3.4761904761904763	63
11342	2006	3.2108262108262107	351
11346	2006	3.9482758620689653	29
11360	2006	3.7	90
11383	2006	3.4926108374384235	203
11384	2006	2.2045454545454546	22
11405	2006	3.891304347826087	23
11411	2006	3.6302083333333335	96
11415	2006	3.857142857142857	28
11424	2006	3.659090909090909	66
11442	2006	3.4603174603174605	63
11447	2006	3.4554455445544554	202
11451	2006	4.6923076923076925	52
11457	2006	4.285714285714286	28
11466	2006	3.3950617283950617	81
11470	2006	3.4158878504672896	321
11479	2006	4.254901960784314	51
11485	2006	2.210526315789474	38
11491	2006	2.32	25
11495	2006	3.261029411764706	136
11501	2006	3.6931818181818183	44
11509	2006	3.2960526315789473	76
11521	2006	3.5328947368421053	76
11554	2006	3.7573221757322175	239
11562	2006	3.3483992467043313	531
11569	2006	3.0657894736842106	38
11570	2006	3.47	50
11571	2006	4.017985611510792	139
11577	2006	3.6682926829268294	205
11613	2006	3.1097560975609757	41
11621	2006	3.7291666666666665	24
11631	2006	4.057377049180328	61
11632	2006	3.9761904761904763	21
11637	2006	4.3	40
11645	2006	3.942857142857143	175
11648	2006	3.6136363636363638	66
11663	2006	3.92125	400
11680	2006	2.6346153846153846	26
11693	2006	3.3620689655172415	58
11701	2006	4.69375	160
11711	2006	3.8157894736842106	19
11728	2006	3.3768115942028984	207
11732	2006	3.1401869158878504	107
11744	2006	3.65	10
11758	2006	2.7936507936507935	63
11759	2006	3.3994169096209914	343
11765	2006	3.152173913043478	23
11776	2006	3.5576923076923075	52
11780	2006	4.196428571428571	56
11781	2006	4.180131004366812	458
11798	2006	4.353658536585366	41
11802	2006	4.038147138964578	367
11805	2006	3.3681592039800994	201
11807	2006	4.333333333333333	9
11809	2006	3.9596774193548385	62
11810	2006	2.6296296296296298	27
11815	2006	3.676829268292683	246
11830	2006	2.4655172413793105	29
11838	2006	3.1485714285714286	350
11841	2006	4.125	16
11842	2006	4.386363636363637	44
11847	2006	3.284090909090909	88
11849	2006	4.157894736842105	38
11854	2006	3.1	25
11869	2006	3.568421052631579	190
11873	2006	3.6785714285714284	42
11880	2006	3.3365384615384617	52
11889	2006	3.7721518987341773	158
11898	2006	2.9017857142857144	112
11900	2006	3.100840336134454	357
11904	2006	3.7708333333333335	24
11912	2006	3.9444444444444446	36
11913	2006	3.732142857142857	28
11918	2006	3.337696335078534	191
11922	2006	3.5714285714285716	105
11923	2006	2.8214285714285716	28
11931	2006	3.1228070175438596	57
11937	2006	4.0594059405940595	202
11941	2006	4.081967213114754	61
11942	2006	3.3559322033898304	118
11952	2006	3.2131147540983607	61
11964	2006	4.181818181818182	22
11974	2006	4.1521739130434785	23
11977	2006	3.642857142857143	21
11980	2006	3.282758620689655	145
11988	2006	3.495169082125604	207
11990	2006	3.3161290322580643	310
12006	2006	3.5913897280966767	662
12012	2006	3.977272727272727	88
12014	2006	2.7338129496402876	139
12019	2006	3.0238095238095237	42
12023	2006	4.319444444444445	36
12025	2006	3.6626344086021505	372
12028	2006	3.383783783783784	185
12033	2006	3.369047619047619	42
12040	2006	3.5625	8
12041	2006	2.7839506172839505	81
12051	2006	3.3282442748091605	524
12056	2006	3.372047244094488	254
12076	2006	2.9978991596638656	238
12080	2006	3.3846153846153846	39
12081	2006	4.476190476190476	21
12094	2006	3.845744680851064	94
12105	2006	4.104166666666667	24
12107	2006	3.8125	24
12123	2006	3.477272727272727	22
12126	2006	3.8958333333333335	24
12132	2006	4.4523809523809526	21
12143	2006	3.847826086956522	23
12150	2006	3.3218045112781955	665
12182	2006	4.20952380952381	105
12192	2006	3.6153846153846154	26
12202	2006	4.0	37
12207	2006	3.8321005917159763	676
12218	2006	4.159090909090909	22
12221	2006	4.05	20
12222	2006	3.022727272727273	22
12226	2006	3.6785714285714284	28
12234	2006	4.06	75
12239	2006	3.5397350993377485	151
12244	2006	3.107142857142857	56
12249	2006	4.161764705882353	68
12255	2006	3.0306122448979593	49
12259	2006	4.136752136752137	117
12265	2006	3.5779816513761467	109
12266	2006	3.8088235294117645	102
12282	2006	3.630434782608696	46
12289	2006	3.770700636942675	314
12296	2006	3.576923076923077	39
12302	2006	3.2731958762886597	97
12309	2006	3.6127450980392157	102
12320	2006	3.6956521739130435	23
12326	2006	3.7706766917293235	133
12354	2006	4.024390243902439	41
12356	2006	3.857142857142857	28
12366	2006	3.481865284974093	193
12372	2006	3.823529411764706	34
12378	2006	3.5434782608695654	46
12382	2006	4.433333333333334	30
12393	2006	4.006410256410256	78
12403	2006	4.4772727272727275	22
12408	2006	3.816666666666667	30
12445	2006	3.6964285714285716	56
12451	2006	3.76875	160
12457	2006	2.9263803680981595	163
12459	2006	2.909090909090909	22
12467	2006	1.794871794871795	39
12485	2006	2.9285714285714284	21
12490	2006	3.255813953488372	43
12500	2006	4.326923076923077	26
12509	2006	3.522727272727273	22
12519	2006	4.3	30
12525	2006	2.9806451612903224	155
12532	2006	3.6880341880341883	117
12537	2006	3.5384615384615383	13
12538	2006	3.5725806451612905	124
12550	2006	2.9166666666666665	30
12554	2006	3.513986013986014	429
12560	2006	3.620879120879121	91
12562	2006	3.951219512195122	41
12569	2006	3.84375	80
12574	2006	3.647727272727273	44
12580	2006	3.8297872340425534	47
12584	2006	3.659090909090909	22
12593	2006	3.5084745762711864	472
12599	2006	3.56	25
12611	2006	3.9583333333333335	36
12621	2006	3.6379310344827585	29
12622	2006	3.9879518072289155	83
12640	2006	3.6125	40
12644	2006	3.533333333333333	30
12661	2006	4.479166666666667	48
12674	2006	3.586206896551724	29
12689	2006	4.1923076923076925	39
12699	2006	3.9838709677419355	31
12700	2006	3.9921875	64
12721	2006	3.544921875	256
12735	2006	3.688679245283019	53
12742	2006	3.932926829268293	82
12747	2006	3.116228070175439	228
12752	2006	3.5229885057471266	87
12753	2006	3.1346153846153846	26
12759	2006	2.3333333333333335	3
12760	2006	3.425581395348837	645
12774	2006	3.547872340425532	188
12780	2006	2.725563909774436	133
12785	2006	3.3260869565217392	23
12791	2006	3.335294117647059	85
12800	2006	2.7941176470588234	17
12811	2006	3.3746031746031746	315
12815	2006	3.1470588235294117	34
12818	2006	4.277777777777778	216
12821	2006	1.85	30
12824	2006	3.5	4
12835	2006	3.380952380952381	21
12837	2006	3.3461538461538463	39
12842	2006	3.6739130434782608	23
12853	2006	3.0760869565217392	92
12862	2006	3.661290322580645	62
12888	2006	2.8	25
12896	2006	4.05	30
12905	2006	4.258333333333334	60
12910	2006	3.5613305613305615	481
12917	2006	3.293838862559242	422
12921	2006	4.258883248730965	197
12933	2006	3.826923076923077	52
12939	2006	4.142857142857143	21
12949	2006	2.9656357388316152	582
12952	2006	4.166666666666667	6
12961	2006	4.044303797468355	79
12969	2006	2.961839530332681	511
12986	2006	3.715355805243446	267
12991	2006	4.634615384615385	26
12996	2006	3.764705882352941	34
13003	2006	3.4464285714285716	56
13014	2006	3.5428571428571427	35
13015	2006	3.3	250
13029	2006	3.0176715176715176	481
13035	2006	3.1222222222222222	45
13043	2006	3.97972972972973	74
13048	2006	3.936619718309859	142
13060	2006	3.266304347826087	92
13068	2006	2.7543103448275863	116
13074	2006	3.9318181818181817	44
13081	2006	3.8488372093023258	86
13086	2006	4.122950819672131	183
13091	2006	3.125	32
13092	2006	2.017857142857143	28
13099	2006	3.9444444444444446	36
13110	2006	2.909090909090909	22
13115	2006	3.8125	120
13123	2006	4.413043478260869	23
13157	2006	2.5714285714285716	21
13159	2006	3.9504504504504503	111
13164	2006	2.7133333333333334	75
13165	2006	3.922222222222222	90
13185	2006	2.590909090909091	22
13190	2006	3.4592592592592593	135
13194	2006	3.4675324675324677	154
13198	2006	3.736842105263158	38
13203	2006	3.317142857142857	175
13210	2006	4.065789473684211	38
13216	2006	3.844642857142857	280
13219	2006	3.6964285714285716	84
13222	2006	4.128947368421053	190
13228	2006	3.5052083333333335	96
13230	2006	4.015625	32
13233	2006	2.5	3
13238	2006	2.3461538461538463	26
13242	2006	3.2954545454545454	22
13252	2006	4.0	22
13257	2006	4.041666666666667	72
13264	2006	3.5661764705882355	68
13266	2006	2.6739130434782608	23
13270	2006	3.1904761904761907	21
13271	2006	3.4906103286384975	426
13274	2006	3.6547619047619047	42
13282	2006	3.3132530120481927	83
13283	2006	3.2687927107061503	439
13295	2006	4.0	48
13302	2006	4.325	40
13309	2006	3.9344262295081966	122
13318	2006	3.6826923076923075	52
13321	2006	3.247685185185185	216
13323	2006	3.323529411764706	68
13342	2006	3.0078125	128
13343	2006	3.8653846153846154	156
13352	2006	3.527644230769231	416
13364	2006	3.53125	64
13369	2006	4.066666666666666	270
13372	2006	4.2	45
13376	2006	3.836021505376344	186
13380	2006	3.0349162011173183	358
13385	2006	3.735294117647059	51
13392	2006	2.6724137931034484	29
13396	2006	3.7954545454545454	22
13397	2006	4.083333333333333	60
13401	2006	4.008771929824562	57
13410	2006	4.52112676056338	71
13415	2006	4.08893280632411	253
13435	2006	3.5142857142857142	35
13449	2006	3.488888888888889	45
13454	2006	3.6052631578947367	38
13461	2006	4.380952380952381	21
13468	2006	2.963636363636364	55
13472	2006	3.1504065040650406	246
13478	2006	3.3036303630363038	303
13502	2006	3.5949367088607596	79
13519	2006	3.411764705882353	17
13520	2006	3.9473684210526314	19
13524	2006	5.0	21
13541	2006	3.8	25
13546	2006	4.621212121212121	33
13548	2006	3.3	50
13551	2006	4.270833333333333	24
13560	2006	3.369565217391304	69
13561	2006	1.9625	40
13573	2006	2.921875	32
13583	2006	3.678688524590164	305
13589	2006	3.4130434782608696	23
13599	2006	3.6791044776119404	67
13602	2006	3.7916666666666665	24
13605	2006	3.6666666666666665	24
13608	2006	3.1666666666666665	21
13614	2006	3.8190184049079754	163
13632	2006	2.25	22
13635	2006	2.5801526717557253	131
13639	2006	3.0952380952380953	21
13644	2006	3.238095238095238	21
13655	2006	3.369565217391304	23
13666	2006	3.617954070981211	479
13669	2006	2.6241610738255035	149
13671	2006	2.0	26
13680	2006	3.6702127659574466	47
13687	2006	2.9464285714285716	28
13693	2006	3.6739130434782608	46
13694	2006	2.7889908256880735	218
13700	2006	3.3773584905660377	265
13701	2006	3.692857142857143	70
13716	2006	3.253612716763006	1384
13731	2006	3.409090909090909	44
13741	2006	3.3833333333333333	30
13746	2006	3.4423076923076925	26
13748	2006	4.252525252525253	99
13760	2006	3.6296296296296298	27
13765	2006	3.2483870967741937	310
13768	2006	3.34375	32
13777	2006	2.5	25
13786	2006	3.9214285714285713	140
13790	2006	3.8968253968253967	63
13798	2006	4.619047619047619	42
13801	2006	3.2752293577981653	109
13804	2006	3.836	250
13809	2006	1.9833333333333334	30
13813	2006	3.6785714285714284	56
13818	2006	3.4915254237288136	59
13833	2006	3.732142857142857	28
13839	2006	2.8421926910299002	301
13847	2006	3.857142857142857	70
13855	2006	3.3777777777777778	270
13859	2006	3.86	25
13886	2006	3.6408839779005526	181
13893	2006	3.9107142857142856	28
13897	2006	3.869565217391304	23
13909	2006	3.5168067226890756	119
13914	2006	3.740506329113924	79
13916	2006	4.314102564102564	78
13937	2006	3.842857142857143	35
13970	2006	4.54054054054054	37
13974	2006	4.5	3
13975	2006	3.4166666666666665	24
13990	2006	2.5643564356435644	101
13992	2006	3.7083333333333335	72
13999	2006	3.4190231362467864	389
14004	2006	3.5847457627118646	59
14019	2006	3.526627218934911	169
14024	2006	3.4	130
14025	2006	3.793103448275862	29
14051	2006	3.261904761904762	42
14060	2006	4.456521739130435	23
14063	2006	3.3125	24
14069	2006	3.784090909090909	44
14078	2006	3.74	25
14084	2006	3.2777777777777777	27
14095	2006	4.434210526315789	38
14096	2006	3.7222222222222223	27
14099	2006	3.3827838827838828	273
14107	2006	3.076923076923077	26
14116	2006	3.630434782608696	23
14121	2006	3.101973684210526	152
14126	2006	3.6166666666666667	30
14130	2006	3.4006968641114983	287
14134	2006	3.4285714285714284	84
14135	2006	2.9444444444444446	27
14140	2006	3.769230769230769	598
14147	2006	3.741635687732342	269
14153	2006	3.8311258278145695	151
14177	2006	3.482142857142857	28
14187	2006	2.8822314049586777	484
14198	2006	3.0061274509803924	408
14220	2006	3.4782608695652173	23
14227	2006	3.462962962962963	27
14230	2006	3.391304347826087	23
14239	2006	3.5096153846153846	52
14246	2006	3.2045454545454546	22
14249	2006	3.7954545454545454	22
14258	2006	4.368421052631579	19
14265	2006	2.95	20
14274	2006	3.6091954022988504	87
14279	2006	3.71875	32
14291	2006	3.5602409638554215	166
14312	2006	2.805084745762712	59
14319	2006	3.95679012345679	81
14335	2006	3.7857142857142856	77
14356	2006	2.746987951807229	166
14360	2006	4.071428571428571	21
14386	2006	3.7	55
14395	2006	4.261904761904762	42
14413	2006	4.090909090909091	33
14421	2006	3.9545454545454546	22
14432	2006	3.8191489361702127	235
14437	2006	3.769230769230769	26
14442	2006	3.978448275862069	116
14454	2006	3.46	25
14464	2006	4.027272727272727	55
14474	2006	4.088235294117647	153
14478	2006	3.94	25
14483	2006	3.4916666666666667	60
14486	2006	3.4050632911392404	79
14487	2006	3.4047619047619047	21
14491	2006	4.263681592039801	201
14497	2006	3.405128205128205	195
14503	2006	3.4385245901639343	122
14510	2006	4.4423076923076925	26
14522	2006	3.2653061224489797	49
14528	2006	3.9344262295081966	61
14531	2006	3.826530612244898	98
14541	2006	2.61	100
14549	2006	3.864130434782609	92
14553	2006	4.345588235294118	68
14570	2006	3.8333333333333335	6
14571	2006	4.065217391304348	23
14578	2006	3.509009009009009	111
14585	2006	3.576923076923077	26
14632	2006	3.2115384615384617	26
14653	2006	2.75	272
14654	2006	3.8513513513513513	37
14686	2006	3.7096774193548385	31
14693	2006	3.6574074074074074	54
14716	2006	3.5208333333333335	72
14726	2006	4.388888888888889	36
14733	2006	4.11443661971831	284
14743	2006	3.9423076923076925	26
14749	2006	3.292682926829268	451
14758	2006	3.2906666666666666	375
14780	2006	3.4130434782608696	23
14782	2006	3.7777777777777777	36
14787	2006	3.340909090909091	22
14803	2006	2.4026315789473682	190
14815	2006	3.7083333333333335	120
14837	2006	3.168711656441718	326
14855	2006	3.7777777777777777	117
14880	2006	4.266666666666667	75
14888	2006	4.0588235294117645	17
14889	2006	2.9849137931034484	464
14895	2006	3.18	25
14896	2006	3.5527156549520766	313
14904	2006	3.4651162790697674	86
14921	2006	3.460674157303371	267
14923	2006	3.689189189189189	74
14933	2006	3.0972222222222223	216
14943	2006	3.55	30
14946	2006	3.78125	16
14967	2006	3.3620689655172415	29
14979	2006	4.206521739130435	46
14998	2006	3.183333333333333	30
15022	2006	3.6557377049180326	366
15033	2006	3.842857142857143	35
15037	2006	4.195817490494297	526
15042	2006	4.0625	48
15049	2006	3.3791469194312795	211
15055	2006	3.5265151515151514	264
15061	2006	3.4275618374558303	1698
15078	2006	3.556410256410256	195
15145	2006	3.527027027027027	74
15146	2006	2.578125	32
15157	2006	3.85	50
15168	2006	2.9404761904761907	42
15173	2006	3.7857142857142856	21
15177	2006	3.4121621621621623	74
15207	2006	3.2428748451053284	807
15224	2006	3.75	110
15235	2006	2.4933920704845813	227
15255	2006	2.5157894736842104	95
15264	2006	3.364864864864865	111
15274	2006	3.6942148760330578	121
15321	2006	2.9714285714285715	70
15343	2006	4.064102564102564	78
15352	2006	3.2857142857142856	21
15363	2006	3.838709677419355	62
15403	2006	3.7580645161290325	31
15431	2006	3.357142857142857	21
15436	2006	4.090163934426229	61
15455	2006	3.764705882352941	238
15473	2006	3.2366589327146174	431
15484	2006	3.0253164556962027	395
15516	2006	3.738095238095238	21
15535	2006	3.5364025695931476	467
15554	2006	3.729338842975207	242
15558	2006	3.138888888888889	18
15580	2006	3.4895833333333335	48
15632	2006	3.5789473684210527	38
15645	2006	3.4130434782608696	23
15654	2006	3.453488372093023	43
15683	2006	4.195652173913044	23
15714	2006	2.683098591549296	71
15715	2006	3.218390804597701	174
15722	2006	3.5392156862745097	51
15733	2006	3.1260162601626016	123
15744	2006	3.413793103448276	29
15780	2006	4.403846153846154	26
15783	2006	3.2795698924731185	93
15811	2006	3.7737520128824475	621
15820	2006	4.045325779036827	353
15829	2006	3.875	40
15853	2006	4.230769230769231	169
15862	2006	3.60625	80
15896	2006	3.688679245283019	106
15909	2006	3.436936936936937	111
15926	2006	3.71875	80
15941	2006	3.316326530612245	49
15944	2006	3.810810810810811	111
15950	2006	2.6944444444444446	180
15974	2006	3.8045112781954886	133
15991	2006	4.20952380952381	105
15995	2006	3.3278688524590163	122
16003	2006	4.093406593406593	91
16004	2006	3.020408163265306	147
16035	2006	3.5675675675675675	37
16061	2006	3.6964285714285716	28
16073	2006	4.379310344827586	29
16088	2006	2.5	21
16103	2006	3.410662824207493	347
16112	2006	3.8783783783783785	37
16123	2006	3.8046875	64
16133	2006	3.5841584158415842	101
16139	2006	3.778947368421053	190
16149	2006	3.8507462686567164	134
16169	2006	3.8185185185185184	135
16180	2006	3.348314606741573	89
16192	2006	4.054794520547945	73
16199	2006	4.0	22
16216	2006	4.024271844660194	206
16227	2006	3.2530487804878048	164
16268	2006	3.727272727272727	33
16272	2006	3.3285714285714287	105
16282	2006	3.9	35
16289	2006	3.9308510638297873	94
16305	2006	3.703125	32
16308	2006	4.523809523809524	63
16359	2006	4.162591687041565	409
16389	2006	3.4489795918367347	49
16408	2006	4.116666666666666	30
16419	2006	3.7213541666666665	192
16436	2006	3.420289855072464	69
16444	2006	3.84375	32
16452	2006	3.4626998223801064	563
16469	2006	3.6818181818181817	308
16485	2006	3.876146788990826	109
16489	2006	4.076923076923077	13
16494	2006	3.9375	32
16516	2006	4.095890410958904	73
543	2006	3.4444444444444446	9
1590	2006	3.0	1
2515	2006	4.285714285714286	28
5168	2006	3.176470588235294	34
7186	2006	3.5625	24
9469	2006	3.4051724137931036	58
9531	2006	3.126543209876543	162
10306	2006	3.6724137931034484	29
10537	2006	3.5	22
11000	2006	3.5	1
11050	2006	3.5	19
11162	2006	3.7916666666666665	12
11244	2006	3.6666666666666665	36
11930	2006	3.5833333333333335	6
12695	2006	3.4782608695652173	23
13890	2006	4.0	8
14222	2006	2.8	20
754	2006	3.522099447513812	181
1047	2006	3.7	5
3089	2006	4.018867924528302	53
4403	2006	3.9833333333333334	30
7329	2006	3.8214285714285716	14
7711	2006	3.2142857142857144	49
8682	2006	4.583333333333333	6
9355	2006	3.3421052631578947	19
10619	2006	3.59375	16
10708	2006	5.0	1
14577	2006	3.923076923076923	26
51	2006	4.166666666666667	3
70	2006	4.5	1
558	2006	3.5	1
1391	2006	4.0	2
1514	2006	4.214285714285714	7
1861	2006	3.2857142857142856	7
1862	2006	3.909090909090909	11
3220	2006	3.8214285714285716	14
4884	2006	4.5	1
5328	2006	2.7857142857142856	42
5399	2006	3.1785714285714284	14
5557	2006	4.25	2
5641	2006	3.7333333333333334	15
5947	2006	3.173076923076923	52
11434	2006	4.125	4
12771	2006	3.34	25