16527	2008	3.647887323943662	71
16549	2008	4.5	59
16581	2008	2.795774647887324	142
16587	2008	4.217948717948718	117
16614	2008	4.103448275862069	29
16617	2008	4.04424778761062	113
16625	2008	3.8421052631578947	19
16630	2008	3.933333333333333	15
16636	2008	2.12	25
16647	2008	3.439655172413793	58
16657	2008	3.442105263157895	95
16664	2008	3.138888888888889	18
16677	2008	3.6666666666666665	12
16681	2008	2.986825329366766	2353
16695	2008	2.99290780141844	141
16704	2008	3.543103448275862	58
16722	2008	3.8518518518518516	54
16727	2008	3.2903225806451615	217
16739	2008	4.066037735849057	53
16753	2008	3.986842105263158	76
16772	2008	3.5526315789473686	38
16786	2008	3.321525885558583	734
16793	2008	3.8580246913580245	162
16795	2008	4.436936936936937	111
16823	2008	3.7265625	64
16838	2008	3.642857142857143	7
16858	2008	3.515738498789346	413
16862	2008	3.75	8
16880	2008	3.819277108433735	166
16920	2008	4.0625	72
16929	2008	2.783063251437533	1913
16940	2008	4.0685975609756095	328
16949	2008	3.18	25
16963	2008	3.3966770508826585	963
16968	2008	3.6666666666666665	18
16971	2008	3.739130434782609	69
16988	2008	3.740740740740741	54
16998	2008	3.6	5
17023	2008	3.5416666666666665	60
17030	2008	4.031914893617022	329
17034	2008	3.5238095238095237	21
17040	2008	4.142857142857143	7
17051	2008	3.338768115942029	276
17054	2008	3.515625	32
17074	2008	3.611940298507463	67
17078	2008	3.2333333333333334	45
17102	2008	3.3294117647058825	170
17112	2008	3.735294117647059	17
17122	2008	3.1956521739130435	23
17147	2008	3.6666666666666665	108
17172	2008	3.3275862068965516	29
17205	2008	3.314814814814815	27
17206	2008	1.0833333333333333	6
17233	2008	3.75	70
17243	2008	3.70777027027027	296
17260	2008	3.86046511627907	43
17284	2008	3.3	5
17304	2008	3.397727272727273	44
17307	2008	3.6312741312741315	259
17308	2008	4.156779661016949	354
17312	2008	3.4627659574468086	94
17321	2008	3.585714285714286	35
17338	2008	1.25	2
17360	2008	3.171641791044776	67
17373	2008	4.038888888888889	90
17411	2008	3.9541666666666666	120
17421	2008	4.026881720430108	279
17434	2008	4.203125	96
17438	2008	2.8277027027027026	148
17457	2008	3.772727272727273	44
17463	2008	2.7857142857142856	77
17471	2008	3.918103448275862	116
17477	2008	3.661290322580645	62
17486	2008	3.840909090909091	22
17498	2008	3.4705882352941178	17
17536	2008	3.6184210526315788	114
17544	2008	4.131147540983607	122
17560	2008	3.272727272727273	55
17569	2008	3.7083333333333335	12
17570	2008	3.480496453900709	282
17576	2008	3.671171171171171	111
17600	2008	3.557142857142857	35
17601	2008	4.213235294117647	68
17605	2008	3.8592233009708736	103
17613	2008	2.956896551724138	58
17620	2008	4.166666666666667	33
17623	2008	3.55	10
17632	2008	3.460810810810811	370
17653	2008	3.517857142857143	56
17674	2008	3.6315789473684212	38
17684	2008	3.169230769230769	65
17688	2008	3.2142857142857144	28
17699	2008	3.700892857142857	112
17724	2008	3.2045454545454546	22
17735	2008	4.1571428571428575	70
17747	2008	3.9338842975206614	121
17759	2008	3.0416666666666665	24
17782	2008	4.177165354330708	127
17790	2008	3.323529411764706	17
17799	2008	4.29	50
17813	2008	3.763157894736842	19
17831	2008	3.3623853211009176	109
17835	2008	3.273109243697479	595
17919	2008	3.7142857142857144	21
17924	2008	3.9485559566787005	554
17936	2008	3.5	43
17937	2008	3.3823529411764706	34
17947	2008	1.6346153846153846	104
17965	2008	4.355263157894737	38
17989	2008	4.055555555555555	45
17998	2008	3.542452830188679	106
17999	2008	3.55	20
18007	2008	2.8666666666666667	30
18015	2008	3.578125	64
18032	2008	3.7413793103448274	29
18059	2008	3.8968253968253967	63
18067	2008	3.3702531645569622	158
18078	2008	3.6375	80
18082	2008	4.044642857142857	56
18083	2008	3.627450980392157	51
18100	2008	3.3333333333333335	48
18115	2008	3.7169811320754715	53
18119	2008	2.357142857142857	21
18124	2008	2.940758293838863	211
18130	2008	3.2409638554216866	415
18141	2008	3.762135922330097	103
18162	2008	4.12	150
18167	2008	3.3114406779661016	236
18171	2008	3.5441176470588234	34
18179	2008	3.5733333333333333	375
18191	2008	4.195783132530121	166
18206	2008	3.5418569254185694	657
18224	2008	3.476038338658147	313
18244	2008	4.704545454545454	44
18256	2008	3.8617511520737327	217
18270	2008	4.071428571428571	161
18278	2008	3.7134146341463414	82
18290	2008	3.1944444444444446	36
18304	2008	3.891891891891892	111
18315	2008	3.9883268482490273	257
18338	2008	3.264925373134328	134
18344	2008	3.6006493506493507	154
18350	2008	2.8962264150943398	53
18352	2008	3.5384615384615383	13
18353	2008	3.270380434782609	368
18367	2008	2.8140243902439024	328
18376	2008	4.25	22
18380	2008	3.6136363636363638	44
18403	2008	4.1826923076923075	52
18439	2008	3.840909090909091	44
18464	2008	3.8181818181818183	22
18491	2008	4.025316455696203	79
18496	2008	4.146341463414634	41
18504	2008	2.3095238095238093	21
18506	2008	3.58974358974359	78
18510	2008	4.05607476635514	107
18537	2008	3.6615853658536586	164
18551	2008	3.72972972972973	74
18582	2008	4.0049504950495045	101
18589	2008	3.65	20
18617	2008	3.234513274336283	113
18628	2008	4.070200573065903	349
18641	2008	3.37984496124031	129
18655	2008	3.758974358974359	195
18666	2008	3.011627906976744	43
18668	2008	3.6527777777777777	144
18673	2008	3.2551020408163267	49
18677	2008	4.166666666666667	6
18678	2008	3.486772486772487	378
18687	2008	4.333333333333333	15
18698	2008	2.945945945945946	37
18718	2008	3.5325581395348835	215
18722	2008	3.608695652173913	23
18755	2008	3.8736263736263736	91
18769	2008	2.77027027027027	296
18780	2008	3.923076923076923	26
18802	2008	3.6285714285714286	105
18807	2008	4.0	10
18816	2008	3.455056179775281	89
18821	2008	4.25	18
18849	2008	3.4615384615384617	13
18853	2008	3.57	50
18880	2008	3.942857142857143	35
18885	2008	3.3552631578947367	76
18901	2008	3.4456521739130435	46
18920	2008	3.458715596330275	109
18941	2008	4.371794871794871	39
18946	2008	3.734265734265734	143
18983	2008	3.3641975308641974	81
18984	2008	3.5344827586206895	58
19018	2008	4.138461538461539	130
19020	2008	3.453125	64
19039	2008	3.869047619047619	84
19043	2008	4.328571428571428	35
19059	2008	1.1590909090909092	22
19090	2008	4.125	28
19105	2008	2.4671052631578947	76
19131	2008	3.544642857142857	56
19132	2008	3.643181818181818	220
19156	2008	4.012195121951219	123
19159	2008	3.2554744525547443	137
19181	2008	4.046875	32
19193	2008	3.3671171171171173	222
19200	2008	3.94811320754717	106
19219	2008	3.8684210526315788	133
19240	2008	3.764705882352941	17
19254	2008	3.21875	16
19269	2008	3.4285714285714284	21
19315	2008	3.4838709677419355	93
19318	2008	3.5238095238095237	63
19348	2008	3.808080808080808	99
19373	2008	4.0	11
19378	2008	4.133333333333334	30
19379	2008	3.2063882063882065	407
19404	2008	3.4827586206896552	174
19436	2008	3.5644171779141103	163
19459	2008	2.7398373983739837	123
19485	2008	3.9375	8
19499	2008	3.5306122448979593	49
19511	2008	3.5	2
19519	2008	3.4375	40
19542	2008	3.768867924528302	106
19545	2008	3.5569620253164556	79
19547	2008	3.507042253521127	142
19552	2008	4.246153846153846	65
19573	2008	3.6666666666666665	45
19587	2008	3.9464285714285716	140
19633	2008	3.517543859649123	57
19635	2008	2.96159122085048	729
19654	2008	3.532319391634981	263
19660	2008	3.601503759398496	399
19661	2008	3.522670025188917	794
19666	2008	4.459677419354839	62
19668	2008	3.272727272727273	33
19669	2008	4.176056338028169	71
19692	2008	3.746987951807229	166
19699	2008	2.926605504587156	109
19717	2008	4.264705882352941	34
19728	2008	3.8278688524590163	122
19733	2008	4.123711340206185	97
19742	2008	3.976973684210526	152
19751	2008	4.32258064516129	62
19761	2008	3.4153846153846152	65
19768	2008	2.9743589743589745	39
19778	2008	4.187022900763359	131
19781	2008	4.3	20
19783	2008	3.4502923976608186	342
19804	2008	4.011627906976744	43
19807	2008	3.9086021505376345	93
19817	2008	3.8461538461538463	26
19832	2008	3.94	100
19838	2008	3.847826086956522	23
19839	2008	4.0212765957446805	47
19849	2008	3.322769953051643	426
19861	2008	3.845360824742268	97
19864	2008	3.2142857142857144	42
19865	2008	3.5789473684210527	19
19899	2008	3.6956521739130435	23
19909	2008	3.4672131147540983	61
19924	2008	3.2427184466019416	103
19925	2008	3.377329192546584	322
19957	2008	4.068181818181818	44
19959	2008	3.683333333333333	30
19965	2008	4.625	8
19966	2008	3.5	32
19982	2008	4.22887323943662	142
20028	2008	3.6331877729257642	229
20039	2008	3.4885496183206106	131
20052	2008	3.9368131868131866	364
20060	2008	4.068965517241379	58
20064	2008	3.1540880503144653	159
20079	2008	4.395833333333333	48
20080	2008	3.6578947368421053	19
20081	2008	3.3863636363636362	22
20090	2008	3.265957446808511	47
20091	2008	3.539473684210526	38
20099	2008	3.0441176470588234	34
20123	2008	4.0	25
20124	2008	3.4074074074074074	27
20132	2008	3.7843866171003717	269
20144	2008	3.970149253731343	67
20150	2008	3.0715686274509806	510
20164	2008	4.104166666666667	24
20165	2008	4.1022727272727275	44
20190	2008	3.648936170212766	141
20192	2008	3.12	375
20201	2008	3.9916666666666667	60
20210	2008	3.6690140845070425	71
20214	2008	2.921875	32
20226	2008	3.3333333333333335	15
20238	2008	4.22360248447205	161
20263	2008	3.3452380952380953	84
20295	2008	3.6458333333333335	24
20306	2008	3.4327666151468317	647
20317	2008	4.004464285714286	112
20370	2008	3.865325077399381	323
20386	2008	3.5806451612903225	31
20409	2008	3.0961538461538463	26
20415	2008	3.0	38
20471	2008	3.7363636363636363	55
20476	2008	3.7169811320754715	53
20492	2008	3.8	40
20513	2008	3.7892156862745097	102
20528	2008	2.8594594594594596	185
20545	2008	3.6470588235294117	51
20554	2008	3.956175298804781	251
20559	2008	3.0	7
20565	2008	3.725806451612903	248
20581	2008	3.4893617021276597	47
20591	2008	3.242424242424242	33
20597	2008	2.9110576923076925	208
20611	2008	3.579310344827586	145
20644	2008	4.641935483870967	155
20665	2008	4.045454545454546	44
20683	2008	3.74	150
20693	2008	3.4558823529411766	34
20699	2008	2.595303867403315	362
20709	2008	3.7	85
20728	2008	4.088709677419355	124
20789	2008	4.094512195121951	164
20799	2008	3.3636363636363638	22
20820	2008	3.9545454545454546	44
20833	2008	3.8333333333333335	357
20848	2008	2.75	26
20851	2008	3.434163701067616	281
20853	2008	2.75	2
20864	2008	3.425	80
20870	2008	3.63	50
20881	2008	3.407766990291262	206
20887	2008	2.5505050505050506	198
20892	2008	3.8014285714285716	350
20897	2008	3.5491803278688523	61
20910	2008	3.7546296296296298	108
20920	2008	3.9405940594059405	202
20931	2008	4.805555555555555	18
20933	2008	3.3820754716981134	106
20938	2008	3.6451612903225805	31
20941	2008	3.9741379310344827	116
20974	2008	3.522727272727273	22
21042	2008	4.214285714285714	7
21052	2008	2.4583333333333335	36
21053	2008	3.9895833333333335	48
21092	2008	3.1742424242424243	132
21102	2008	3.569277108433735	332
21107	2008	3.5264900662251657	151
21137	2008	4.06	50
21147	2008	4.125	4
21149	2008	3.41875	80
21172	2008	3.5	109
21180	2008	3.51	200
21194	2008	2.625	16
21197	2008	3.160377358490566	53
21199	2008	3.15748031496063	1397
21220	2008	3.7875	40
21238	2008	4.1521739130434785	46
21241	2008	2.827956989247312	93
21251	2008	2.2777777777777777	27
21256	2008	3.9087301587301586	126
21270	2008	4.3625	40
21285	2008	3.391304347826087	23
21294	2008	3.6	70
21306	2008	2.581081081081081	37
21327	2008	4.0519480519480515	77
21338	2008	3.6933333333333334	75
21347	2008	3.3	55
21356	2008	3.633720930232558	86
21375	2008	3.5217391304347827	23
21385	2008	3.4925925925925925	135
21410	2008	3.840909090909091	66
21411	2008	2.608695652173913	23
21439	2008	3.3214285714285716	112
21456	2008	3.5416666666666665	24
21483	2008	4.242990654205608	107
21502	2008	3.2889273356401385	289
21513	2008	4.5	8
21522	2008	3.5	2
21523	2008	4.54054054054054	37
21558	2008	3.392857142857143	42
21566	2008	3.7685185185185186	54
21581	2008	3.6126126126126126	111
21586	2008	3.4130434782608696	92
21595	2008	3.413793103448276	29
21613	2008	3.6029411764705883	34
21620	2008	3.9370786516853933	445
21641	2008	4.2444444444444445	45
21672	2008	3.1109350237717908	631
21678	2008	3.635135135135135	74
21691	2008	3.3869565217391306	115
21694	2008	3.631455399061033	213
21700	2008	4.13013698630137	73
21739	2008	2.3	5
21754	2008	3.195876288659794	388
21759	2008	3.2606382978723403	94
21767	2008	3.5089285714285716	56
21771	2008	3.84375	112
21781	2008	3.2857142857142856	63
21786	2008	3.141891891891892	74
21806	2008	3.9110169491525424	354
21823	2008	2.8413793103448275	290
21832	2008	3.5309734513274336	113
21835	2008	3.788732394366197	71
21838	2008	4.0473684210526315	95
21842	2008	3.8466666666666667	150
21862	2008	3.925925925925926	27
21866	2008	3.3145780051150897	782
21904	2008	3.7	70
21906	2008	3.54	25
21942	2008	4.508771929824562	57
21947	2008	2.8209876543209877	81
21973	2008	3.5234375	64
21975	2008	3.6	5
21976	2008	3.4831460674157304	89
21996	2008	4.224137931034483	58
22016	2008	3.0898876404494384	178
22031	2008	3.9166666666666665	24
22038	2008	3.0632183908045976	87
22047	2008	3.625	160
22054	2008	3.7	40
22066	2008	3.469178082191781	146
22072	2008	4.1381578947368425	76
22080	2008	3.625	36
22088	2008	4.2534246575342465	73
22125	2008	3.5	70
22127	2008	3.911764705882353	17
22128	2008	3.032016348773842	734
22159	2008	3.766025641025641	312
22168	2008	2.9399038461538463	208
22179	2008	3.5510204081632653	98
22192	2008	2.857142857142857	28
22198	2008	3.424731182795699	93
22212	2008	1.8125	8
22213	2008	3.73	100
22219	2008	3.901639344262295	61
22233	2008	3.5984848484848486	132
22242	2008	3.9153846153846152	65
22273	2008	2.7880434782608696	92
22282	2008	4.178947368421053	95
22291	2008	2.3942652329749103	279
22292	2008	3.230769230769231	26
22316	2008	3.7282608695652173	46
22330	2008	3.6296296296296298	81
22333	2008	3.4523809523809526	21
22342	2008	4.056818181818182	44
22349	2008	3.4296875	64
22364	2008	3.740566037735849	106
22369	2008	3.578125	64
22371	2008	3.5384615384615383	13
22374	2008	3.5277777777777777	36
22382	2008	3.8333333333333335	72
22386	2008	3.6310160427807485	187
22398	2008	3.8636363636363638	11
22402	2008	3.517857142857143	252
22403	2008	3.013157894736842	38
22430	2008	3.4805825242718447	103
22443	2008	4.086206896551724	29
22447	2008	3.5	50
22464	2008	3.388888888888889	18
22479	2008	2.8666666666666667	15
22480	2008	4.390243902439025	41
22489	2008	3.904494382022472	89
22508	2008	3.14	25
22522	2008	3.186046511627907	43
22531	2008	3.9310344827586206	29
22536	2008	4.055555555555555	9
22599	2008	3.6724137931034484	29
22609	2008	3.088	125
22616	2008	3.5166666666666666	30
22618	2008	4.444444444444445	81
22632	2008	4.25	48
22635	2008	3.4215686274509802	51
22684	2008	4.403225806451613	62
22689	2008	4.333333333333333	9
22697	2008	4.475806451612903	62
22705	2008	3.7666666666666666	30
22741	2008	3.4210526315789473	38
22753	2008	4.0	15
22765	2008	3.7023809523809526	126
22768	2008	3.639705882352941	68
22784	2008	4.476190476190476	21
22788	2008	3.745614035087719	228
22798	2008	4.0	4
22802	2008	3.0729166666666665	48
22804	2008	3.32	25
22826	2008	3.7903225806451615	31
22842	2008	3.3130434782608695	230
22849	2008	4.625	12
22853	2008	3.9291338582677167	254
22905	2008	3.7276785714285716	112
22908	2008	4.340425531914893	47
22910	2008	4.214285714285714	21
22916	2008	3.7708333333333335	24
22925	2008	3.1066666666666665	75
22932	2008	3.0714285714285716	21
22945	2008	3.8835616438356166	73
22957	2008	3.6761363636363638	88
22962	2008	3.925925925925926	54
22991	2008	4.059782608695652	92
22996	2008	3.522727272727273	44
23009	2008	4.145161290322581	31
23013	2008	3.6125	80
23018	2008	3.7222222222222223	45
23025	2008	3.2544642857142856	112
23027	2008	2.6065573770491803	61
23032	2008	3.5357142857142856	42
23035	2008	3.6203703703703702	324
23037	2008	4.5	2
23058	2008	3.5714285714285716	7
23087	2008	3.2831632653061225	196
23094	2008	3.5149051490514904	369
23101	2008	4.726190476190476	42
23118	2008	4.252252252252252	111
23134	2008	3.7903225806451615	31
23140	2008	3.465587044534413	247
23143	2008	3.761904761904762	21
23147	2008	3.6483180428134556	327
23153	2008	3.755952380952381	84
23172	2008	3.411764705882353	34
23176	2008	3.088709677419355	62
23201	2008	4.625	4
23202	2008	3.5919117647058822	408
23219	2008	3.426829268292683	41
23220	2008	3.6149732620320854	187
23228	2008	3.576923076923077	52
23238	2008	4.232142857142857	196
23243	2008	3.593137254901961	102
23260	2008	3.8	5
23272	2008	3.966666666666667	45
23274	2008	3.3617021276595747	47
23288	2008	3.3043478260869565	23
23297	2008	3.3857142857142857	35
23305	2008	3.979768786127168	173
23318	2008	2.8846153846153846	26
23331	2008	3.4566473988439306	173
23357	2008	3.1538461538461537	26
23374	2008	2.6666666666666665	105
23388	2008	2.588495575221239	226
23395	2008	4.148148148148148	27
23415	2008	3.6835443037974684	79
23423	2008	4.214285714285714	28
23445	2008	3.675	60
23449	2008	3.372262773722628	137
23463	2008	3.841463414634146	41
23473	2008	3.392857142857143	70
23474	2008	3.7125	40
23494	2008	3.0681818181818183	44
23508	2008	4.485294117647059	34
23534	2008	3.6306818181818183	88
23542	2008	2.814159292035398	113
23551	2008	3.9375	24
23557	2008	3.9873417721518987	79
23561	2008	3.9047619047619047	63
23571	2008	3.7419354838709675	62
23580	2008	3.5	4
23581	2008	3.4367088607594938	79
23582	2008	3.1768018018018016	444
23593	2008	3.792452830188679	159
23594	2008	3.234042553191489	47
23652	2008	2.948717948717949	39
23676	2008	2.9191176470588234	68
23695	2008	4.170512820512821	390
23712	2008	3.8162393162393164	117
23727	2008	4.090909090909091	33
23733	2008	3.9925373134328357	67
23751	2008	4.108695652173913	23
23753	2008	3.55	240
23786	2008	3.6639344262295084	61
23792	2008	3.554054054054054	37
23800	2008	3.20703125	128
23805	2008	4.166666666666667	3
23826	2008	3.1153846153846154	26
23833	2008	3.6875	24
23844	2008	3.8666666666666667	15
23850	2008	3.40625	16
23855	2008	4.073529411764706	34
23858	2008	3.728723404255319	94
23862	2008	3.976973684210526	152
23872	2008	2.8125	8
23899	2008	3.7279635258358663	329
23917	2008	3.5142857142857142	210
23947	2008	3.5257731958762886	97
23964	2008	4.195652173913044	46
23973	2008	3.94	25
23988	2008	3.4661458333333335	192
23993	2008	3.8219178082191783	73
24007	2008	3.820388349514563	309
24026	2008	3.6739130434782608	23
24036	2008	3.727272727272727	77
24060	2008	3.3443775100401605	498
24097	2008	4.01875	160
24098	2008	3.415909090909091	220
24104	2008	4.04	25
24109	2008	4.545454545454546	66
24127	2008	3.5789473684210527	76
24140	2008	3.784313725490196	51
24157	2008	3.8043478260869565	69
24171	2008	3.375	16
24195	2008	4.0928571428571425	210
24200	2008	3.75	6
24207	2008	3.69375	80
24211	2008	3.5973451327433628	113
24221	2008	3.085714285714286	35
24222	2008	3.0841584158415842	101
24231	2008	3.875	16
24234	2008	3.6904761904761907	42
24240	2008	3.231818181818182	110
24255	2008	4.134615384615385	26
24266	2008	4.25	2
24289	2008	3.6125	40
24375	2008	4.05	20
24380	2008	3.5	34
24395	2008	3.5727272727272728	55
24399	2008	3.0339943342776206	353
24410	2008	3.4272727272727272	55
24417	2008	3.0	54
24428	2008	3.422185430463576	302
24432	2008	3.7745098039215685	51
24446	2008	3.9078947368421053	152
24464	2008	3.4271844660194173	103
24472	2008	2.9	5
24476	2008	3.53125	48
24491	2008	3.5789473684210527	19
24495	2008	3.5736842105263156	95
24498	2008	4.238095238095238	21
24515	2008	3.8859649122807016	57
24517	2008	3.334710743801653	121
24531	2008	3.1666666666666665	72
24544	2008	3.246739130434783	460
24573	2008	3.134920634920635	63
24614	2008	3.676470588235294	85
24625	2008	3.8767605633802815	142
24646	2008	3.0892857142857144	28
24648	2008	4.088235294117647	34
24654	2008	3.7	40
24669	2008	3.625	32
24682	2008	4.18	25
24692	2008	3.470873786407767	103
24708	2008	3.488235294117647	85
24719	2008	4.043103448275862	58
24728	2008	4.017857142857143	56
24743	2008	3.6818181818181817	11
24747	2008	3.8663101604278074	187
24756	2008	3.0434782608695654	46
24775	2008	3.3595284872298623	509
24793	2008	2.682	250
24803	2008	4.0	2
24810	2008	3.4741784037558685	213
24814	2008	3.740506329113924	158
24824	2008	3.5	6
24825	2008	3.7708333333333335	72
24860	2008	3.857142857142857	28
24876	2008	4.023809523809524	21
24902	2008	4.138888888888889	36
24916	2008	3.7291666666666665	24
24938	2008	4.1	60
24945	2008	4.6	5
24954	2008	3.8076923076923075	13
24970	2008	3.9277777777777776	270
24981	2008	3.730769230769231	26
24991	2008	3.670886075949367	79
24995	2008	3.64375	80
25005	2008	3.4895833333333335	144
25007	2008	3.923076923076923	13
25014	2008	3.9596774193548385	62
25038	2008	2.731287425149701	668
25055	2008	3.777027027027027	74
25072	2008	3.6904761904761907	21
25080	2008	3.9779411764705883	136
25089	2008	3.453846153846154	65
25116	2008	4.098214285714286	56
25158	2008	4.448717948717949	78
25190	2008	3.4482758620689653	29
25198	2008	2.950980392156863	51
25209	2008	3.6142857142857143	140
25225	2008	3.6805555555555554	36
25230	2008	3.3333333333333335	9
25248	2008	3.675925925925926	54
25254	2008	3.542016806722689	119
25267	2008	3.585561497326203	187
25273	2008	4.09	150
25314	2008	3.3173913043478263	115
25322	2008	3.3028169014084505	71
25326	2008	3.6666666666666665	36
25342	2008	4.368852459016393	122
25359	2008	3.0833333333333335	42
25360	2008	3.476271186440678	295
25374	2008	3.3493150684931505	146
25383	2008	3.8333333333333335	21
25408	2008	3.992063492063492	63
25411	2008	3.475609756097561	41
25412	2008	3.5172413793103448	29
25449	2008	2.7182539682539684	126
25453	2008	3.1153846153846154	13
25475	2008	3.697142857142857	175
25492	2008	3.352	250
25493	2008	3.5	1
25497	2008	3.766042780748663	374
25528	2008	4.378640776699029	103
25537	2008	4.633333333333334	15
25566	2008	3.8684210526315788	456
25585	2008	3.173076923076923	52
25597	2008	3.2513513513513512	185
25602	2008	3.323529411764706	34
25613	2008	3.806122448979592	49
25635	2008	4.0	7
25645	2008	3.7888888888888888	45
25649	2008	3.632978723404255	94
25669	2008	3.8454545454545452	220
25679	2008	3.8823529411764706	17
25695	2008	3.763888888888889	72
25717	2008	3.8	65
25723	2008	3.7291242362525456	491
25752	2008	3.546728971962617	107
25763	2008	4.061538461538461	65
25771	2008	3.550480769230769	208
25778	2008	3.6823529411764704	170
25783	2008	3.7065217391304346	46
25792	2008	3.652173913043478	23
25801	2008	4.0	8
25852	2008	3.7982456140350878	57
25882	2008	3.3068181818181817	44
25883	2008	4.607142857142857	14
25915	2008	3.891304347826087	23
25973	2008	3.7941176470588234	136
25976	2008	3.840909090909091	44
26007	2008	3.2222222222222223	27
26042	2008	3.357142857142857	63
26048	2008	3.9655172413793105	58
26049	2008	2.9020537124802526	1266
26082	2008	2.8333333333333335	9
26092	2008	3.6052631578947367	19
26093	2008	4.136363636363637	11
26116	2008	3.4766666666666666	150
26124	2008	3.771232876712329	365
26127	2008	3.466666666666667	45
26131	2008	4.15	30
26132	2008	3.3155339805825244	103
26142	2008	3.7065727699530515	213
26152	2008	3.8125	8
26158	2008	2.566576086956522	368
26169	2008	3.7183098591549295	71
26181	2008	3.8529411764705883	68
26185	2008	3.8703703703703702	27
26210	2008	3.9651162790697674	172
26218	2008	4.071428571428571	49
26219	2008	3.9444444444444446	36
26229	2008	3.9364161849710984	173
26239	2008	3.596685082872928	181
26242	2008	3.0535714285714284	28
26245	2008	2.826923076923077	52
26249	2008	3.65625	48
26260	2008	2.9768518518518516	108
26268	2008	3.1150306748466257	326
26306	2008	2.727722772277228	1010
26328	2008	3.391732283464567	254
26333	2008	3.607142857142857	14
26337	2008	3.7327586206896552	58
26341	2008	3.652173913043478	23
26346	2008	4.0	8
26351	2008	3.8035714285714284	28
26374	2008	3.3333333333333335	21
26378	2008	3.416267942583732	209
26396	2008	4.148648648648648	37
26420	2008	3.3295454545454546	88
26426	2008	3.98	25
26438	2008	4.129411764705883	85
26465	2008	3.625	12
26469	2008	3.2353951890034365	291
26484	2008	3.8333333333333335	21
26487	2008	3.67	100
26493	2008	4.25	28
26514	2008	3.2291666666666665	24
26541	2008	4.396551724137931	29
26546	2008	3.908256880733945	109
26554	2008	3.8258426966292136	89
26573	2008	3.6875	144
26582	2008	4.225	40
26604	2008	4.326923076923077	78
26612	2008	3.823529411764706	17
26618	2008	3.9375	24
26624	2008	3.7758620689655173	29
26625	2008	3.5140845070422535	71
26636	2008	3.9551724137931035	145
26646	2008	3.26	25
26647	2008	4.214285714285714	21
26662	2008	3.1770833333333335	48
26674	2008	3.5217391304347827	46
26683	2008	2.9558823529411766	34
26685	2008	3.0187265917602994	267
26692	2008	3.6785714285714284	56
26705	2008	4.145161290322581	31
26720	2008	3.787878787878788	33
26734	2008	3.75	24
26738	2008	3.586206896551724	29
26740	2008	4.258064516129032	31
26749	2008	3.36	125
26758	2008	3.6626506024096384	83
26815	2008	4.418181818181818	55
26841	2008	3.7167832167832167	143
26842	2008	4.333333333333333	3
26846	2008	3.7666666666666666	45
26854	2008	3.4516129032258065	31
26859	2008	2.898550724637681	69
26866	2008	3.45	30
26880	2008	3.760869565217391	23
26892	2008	3.380952380952381	21
26948	2008	3.556603773584906	53
26979	2008	4.085	100
26987	2008	3.9074074074074074	27
26991	2008	3.9534313725490198	204
27000	2008	3.629032258064516	31
27006	2008	3.009325681492109	697
27014	2008	3.951219512195122	82
27019	2008	3.880952380952381	21
27039	2008	4.012820512820513	78
27057	2008	3.618181818181818	55
27072	2008	3.748031496062992	127
27083	2008	4.09375	48
27089	2008	3.7142857142857144	21
27095	2008	3.9511494252873565	174
27108	2008	3.75	6
27112	2008	3.8266253869969042	323
27115	2008	3.5714285714285716	21
27135	2008	4.175925925925926	54
27142	2008	3.6231884057971016	69
27152	2008	3.3333333333333335	126
27153	2008	3.8731617647058822	272
27164	2008	3.241007194244604	139
27182	2008	3.665151515151515	330
27194	2008	3.6666666666666665	3
27207	2008	3.3636363636363638	44
27235	2008	3.455801104972376	543
27254	2008	3.9224806201550386	129
27296	2008	3.2857142857142856	7
27302	2008	3.6661676646706587	334
27306	2008	3.36	25
27313	2008	2.9764150943396226	106
27320	2008	3.25	28
27328	2008	3.890909090909091	220
27347	2008	3.3531746031746033	126
27363	2008	4.068965517241379	29
27364	2008	4.152597402597403	154
27372	2008	3.650943396226415	53
27392	2008	3.96875	32
27398	2008	2.7333333333333334	30
27406	2008	4.378048780487805	41
27411	2008	2.982300884955752	113
27429	2008	3.7674418604651163	43
27444	2008	2.669172932330827	133
27447	2008	3.2058823529411766	34
27456	2008	4.222222222222222	45
27459	2008	4.118811881188119	101
27465	2008	3.624505928853755	253
27468	2008	3.4646017699115044	226
27487	2008	3.5113636363636362	44
27494	2008	2.860655737704918	122
27495	2008	4.264150943396227	53
27503	2008	4.5245098039215685	102
27505	2008	4.140243902439025	328
27510	2008	2.601063829787234	188
27554	2008	3.9520958083832336	167
27562	2008	4.083333333333333	12
27578	2008	4.454545454545454	11
27584	2008	3.1108949416342413	257
27603	2008	3.7604166666666665	144
27626	2008	3.6193181818181817	88
27644	2008	3.5961538461538463	26
27663	2008	3.4796747967479673	123
27672	2008	3.9705882352941178	34
27679	2008	4.094827586206897	58
27689	2008	3.982142857142857	112
27697	2008	3.9702970297029703	101
27714	2008	4.235294117647059	34
27722	2008	3.42	25
27729	2008	3.959090909090909	110
27739	2008	5.0	1
27778	2008	3.5526315789473686	38
27793	2008	3.2016129032258065	124
27806	2008	3.8144927536231883	345
27816	2008	3.3	250
27825	2008	3.919642857142857	56
27830	2008	3.523936170212766	188
27837	2008	3.4623430962343096	239
27840	2008	2.875	4
27847	2008	3.6908212560386473	207
27852	2008	3.053030303030303	132
27862	2008	3.558252427184466	103
27866	2008	3.789473684210526	38
27869	2008	3.4411764705882355	68
27885	2008	3.6	35
27914	2008	2.9577464788732395	71
27919	2008	3.6547619047619047	42
27922	2008	3.2300380228136882	263
27929	2008	3.4827586206896552	319
27934	2008	3.6607142857142856	28
27937	2008	3.6296296296296298	27
27939	2008	4.066666666666666	30
27946	2008	3.264705882352941	255
27947	2008	2.8870967741935485	31
27951	2008	3.6595092024539877	489
27964	2008	3.9444444444444446	27
27965	2008	3.649890590809628	457
27974	2008	3.822429906542056	107
27991	2008	3.5528169014084505	284
27993	2008	3.3333333333333335	39
28001	2008	3.541501976284585	253
28016	2008	3.8955223880597014	67
28022	2008	3.172594142259414	478
28028	2008	3.7318840579710146	69
28039	2008	3.607142857142857	14
28040	2008	4.169064748201439	139
28057	2008	3.891304347826087	23
28077	2008	3.6866438356164384	292
28082	2008	3.4571428571428573	35
28089	2008	3.937837837837838	185
28103	2008	3.982905982905983	234
28105	2008	3.18125	80
28112	2008	4.351694915254237	118
28122	2008	4.3610108303249095	277
28125	2008	3.9634146341463414	41
28128	2008	3.8620689655172415	29
28143	2008	4.119354838709677	310
28152	2008	3.9074074074074074	81
28175	2008	3.871794871794872	156
28185	2008	4.060975609756097	41
28197	2008	3.8095238095238093	21
28199	2008	4.225053078556264	471
28232	2008	2.9057239057239057	297
28241	2008	3.6904761904761907	63
28248	2008	3.2838983050847457	118
28259	2008	3.3533333333333335	225
28265	2008	3.543918918918919	148
28276	2008	3.272277227722772	202
28284	2008	3.1636636636636637	333
28288	2008	3.75	10
28320	2008	4.013651877133106	293
28325	2008	4.121890547263682	201
28333	2008	2.361111111111111	36
28346	2008	3.436046511627907	86
28349	2008	3.2178423236514524	241
28355	2008	2.895238095238095	105
28361	2008	2.5392156862745097	51
28365	2008	3.4930555555555554	144
28384	2008	3.25	170
28389	2008	3.5294117647058822	187
28405	2008	3.9038461538461537	78
28417	2008	4.0852272727272725	176
28423	2008	3.9223300970873787	103
28433	2008	3.9166666666666665	36
28437	2008	3.442857142857143	35
28440	2008	3.921875	32
28446	2008	3.5207612456747404	578
28452	2008	3.1944444444444446	54
28454	2008	4.115702479338843	121
28458	2008	4.107843137254902	51
28483	2008	3.5365853658536586	41
28485	2008	4.007936507936508	63
28493	2008	3.5057471264367814	174
28496	2008	3.758211678832117	548
28549	2008	3.9505494505494507	91
28567	2008	3.6774193548387095	31
28570	2008	4.090909090909091	22
28575	2008	3.425	20
28581	2008	3.638157894736842	76
28593	2008	3.5526315789473686	76
28599	2008	2.480392156862745	51
28613	2008	3.7849162011173183	179
28623	2008	3.4814814814814814	54
28637	2008	3.587813620071685	279
28643	2008	3.6076923076923078	65
28645	2008	3.3444444444444446	675
28648	2008	4.0	18
28653	2008	2.8155650319829424	469
28661	2008	3.564935064935065	77
28674	2008	3.8	25
28682	2008	4.1521739130434785	46
28691	2008	3.7142857142857144	21
28697	2008	3.853932584269663	89
28704	2008	4.0083798882681565	179
28719	2008	3.522727272727273	22
28725	2008	3.4954545454545456	330
28745	2008	3.789940828402367	169
28788	2008	3.4210526315789473	19
28793	2008	2.696969696969697	66
28794	2008	4.12303664921466	191
28804	2008	3.7527910685805423	627
28805	2008	3.5892857142857144	112
28831	2008	3.5714285714285716	154
28835	2008	3.56	25
28866	2008	3.6808510638297873	47
28871	2008	3.953125	192
28875	2008	3.5454545454545454	66
28876	2008	3.1297071129707112	239
28883	2008	3.607142857142857	168
28887	2008	3.65	50
28899	2008	3.806451612903226	31
28925	2008	4.112676056338028	71
28931	2008	3.8461538461538463	195
28938	2008	2.9680851063829787	47
28941	2008	3.7291666666666665	24
28956	2008	4.380952380952381	21
28958	2008	3.402439024390244	82
28962	2008	3.4375	32
28964	2008	3.9537037037037037	54
28987	2008	3.6076923076923078	65
28997	2008	4.1299212598425195	127
29015	2008	3.2549019607843137	51
29018	2008	2.3	5
29039	2008	3.4827956989247313	465
29042	2008	3.6416666666666666	60
29049	2008	3.85	30
29054	2008	3.769230769230769	26
29061	2008	3.2100840336134455	119
29062	2008	3.9086021505376345	93
29067	2008	3.509259259259259	162
29083	2008	3.8026819923371646	261
29088	2008	3.4767441860465116	43
29113	2008	3.8439153439153437	189
29118	2008	2.7045454545454546	22
29130	2008	3.909090909090909	33
29136	2008	2.5694444444444446	72
29148	2008	3.691588785046729	107
29153	2008	3.3125	32
29157	2008	3.4297520661157024	121
29179	2008	3.891304347826087	46
29191	2008	3.573529411764706	34
29202	2008	2.4871794871794872	195
29205	2008	3.8529411764705883	85
29214	2008	4.206521739130435	46
29218	2008	3.7398601398601397	715
29235	2008	3.9074074074074074	27
29244	2008	3.58200290275762	689
29250	2008	4.085714285714285	35
29263	2008	3.6534653465346536	101
29282	2008	4.078125	192
29286	2008	3.65	270
29295	2008	3.1799163179916317	239
29308	2008	3.6893115942028984	1104
29318	2008	4.02510460251046	239
29330	2008	3.2634730538922154	167
29343	2008	3.7588235294117647	85
29352	2008	3.1	65
29356	2008	3.125	4
29369	2008	3.5588235294117645	255
29375	2008	3.463636363636364	55
29386	2008	2.7846153846153845	65
29389	2008	3.108695652173913	23
29392	2008	3.6610169491525424	236
29396	2008	3.2626506024096384	415
29401	2008	3.75	42
29405	2008	3.4	15
29415	2008	4.131578947368421	76
29421	2008	3.880434782608696	46
29429	2008	4.042253521126761	142
29436	2008	3.9150485436893203	206
29442	2008	3.3055555555555554	144
29443	2008	3.453191489361702	235
29452	2008	3.428921568627451	408
29474	2008	4.026699029126213	206
29482	2008	3.2472527472527473	91
29484	2008	3.96	50
29521	2008	3.2857142857142856	21
29538	2008	3.7241379310344827	29
29544	2008	3.6666666666666665	24
29548	2008	3.5	3
29553	2008	3.4947368421052634	95
29563	2008	3.0545325779036827	706
29570	2008	4.571428571428571	21
29578	2008	4.071428571428571	21
29592	2008	3.1324324324324326	185
29605	2008	3.44	25
29610	2008	3.0719178082191783	146
29643	2008	3.1354166666666665	48
29653	2008	3.9404761904761907	42
29696	2008	4.261111111111111	90
29711	2008	2.5384615384615383	13
29722	2008	4.257142857142857	35
29752	2008	3.5058823529411764	85
29770	2008	3.7584745762711864	118
29787	2008	3.4702380952380953	168
29798	2008	3.6012658227848102	158
29804	2008	3.0476190476190474	21
29825	2008	4.527027027027027	74
29831	2008	3.9074074074074074	27
29834	2008	3.7142857142857144	42
29843	2008	3.857142857142857	77
29844	2008	3.925925925925926	27
29886	2008	4.3	5
29892	2008	3.7560975609756095	123
29894	2008	3.515957446808511	94
29900	2008	3.4301075268817205	465
29907	2008	3.3333333333333335	3
29919	2008	3.205357142857143	112
29925	2008	3.6754966887417218	151
29934	2008	1.875	24
29937	2008	3.4583333333333335	48
29947	2008	4.357142857142857	14
29953	2008	3.5392156862745097	51
29976	2008	3.5031152647975077	321
29982	2008	3.3608247422680413	97
29999	2008	3.3620689655172415	29
30000	2008	4.34	25
30022	2008	3.5247524752475248	101
30031	2008	3.209844559585492	193
30044	2008	3.5531400966183573	207
30050	2008	4.186274509803922	51
30063	2008	3.5614754098360657	122
30097	2008	3.2881944444444446	144
30104	2008	3.6043478260869564	230
30108	2008	3.24	200
30114	2008	3.872093023255814	43
30115	2008	3.888888888888889	171
30135	2008	3.6944444444444446	126
30139	2008	3.6219512195121952	41
30140	2008	3.2838983050847457	236
30142	2008	3.1911764705882355	34
30146	2008	3.34070796460177	113
30155	2008	3.8582089552238807	67
30158	2008	2.3777777777777778	45
30167	2008	2.8372093023255816	43
30174	2008	3.0	166
30201	2008	3.2857142857142856	56
30225	2008	2.388888888888889	9
30233	2008	3.115625	160
30269	2008	4.017241379310345	29
30274	2008	3.357142857142857	7
30276	2008	4.150485436893204	206
30280	2008	2.695970695970696	273
30285	2008	3.2460732984293195	191
30292	2008	4.173913043478261	23
30301	2008	3.5	51
30318	2008	3.7193877551020407	98
30341	2008	3.793103448275862	29
30356	2008	3.7982456140350878	57
30365	2008	3.8125	24
30385	2008	2.9138655462184873	238
30392	2008	3.712962962962963	54
30426	2008	3.4523809523809526	21
30439	2008	3.9027777777777777	36
30445	2008	3.2756410256410255	78
30449	2008	3.369565217391304	23
30450	2008	4.107142857142857	28
30459	2008	3.8	45
30464	2008	3.3777777777777778	45
30489	2008	3.2045454545454546	22
30491	2008	4.150793650793651	63
30494	2008	3.6830188679245284	265
30500	2008	3.103125	160
30505	2008	3.557377049180328	122
30506	2008	3.4934210526315788	228
30540	2008	3.9741379310344827	232
30547	2008	3.393617021276596	94
30574	2008	4.0	25
30579	2008	3.683266932270916	251
30590	2008	3.803125	160
30602	2008	3.5043103448275863	116
30623	2008	3.8152173913043477	46
30659	2008	3.525	80
30665	2008	3.102409638554217	83
30669	2008	3.561298076923077	416
30670	2008	3.843490304709141	361
30688	2008	3.8445378151260505	238
30710	2008	4.054744525547445	274
30730	2008	3.72	25
30790	2008	3.6396011396011394	351
30817	2008	3.28125	48
30822	2008	3.390625	32
30840	2008	2.557926829268293	164
30845	2008	3.4916666666666667	60
30846	2008	3.578125	128
30847	2008	3.6120689655172415	116
30848	2008	4.029411764705882	17
30849	2008	4.4714285714285715	35
30855	2008	4.18984962406015	266
30860	2008	3.86	25
30864	2008	3.3076923076923075	26
30879	2008	3.845744680851064	94
30886	2008	3.639423076923077	104
30887	2008	3.7111111111111112	45
30914	2008	3.9743589743589745	39
30927	2008	4.381578947368421	76
30938	2008	4.277777777777778	18
30954	2008	3.7455357142857144	112
30967	2008	3.8	140
30972	2008	3.3947368421052633	38
30980	2008	3.5843373493975905	83
30987	2008	2.1594202898550723	69
30988	2008	3.7280405405405403	296
31040	2008	3.5787037037037037	108
31048	2008	4.166666666666667	12
31052	2008	3.587719298245614	57
31067	2008	2.9130434782608696	23
31078	2008	3.9204545454545454	44
31104	2008	3.3333333333333335	21
31105	2008	3.325301204819277	83
31110	2008	3.7857142857142856	91
31127	2008	4.5	96
31145	2008	3.0757575757575757	99
31148	2008	3.25	22
31160	2008	3.871794871794872	39
31170	2008	3.125	4
31175	2008	3.511627906976744	43
31179	2008	3.2864583333333335	96
31193	2008	4.0	16
31201	2008	3.4523809523809526	147
31210	2008	3.274193548387097	248
31216	2008	4.235294117647059	51
31221	2008	3.819672131147541	183
31222	2008	3.546875	96
31251	2008	3.176282051282051	156
31263	2008	4.015384615384615	130
31267	2008	3.130434782608696	23
31285	2008	3.74025974025974	77
31296	2008	3.966666666666667	15
31313	2008	3.3620689655172415	29
16840	2008	3.4375	16
17022	2008	3.875	4
17196	2008	1.956896551724138	58
17476	2008	3.4904761904761905	105
18230	2008	2.966666666666667	15
18295	2008	2.76	25
18856	2008	5.0	1
18979	2008	5.0	1
19420	2008	3.1666666666666665	6
19713	2008	4.0	5
19868	2008	3.9375	16
19914	2008	3.4	10
19963	2008	3.8076923076923075	13
20829	2008	4.0	8
20880	2008	3.625	4
21636	2008	3.6710526315789473	38
21791	2008	4.125	8
21937	2008	3.9166666666666665	18
21939	2008	3.5	23
22061	2008	3.8333333333333335	6
23339	2008	3.611111111111111	18
23422	2008	3.5757575757575757	66
23883	2008	2.625	4
24362	2008	4.5	3
24592	2008	3.225	20
24724	2008	3.8214285714285716	14
24841	2008	3.6	15
25441	2008	4.1875	8
26316	2008	3.3636363636363638	11
26528	2008	3.7586206896551726	29
27221	2008	3.4838709677419355	31
27662	2008	3.4	10
28750	2008	4.625	4
29034	2008	4.225	20
29431	2008	4.6	5
29435	2008	4.333333333333333	9
29597	2008	3.6666666666666665	6
29680	2008	3.5	58
29839	2008	3.8157894736842106	38
30005	2008	3.8513513513513513	74
30897	2008	3.357142857142857	14
31138	2008	3.269230769230769	13
16524	2008	4.1	5
18293	2008	3.5	5
18400	2008	4.5	1
19032	2008	3.125	4
20767	2008	3.5	7
20812	2008	3.888888888888889	9
21324	2008	2.857142857142857	7
21460	2008	3.5	15
21856	2008	4.571428571428571	7
22467	2008	2.5714285714285716	7
22543	2008	2.875	20
23360	2008	3.432926829268293	82
23514	2008	4.166666666666667	3
23520	2008	3.1904761904761907	21
24402	2008	3.6666666666666665	6
24575	2008	4.5	1
25137	2008	3.25	2
26055	2008	3.619047619047619	21
28238	2008	4.333333333333333	12
29942	2008	3.5555555555555554	36
16669	2008	4.388888888888889	9
16732	2008	4.833333333333333	3
16854	2008	4.25	2
17334	2008	5.0	1
17425	2008	3.4166666666666665	6
17658	2008	3.8333333333333335	3
18743	2008	4.125	4
19111	2008	3.6	20
19698	2008	4.0	2
19743	2008	4.875	4
19938	2008	3.6666666666666665	3
19948	2008	3.357142857142857	14
20012	2008	2.718045112781955	133
20116	2008	3.0	3
20918	2008	4.0	1
21320	2008	4.333333333333333	3
21562	2008	2.6875	8
21831	2008	4.0	2
22093	2008	4.25	6
22783	2008	4.25	2
22899	2008	3.5	2
23546	2008	4.0	3
24263	2008	2.0	1
24341	2008	3.875	4
24449	2008	3.2	15
24695	2008	3.511904761904762	84
24797	2008	4.461538461538462	13
25424	2008	5.0	1
25907	2008	3.5625	8
26413	2008	4.25	2
26570	2008	2.9761904761904763	21
26589	2008	3.6666666666666665	3
26920	2008	3.5	49
27779	2008	4.5	2
27801	2008	4.5	1
28209	2008	3.2313432835820897	67
28317	2008	3.7	5
28521	2008	3.1666666666666665	3
29870	2008	5.0	1
17001	2008	3.0	1
17043	2008	5.0	1
18409	2008	4.333333333333333	6
19079	2008	3.5	1
19626	2008	4.5	1
19928	2008	3.65	10
20051	2008	4.0	2
20073	2008	4.166666666666667	3
20435	2008	4.0	1
21337	2008	4.5	1
23303	2008	4.0	1
23386	2008	4.0	1
23718	2008	3.1	10
23778	2008	4.0	1
25197	2008	2.0	2
27258	2008	2.9444444444444446	9
28323	2008	3.5	2
29911	2008	3.25	8
29965	2008	3.8333333333333335	3