31327	2008	2.791907514450867	173
31349	2008	3.116751269035533	197
31379	2008	3.5700934579439254	214
31380	2008	3.1052631578947367	19
31401	2008	4.086206896551724	29
31418	2008	3.392405063291139	158
31427	2008	3.2755102040816326	49
31432	2008	3.4278846153846154	104
31433	2008	3.2436363636363637	275
31468	2008	3.5560344827586206	116
31473	2008	3.5285714285714285	35
31487	2008	3.699242424242424	660
31505	2008	3.4705882352941178	102
31508	2008	4.205426356589148	129
31513	2008	3.6233766233766236	77
31521	2008	4.016483516483516	91
31523	2008	3.3947368421052633	133
31529	2008	4.213114754098361	61
31561	2008	3.682857142857143	350
31562	2008	3.897590361445783	249
31573	2008	3.8378378378378377	37
31608	2008	3.7804878048780486	205
31616	2008	3.883116883116883	77
31620	2008	3.4966887417218544	302
31636	2008	3.5483870967741935	31
31641	2008	3.0833333333333335	288
31682	2008	3.2888888888888888	45
31692	2008	4.1437125748503	167
31706	2008	3.4692307692307693	65
31711	2008	2.992424242424242	66
31715	2008	2.5357142857142856	56
31733	2008	3.120792079207921	505
31735	2008	3.4	35
31746	2008	3.941860465116279	43
31770	2008	3.4	45
31771	2008	3.439189189189189	148
31798	2008	2.7435897435897436	78
31801	2008	3.604651162790698	172
31804	2008	3.2796052631578947	152
31807	2008	3.5	41
31820	2008	3.0	9
31832	2008	4.146868250539957	463
31837	2008	3.5413290113452187	617
31842	2008	3.98	25
31846	2008	3.581460674157303	534
31857	2008	3.3333333333333335	18
31872	2008	3.8043478260869565	23
31895	2008	3.980769230769231	78
31901	2008	3.1403940886699506	203
31905	2008	4.0476190476190474	21
31910	2008	3.3846153846153846	13
31916	2008	4.293478260869565	46
31929	2008	4.1375	40
31934	2008	3.275	120
31937	2008	3.369565217391304	69
31941	2008	3.8142857142857145	35
31955	2008	3.7973684210526315	190
32001	2008	2.726519337016575	181
32012	2008	3.5833333333333335	6
32013	2008	3.3317757009345796	107
32021	2008	3.724188790560472	339
32037	2008	3.9583333333333335	60
32053	2008	4.239130434782608	46
32060	2008	3.593152866242038	628
32070	2008	3.7916666666666665	36
32074	2008	2.828125	32
32107	2008	3.1363636363636362	11
32116	2008	3.6496598639455784	147
32126	2008	3.9909090909090907	110
32154	2008	3.8058252427184467	103
32167	2008	3.0	22
32178	2008	4.166666666666667	24
32185	2008	3.4895833333333335	48
32190	2008	3.4653846153846155	130
32209	2008	3.4833333333333334	60
32221	2008	3.365168539325843	89
32222	2008	3.686046511627907	129
32243	2008	3.0118110236220472	127
32267	2008	3.9928057553956835	139
32274	2008	4.057522123893805	113
32283	2008	3.96875	16
32293	2008	3.3513513513513513	37
32294	2008	3.365079365079365	63
32299	2008	3.1171171171171173	111
32305	2008	4.170731707317073	41
32308	2008	2.4714912280701755	456
32332	2008	2.7107558139534884	344
32340	2008	3.423076923076923	169
32345	2008	2.9291338582677167	127
32369	2008	3.6693548387096775	62
32377	2008	3.532608695652174	92
32411	2008	3.061111111111111	270
32412	2008	4.086956521739131	23
32413	2008	3.9066666666666667	75
32444	2008	3.6293103448275863	116
32445	2008	3.3333333333333335	126
32465	2008	3.931137724550898	167
32476	2008	3.4385593220338984	236
32480	2008	4.043103448275862	58
32494	2008	3.3125	32
32501	2008	3.491625615763547	1015
32509	2008	3.0065789473684212	152
32512	2008	3.4454545454545453	165
32518	2008	3.142857142857143	21
32521	2008	3.576923076923077	13
32536	2008	3.7794117647058822	34
32538	2008	3.7291666666666665	24
32540	2008	4.283653846153846	104
32544	2008	3.289156626506024	83
32546	2008	2.9578686493184634	807
32553	2008	3.9716981132075473	53
32583	2008	3.3402061855670104	97
32588	2008	4.173708920187793	213
32610	2008	3.96875	32
32628	2008	3.0952380952380953	21
32634	2008	4.120689655172414	29
32658	2008	3.489130434782609	92
32663	2008	3.25	22
32669	2008	3.80327868852459	61
32675	2008	4.111111111111111	36
32687	2008	3.7085987261146496	314
32694	2008	4.065217391304348	23
32697	2008	3.7972972972972974	37
32707	2008	3.7601626016260163	123
32716	2008	3.6437908496732025	153
32743	2008	3.5714285714285716	28
32747	2008	3.7175925925925926	108
32748	2008	3.612980769230769	208
32752	2008	4.064220183486238	109
32760	2008	3.9285714285714284	21
32767	2008	3.2142857142857144	28
32791	2008	3.3885135135135136	148
32811	2008	4.0390625	192
32817	2008	3.74	100
32826	2008	3.0161290322580645	62
32827	2008	3.803030303030303	33
32832	2008	3.066666666666667	420
32852	2008	3.1415929203539825	113
32857	2008	2.6030534351145036	262
32867	2008	3.8225806451612905	31
32874	2008	3.531986531986532	297
32885	2008	3.7088607594936707	158
32897	2008	2.761904761904762	21
32903	2008	3.710526315789474	57
32907	2008	3.7555555555555555	45
32919	2008	3.591715976331361	169
32928	2008	3.8638297872340424	235
32932	2008	3.9285714285714284	21
32934	2008	3.7473776223776225	572
32941	2008	3.306338028169014	142
32945	2008	4.09375	48
32953	2008	3.1724137931034484	29
32954	2008	2.375	24
32959	2008	3.0454545454545454	22
32962	2008	3.59375	32
32968	2008	3.867132867132867	143
32974	2008	2.2224199288256226	281
32982	2008	3.9097222222222223	72
32988	2008	3.8225806451612905	31
32997	2008	3.5833333333333335	12
33008	2008	4.011111111111111	45
33026	2008	3.923076923076923	26
33036	2008	3.528	125
33041	2008	3.856353591160221	181
33045	2008	3.8421052631578947	76
33052	2008	3.0869565217391304	46
33056	2008	3.026315789473684	19
33057	2008	3.588888888888889	45
33060	2008	2.857142857142857	28
33067	2008	3.892523364485981	107
33098	2008	3.682926829268293	41
33103	2008	3.9583333333333335	96
33112	2008	2.926470588235294	34
33123	2008	3.32421875	128
33126	2008	3.739130434782609	115
33130	2008	4.5	10
33132	2008	3.7794117647058822	34
33139	2008	3.896551724137931	29
33150	2008	4.0	34
33183	2008	3.906779661016949	177
33213	2008	4.375	136
33222	2008	3.5136986301369864	73
33240	2008	3.6538461538461537	52
33251	2008	3.9693877551020407	49
33265	2008	3.9938650306748467	163
33275	2008	3.3220338983050848	59
33279	2008	3.913793103448276	29
33292	2008	3.641025641025641	39
33299	2008	3.96	25
33309	2008	4.171875	96
33315	2008	3.717171717171717	99
33325	2008	3.3857142857142857	35
33346	2008	2.787037037037037	54
33349	2008	3.349056603773585	53
33350	2008	3.466019417475728	103
33355	2008	4.416666666666667	54
33360	2008	3.5338983050847457	59
33362	2008	4.3125	72
33374	2008	3.9423076923076925	26
33380	2008	4.1415094339622645	53
33384	2008	3.0930232558139537	43
33407	2008	3.9	50
33413	2008	3.5854922279792745	193
33437	2008	3.3135593220338984	59
33440	2008	3.5161290322580645	31
33446	2008	3.125	28
33451	2008	4.36144578313253	249
33470	2008	4.2727272727272725	66
33476	2008	2.5480427046263343	281
33489	2008	3.625	140
33517	2008	3.6928687196110213	617
33522	2008	4.179245283018868	106
33551	2008	2.7666666666666666	90
33577	2008	4.35	10
33579	2008	4.107142857142857	28
33589	2008	3.552395209580838	334
33598	2008	3.4423076923076925	104
33603	2008	2.759259259259259	27
33607	2008	2.9769874476987446	239
33611	2008	3.4244604316546763	139
33620	2008	3.4886363636363638	44
33622	2008	3.8413793103448275	145
33651	2008	3.311111111111111	45
33664	2008	3.1367461430575037	713
33673	2008	3.5930232558139537	43
33678	2008	3.2641509433962264	53
33686	2008	3.253623188405797	69
33693	2008	3.659090909090909	44
33698	2008	3.7916666666666665	48
33716	2008	4.351351351351352	74
33720	2008	3.767857142857143	616
33734	2008	3.9558232931726907	249
33750	2008	3.155581947743468	421
33764	2008	3.75	76
33770	2008	4.017543859649122	57
33780	2008	3.6153846153846154	13
33784	2008	3.5964912280701755	57
33790	2008	3.1893939393939394	330
33798	2008	3.734513274336283	226
33805	2008	3.6097560975609757	41
33827	2008	3.9014084507042255	71
33843	2008	3.1848534201954397	614
33871	2008	3.621559633027523	218
33880	2008	3.40625	48
33881	2008	1.9444444444444444	216
33897	2008	3.603676470588235	680
33920	2008	3.2971014492753623	69
33921	2008	4.16	25
33933	2008	4.169642857142857	56
33942	2008	3.788135593220339	118
33943	2008	4.0	11
33944	2008	3.8181818181818183	77
33959	2008	3.009259259259259	216
33969	2008	3.518945634266886	607
33994	2008	3.4257142857142857	175
34034	2008	3.771875	160
34045	2008	3.7611940298507465	67
34059	2008	3.8188976377952755	254
34077	2008	3.9613821138211383	246
34081	2008	3.4949748743718594	398
34083	2008	4.076923076923077	39
34087	2008	3.6359223300970873	206
34091	2008	3.1587301587301586	63
34101	2008	3.6765834932821497	521
34106	2008	4.211864406779661	59
34145	2008	3.0681818181818183	132
34157	2008	4.3	5
34170	2008	3.5970149253731343	67
34180	2008	3.826923076923077	26
34186	2008	3.475609756097561	123
34197	2008	3.1285714285714286	70
34199	2008	2.517361111111111	144
34207	2008	3.5552486187845305	181
34221	2008	3.8974358974358974	39
34226	2008	3.0033783783783785	296
34244	2008	3.33859649122807	285
34249	2008	2.652173913043478	23
34276	2008	3.007936507936508	441
34293	2008	4.572916666666667	48
34295	2008	3.8333333333333335	6
34309	2008	3.9587628865979383	97
34310	2008	4.063245823389021	419
34329	2008	3.4782608695652173	138
34334	2008	3.875	8
34339	2008	3.69811320754717	159
34350	2008	3.922727272727273	110
34356	2008	3.649193548387097	124
34368	2008	3.82319391634981	263
34375	2008	3.3333333333333335	39
34378	2008	2.984375	32
34384	2008	3.6137724550898205	167
34414	2008	3.3877551020408165	49
34420	2008	3.6451612903225805	124
34424	2008	3.4362745098039214	102
34430	2008	4.122950819672131	61
34458	2008	2.989130434782609	46
34474	2008	3.9886363636363638	88
34484	2008	4.064102564102564	78
34489	2008	3.4142441860465116	344
34498	2008	4.093959731543624	149
34508	2008	3.607142857142857	28
34520	2008	3.437185929648241	199
34528	2008	3.5	1
34545	2008	4.035714285714286	14
34574	2008	3.076923076923077	65
34581	2008	2.9	155
34593	2008	3.545275590551181	254
34599	2008	3.7244897959183674	98
34615	2008	3.6867283950617282	324
34621	2008	3.21875	176
34631	2008	4.181372549019608	102
34641	2008	4.71875	32
34648	2008	3.8461538461538463	52
34667	2008	3.2598039215686274	102
34671	2008	3.1419753086419755	81
34680	2008	3.1455696202531644	79
34681	2008	3.5822784810126582	79
34683	2008	4.1460084033613445	476
34687	2008	2.822674418604651	516
34700	2008	3.3333333333333335	30
34716	2008	4.205882352941177	17
34735	2008	3.5476190476190474	63
34736	2008	3.033333333333333	30
34761	2008	3.8024193548387095	124
34770	2008	3.922680412371134	97
34780	2008	3.890625	64
34783	2008	3.4510489510489513	143
34788	2008	3.4849624060150375	399
34813	2008	3.4851851851851854	135
34827	2008	3.4583333333333335	24
34829	2008	3.6714285714285713	35
34838	2008	3.391304347826087	23
34857	2008	3.8131868131868134	91
34859	2008	4.145833333333333	72
34863	2008	3.7419354838709675	31
34882	2008	4.034653465346534	101
34890	2008	3.3365384615384617	52
34896	2008	4.087837837837838	148
34906	2008	3.355769230769231	156
34909	2008	3.8	30
34913	2008	3.45959595959596	99
34918	2008	4.037174721189591	269
34932	2008	3.6956521739130435	23
34942	2008	3.875	40
34947	2008	3.9452554744525545	411
34961	2008	3.454285714285714	175
34972	2008	3.3409893992932864	283
34984	2008	3.96	50
35017	2008	4.335365853658536	82
35029	2008	2.4545454545454546	22
35033	2008	4.073275862068965	116
35057	2008	3.533333333333333	75
35063	2008	2.7962962962962963	27
35069	2008	3.1724137931034484	87
35083	2008	4.104166666666667	168
35090	2008	3.1904761904761907	21
35101	2008	3.8	40
35115	2008	3.9	65
35133	2008	4.044847328244275	524
35137	2008	4.175925925925926	108
35142	2008	4.341040462427745	346
35157	2008	4.280487804878049	164
35173	2008	2.9650766609880748	587
35182	2008	3.5136268343815513	477
35199	2008	4.0299760191846525	417
35208	2008	4.068273092369478	249
35219	2008	3.923076923076923	13
35223	2008	3.911764705882353	17
35238	2008	3.7857142857142856	91
35247	2008	3.4857142857142858	35
35253	2008	3.9871794871794872	39
35256	2008	3.6597222222222223	72
35259	2008	3.855769230769231	104
35265	2008	3.5541666666666667	120
35267	2008	3.5822368421052633	152
35272	2008	3.7475961538461537	208
35284	2008	3.196796338672769	437
35287	2008	4.029644268774703	253
35290	2008	4.546875	32
35291	2008	2.260869565217391	23
35319	2008	3.557627118644068	295
35325	2008	3.25	56
35335	2008	4.233333333333333	15
35340	2008	3.630890052356021	382
35345	2008	3.400576368876081	347
35348	2008	3.491596638655462	119
35355	2008	3.625	92
35360	2008	3.2916666666666665	24
35368	2008	3.4956427015250546	459
35397	2008	3.9951923076923075	104
35404	2008	3.9583333333333335	72
35408	2008	3.4919354838709675	62
35409	2008	3.971774193548387	124
35412	2008	3.581818181818182	55
35415	2008	3.414285714285714	35
35418	2008	4.069651741293533	201
35433	2008	3.92	300
35442	2008	2.2243589743589745	78
35446	2008	2.9545454545454546	55
35455	2008	3.8037974683544302	158
35456	2008	3.791044776119403	67
35488	2008	3.5484429065743943	289
35493	2008	3.9452054794520546	73
35498	2008	3.9705882352941178	34
35519	2008	3.111111111111111	36
35526	2008	3.9358974358974357	39
35547	2008	3.3728070175438596	114
35562	2008	3.6627906976744184	43
35568	2008	3.5625	192
35572	2008	4.1231884057971016	69
35579	2008	3.301518438177874	922
35601	2008	3.608910891089109	202
35606	2008	3.7448979591836733	98
35614	2008	3.05	30
35622	2008	3.7861771058315337	463
35634	2008	3.420391061452514	358
35638	2008	3.953125	64
35660	2008	3.7224264705882355	272
35666	2008	4.068548387096774	248
35672	2008	3.973684210526316	57
35678	2008	3.535502958579882	338
35687	2008	3.0238095238095237	21
35688	2008	3.8725	200
35691	2008	3.6564417177914113	163
35698	2008	3.1651785714285716	336
35710	2008	3.8384831460674156	356
35733	2008	3.1384615384615384	65
35739	2008	3.736842105263158	133
35755	2008	3.9	45
35758	2008	4.186046511627907	86
35764	2008	3.902684563758389	298
35773	2008	3.3452380952380953	84
35779	2008	3.424141221374046	1048
35785	2008	3.3846153846153846	13
35786	2008	4.078947368421052	95
35798	2008	3.6666666666666665	15
35805	2008	3.5185185185185186	27
35810	2008	3.7686567164179103	268
35815	2008	3.340909090909091	44
35835	2008	3.4308823529411763	340
35852	2008	3.392857142857143	98
35869	2008	3.5544041450777204	193
35870	2008	4.253456221198157	217
35876	2008	2.6666666666666665	21
35885	2008	3.3823529411764706	85
35891	2008	4.018018018018018	111
35896	2008	3.7954545454545454	44
35899	2008	3.557142857142857	350
35907	2008	3.516891891891892	148
35920	2008	3.3282828282828283	99
35923	2008	3.4754098360655736	61
35935	2008	3.888888888888889	27
35947	2008	3.4714285714285715	140
35980	2008	3.6785714285714284	182
35982	2008	4.114035087719298	57
35987	2008	3.5714285714285716	21
35994	2008	4.100746268656716	134
36000	2008	3.67	100
36006	2008	3.9074074074074074	54
36011	2008	3.1359223300970873	103
36017	2008	3.3055555555555554	72
36021	2008	2.9543859649122806	285
36026	2008	3.013986013986014	143
36049	2008	3.948529411764706	68
36056	2008	4.18	25
36060	2008	3.985294117647059	34
36061	2008	3.5338983050847457	59
36069	2008	3.606060606060606	33
36072	2008	4.003787878787879	132
36076	2008	3.9226190476190474	84
36082	2008	3.2956810631229234	301
36087	2008	4.398255813953488	172
36100	2008	3.8181818181818183	44
36110	2008	3.7	25
36121	2008	3.6847826086956523	46
36127	2008	4.561643835616438	584
36137	2008	3.717391304347826	23
36142	2008	3.5441176470588234	68
36147	2008	3.7906976744186047	86
36149	2008	3.566326530612245	294
36151	2008	4.206896551724138	58
36155	2008	4.216981132075472	159
36165	2008	3.6041666666666665	24
36169	2008	3.6844262295081966	244
36188	2008	3.1136363636363638	22
36193	2008	4.25	22
36205	2008	3.4558823529411766	34
36207	2008	3.5294117647058822	102
36211	2008	3.88	25
36217	2008	4.122222222222222	270
36225	2008	3.815	100
36227	2008	4.4375	8
36236	2008	3.6320754716981134	53
36243	2008	3.7444444444444445	45
36248	2008	4.078125	64
36261	2008	3.9402985074626864	67
36274	2008	4.5	35
36286	2008	4.185185185185185	54
36291	2008	3.856589147286822	129
36299	2008	3.369565217391304	23
36302	2008	3.3529411764705883	51
36310	2008	3.268181818181818	110
36334	2008	3.486754966887417	151
36338	2008	3.4558823529411766	102
36339	2008	3.9767441860465116	86
36363	2008	3.24	50
36373	2008	3.907942238267148	277
36377	2008	3.244635193133047	233
36382	2008	3.5869565217391304	23
36390	2008	3.2643097643097643	297
36421	2008	4.105555555555555	90
36426	2008	3.4615384615384617	13
36430	2008	3.7745901639344264	122
36431	2008	3.3607594936708862	158
36434	2008	3.3181818181818183	22
36450	2008	4.179411764705883	170
36461	2008	3.3879310344827585	58
36468	2008	3.183333333333333	30
36477	2008	3.386842105263158	190
36481	2008	3.7111111111111112	135
36486	2008	1.9090909090909092	22
36488	2008	3.790909090909091	110
36505	2008	3.5384615384615383	26
36510	2008	3.8922651933701657	181
36548	2008	3.793103448275862	29
36553	2008	3.909090909090909	11
36554	2008	4.22093023255814	43
36558	2008	3.224	125
36559	2008	3.772189349112426	169
36565	2008	3.0833333333333335	60
36573	2008	4.107142857142857	42
36577	2008	3.675675675675676	74
36580	2008	4.007042253521127	71
36585	2008	3.650485436893204	103
36590	2008	3.4613636363636364	220
36600	2008	3.6176470588235294	68
36613	2008	3.5441176470588234	34
36619	2008	3.460905349794239	243
36624	2008	3.9462025316455698	158
36630	2008	3.6875	40
36633	2008	4.428571428571429	28
36636	2008	3.76	125
36638	2008	3.9375	136
36652	2008	3.267857142857143	28
36656	2008	3.851063829787234	188
36659	2008	4.171428571428572	35
36660	2008	3.584507042253521	71
36663	2008	4.1	65
36664	2008	4.0	24
36668	2008	4.211538461538462	26
36689	2008	3.708791208791209	91
36693	2008	3.8058252427184467	309
36695	2008	3.685800604229607	331
36709	2008	3.9833333333333334	60
36716	2008	4.213333333333333	150
36737	2008	3.4523809523809526	21
36744	2008	3.7225	200
36749	2008	4.257352941176471	68
36755	2008	3.9482758620689653	29
36758	2008	3.725	60
36763	2008	3.8026315789473686	38
36774	2008	3.46	400
36775	2008	3.9383561643835616	146
36784	2008	2.6586021505376345	372
36785	2008	3.734375	32
36789	2008	3.6458333333333335	24
36790	2008	3.895	100
36803	2008	4.363636363636363	33
36814	2008	3.730769230769231	39
36818	2008	4.107843137254902	204
36828	2008	4.25	118
36843	2008	3.6979166666666665	96
36871	2008	3.2222222222222223	45
36902	2008	3.5316666666666667	300
36907	2008	3.8846153846153846	104
36931	2008	2.981144343302991	769
36943	2008	3.767080745341615	161
36949	2008	3.5476190476190474	21
36954	2008	3.575	40
36961	2008	3.4964788732394365	142
36967	2008	3.6818181818181817	11
36969	2008	3.4696969696969697	33
36970	2008	3.5477707006369426	157
36973	2008	3.8668122270742358	229
36978	2008	3.9244791666666665	192
36982	2008	4.071428571428571	35
36994	2008	3.987437185929648	199
37001	2008	3.7191235059760954	251
37014	2008	3.3333333333333335	6
37015	2008	3.345029239766082	171
37020	2008	3.608695652173913	23
37026	2008	3.566666666666667	30
37029	2008	3.8205128205128207	351
37037	2008	3.032258064516129	62
37044	2008	3.4	10
37050	2008	4.21578947368421	95
37070	2008	3.4782608695652173	46
37071	2008	3.63265306122449	343
37077	2008	3.5421686746987953	83
37098	2008	3.142857142857143	28
37102	2008	4.19	150
37104	2008	2.857843137254902	204
37109	2008	3.8947368421052633	95
37112	2008	3.451219512195122	123
37118	2008	3.394230769230769	52
37125	2008	3.823529411764706	255
37134	2008	4.434027777777778	144
37147	2008	3.3076923076923075	104
37150	2008	3.375	44
37158	2008	4.7625	80
37167	2008	3.5390625	128
37172	2008	3.0688073394495414	109
37192	2008	4.067961165048544	103
37200	2008	3.0372340425531914	94
37209	2008	3.3333333333333335	24
37213	2008	2.556451612903226	62
37216	2008	2.9642857142857144	98
37217	2008	3.5854092526690393	281
37226	2008	3.0	66
37230	2008	3.59375	64
37245	2008	3.5805369127516777	149
37253	2008	4.092592592592593	27
37270	2008	4.15	100
37275	2008	4.244493392070485	227
37281	2008	3.9305555555555554	36
37286	2008	3.876865671641791	134
37298	2008	3.4186046511627906	215
37304	2008	3.1530612244897958	98
37331	2008	3.5	34
37339	2008	3.95	10
37353	2008	3.611111111111111	27
37360	2008	3.2892156862745097	102
37361	2008	3.5186915887850465	214
37373	2008	3.941666666666667	60
37387	2008	3.437984496124031	258
37394	2008	3.4878048780487805	41
37406	2008	3.5425531914893615	47
37419	2008	2.9791666666666665	48
37420	2008	3.296511627906977	86
37421	2008	3.25625	80
37430	2008	3.9224137931034484	174
37435	2008	3.4285714285714284	56
37442	2008	4.136882129277566	263
37453	2008	3.892523364485981	107
37457	2008	3.9358974358974357	39
37461	2008	4.008021390374331	187
37464	2008	3.8833333333333333	30
37482	2008	3.6574074074074074	108
37497	2008	3.82972972972973	185
37504	2008	4.1	30
37513	2008	3.9634146341463414	41
37517	2008	3.5	6
37519	2008	4.17948717948718	39
37538	2008	3.308849557522124	565
37565	2008	4.107142857142857	42
37568	2008	3.6160714285714284	56
37581	2008	4.247159090909091	176
37584	2008	3.3990990990990992	555
37586	2008	3.997093023255814	172
37595	2008	3.140625	192
37618	2008	3.363109048723898	431
37621	2008	4.06551724137931	145
37635	2008	3.9574468085106385	47
37648	2008	3.6153846153846154	91
37651	2008	3.8553459119496853	159
37662	2008	3.438202247191011	89
37665	2008	3.757142857142857	245
37679	2008	3.692982456140351	114
37690	2008	3.2417840375586855	213
37693	2008	3.876068376068376	117
37697	2008	3.3993055555555554	144
37713	2008	2.8010752688172045	186
37720	2008	2.969924812030075	133
37730	2008	4.0234375	64
37735	2008	3.4194630872483223	298
37739	2008	4.375	48
37742	2008	3.108108108108108	111
37752	2008	4.3977272727272725	44
37761	2008	3.5714285714285716	21
37765	2008	3.282178217821782	202
37769	2008	3.5555555555555554	9
37774	2008	3.1839080459770117	87
37779	2008	3.48046875	128
37782	2008	3.1065573770491803	61
37787	2008	4.045454545454546	33
37791	2008	3.525	40
37799	2008	4.416666666666667	6
37803	2008	3.7717976318622175	929
37811	2008	3.849802371541502	253
37820	2008	3.8076923076923075	13
37821	2008	2.981818181818182	55
37825	2008	4.226666666666667	75
37854	2008	3.5880681818181817	176
37865	2008	3.8214285714285716	28
37876	2008	3.627906976744186	43
37882	2008	4.466666666666667	60
37890	2008	4.012711864406779	118
37895	2008	3.795918367346939	49
37899	2008	3.6636363636363636	220
37905	2008	4.145833333333333	72
37916	2008	3.9166666666666665	24
37931	2008	3.9702970297029703	101
37937	2008	2.738853503184713	471
37953	2008	3.6652173913043478	115
37957	2008	3.5	25
37964	2008	3.74	50
37971	2008	3.6375	40
37981	2008	3.552287581699346	153
37987	2008	2.71	200
37988	2008	3.7857142857142856	21
38005	2008	3.340909090909091	44
38026	2008	3.058457711442786	402
38029	2008	3.878787878787879	33
38034	2008	3.8815789473684212	38
38039	2008	3.713235294117647	68
38047	2008	3.610526315789474	285
38050	2008	3.1911764705882355	68
38059	2008	3.8552631578947367	114
38064	2008	3.8	5
38069	2008	3.4516129032258065	31
38070	2008	3.6859504132231407	121
38091	2008	3.6964285714285716	28
38093	2008	3.414285714285714	70
38101	2008	4.014792899408284	169
38116	2008	3.685185185185185	27
38124	2008	3.1733870967741935	124
38137	2008	3.3258426966292136	356
38140	2008	3.25	22
38161	2008	3.7302158273381294	417
38167	2008	3.533942558746736	383
38171	2008	3.1666666666666665	27
38203	2008	3.8452380952380953	42
38208	2008	3.6216216216216215	37
38212	2008	3.823170731707317	164
38218	2008	3.5	21
38222	2008	3.869565217391304	23
38227	2008	3.325609756097561	410
38230	2008	2.7061855670103094	97
38234	2008	3.01271186440678	118
38235	2008	3.4745762711864407	59
38254	2008	3.5853658536585367	41
38258	2008	3.8870967741935485	62
38261	2008	3.870967741935484	31
38262	2008	3.802941176470588	170
38270	2008	3.3874309392265194	724
38281	2008	3.402684563758389	298
38289	2008	3.51171875	128
38312	2008	3.9288079470198674	302
38316	2008	3.9051724137931036	116
38323	2008	3.9427083333333335	96
38328	2008	4.035714285714286	126
38340	2008	2.670138888888889	144
38348	2008	3.654034229828851	409
38352	2008	3.38768115942029	138
38367	2008	4.0	22
38369	2008	4.012195121951219	41
38373	2008	3.799107142857143	112
38374	2008	3.8292682926829267	41
38377	2008	3.6451612903225805	31
38396	2008	4.142857142857143	105
38408	2008	3.5147783251231526	203
38412	2008	3.3875	40
38413	2008	3.6419753086419755	81
38414	2008	4.085106382978723	47
38424	2008	3.608490566037736	106
38429	2008	4.088235294117647	34
38435	2008	3.418032786885246	61
38437	2008	2.5517241379310347	58
38455	2008	3.4862385321100917	109
38474	2008	3.25	32
38480	2008	3.7329376854599405	337
38496	2008	4.191954022988506	435
38517	2008	3.0399802566633762	1013
38527	2008	1.7016129032258065	186
38535	2008	3.6538461538461537	26
38547	2008	4.041666666666667	36
38553	2008	4.1923076923076925	26
38565	2008	3.5961538461538463	52
38586	2008	3.4583333333333335	36
38600	2008	3.1341463414634148	41
38608	2008	4.178571428571429	70
38622	2008	3.604651162790698	43
38634	2008	3.7943262411347516	141
38639	2008	3.181297709923664	262
38647	2008	3.580952380952381	105
38652	2008	3.62	25
38662	2008	3.08	25
38664	2008	3.2708333333333335	24
38672	2008	3.610169491525424	59
38678	2008	4.077205882352941	272
38690	2008	3.6785714285714284	42
38691	2008	3.8181818181818183	33
38715	2008	3.53125	32
38719	2008	3.536231884057971	69
38722	2008	3.1923076923076925	13
38726	2008	3.412251655629139	302
38727	2008	3.890625	32
38734	2008	2.9285714285714284	21
38738	2008	3.4591836734693877	98
38740	2008	3.172727272727273	55
38745	2008	2.9574468085106385	235
38754	2008	3.9077868852459017	244
38755	2008	3.861607142857143	112
38761	2008	3.5591397849462365	93
38765	2008	3.6470588235294117	17
38766	2008	3.609009009009009	555
38785	2008	3.4166666666666665	24
38792	2008	3.1666666666666665	45
38807	2008	3.7333333333333334	30
38829	2008	3.5607142857142855	140
38834	2008	3.5694444444444446	36
38843	2008	2.994047619047619	84
38859	2008	3.761744966442953	149
38864	2008	3.1818181818181817	22
38870	2008	3.3125	8
38875	2008	3.40625	16
38877	2008	4.139344262295082	549
38882	2008	3.45	340
38884	2008	3.1666666666666665	3
38886	2008	3.7128378378378377	296
38889	2008	3.9759615384615383	104
38896	2008	2.5	30
38901	2008	3.5	3
38914	2008	3.4098901098901098	455
38917	2008	3.400576368876081	347
38923	2008	3.23224043715847	183
38934	2008	3.7196969696969697	66
38943	2008	3.1640625	64
38951	2008	3.8666666666666667	15
38956	2008	3.2464788732394365	71
38965	2008	3.456896551724138	58
38977	2008	3.3142857142857145	35
38978	2008	3.1470160116448325	687
38984	2008	4.029953917050691	217
38995	2008	3.8306451612903225	62
38998	2008	4.196078431372549	51
39016	2008	3.288732394366197	71
39030	2008	4.158536585365853	164
39033	2008	2.8017241379310347	58
39042	2008	3.2567567567567566	37
39047	2008	3.5725388601036268	193
39065	2008	3.269230769230769	39
39073	2008	3.475609756097561	205
39077	2008	3.8282828282828283	198
39083	2008	2.428240740740741	216
39094	2008	3.0757575757575757	66
39103	2008	2.9972527472527473	182
39108	2008	4.263392857142857	112
39125	2008	4.25	30
39148	2008	3.9951923076923075	104
39161	2008	3.710526315789474	38
39168	2008	4.105263157894737	38
39177	2008	3.1607142857142856	28
39178	2008	3.347826086956522	23
39184	2008	3.135135135135135	259
39187	2008	3.586206896551724	29
39200	2008	3.556179775280899	89
39205	2008	3.693820224719101	178
39210	2008	3.125	208
39216	2008	3.3205128205128207	39
39223	2008	3.0643564356435644	101
39229	2008	4.083333333333333	126
39257	2008	3.6241379310344826	290
39262	2008	3.942622950819672	244
39272	2008	3.887310606060606	528
39280	2008	3.5	24
39282	2008	3.875	4
39294	2008	2.345528455284553	123
39301	2008	3.1154806491885143	801
39307	2008	4.279220779220779	77
39309	2008	3.6	30
39315	2008	3.962962962962963	27
39320	2008	2.8896103896103895	462
39324	2008	4.185185185185185	27
39329	2008	4.435897435897436	39
39337	2008	3.8974358974358974	78
39348	2008	4.401960784313726	51
39390	2008	4.3	5
39393	2008	3.9285714285714284	21
39417	2008	3.40625	16
39419	2008	3.216867469879518	83
39430	2008	3.7371794871794872	78
39437	2008	3.840909090909091	22
39459	2008	3.25	44
39470	2008	2.7314814814814814	108
39475	2008	3.6666666666666665	63
39481	2008	3.5833333333333335	48
39497	2008	4.390625	64
39505	2008	3.3363136176066024	727
39513	2008	3.5929203539823007	113
39514	2008	3.5875	40
39535	2008	3.770609318996416	279
39550	2008	3.6607142857142856	28
39556	2008	3.962962962962963	27
39594	2008	4.1940298507462686	67
39604	2008	3.7851681957186543	654
39607	2008	3.4166666666666665	6
39608	2008	3.533495736906212	821
39621	2008	3.3996960486322187	329
39628	2008	3.625	100
39638	2008	3.9899497487437188	199
39644	2008	3.9402985074626864	134
39649	2008	3.3	15
39650	2008	3.730769230769231	91
39654	2008	4.258064516129032	217
39666	2008	4.163101604278075	187
39676	2008	3.625	24
39677	2008	2.9126984126984126	63
39689	2008	3.9405286343612334	227
39694	2008	3.6847826086956523	92
39699	2008	3.5	22
39712	2008	3.752808988764045	267
39724	2008	2.4761904761904763	21
39747	2008	3.652173913043478	23
39750	2008	2.564732142857143	448
39771	2008	4.068181818181818	22
39775	2008	3.797752808988764	89
39780	2008	3.4242424242424243	33
39803	2008	4.190476190476191	21
39811	2008	3.754854368932039	412
39820	2008	4.039285714285715	140
39827	2008	3.548936170212766	235
39848	2008	3.96309963099631	271
39861	2008	3.6481481481481484	27
39862	2008	3.5789473684210527	38
39872	2008	3.776536312849162	179
39876	2008	3.5424107142857144	224
39883	2008	4.46875	32
39897	2008	4.036231884057971	69
39900	2008	3.34375	48
39904	2008	3.9444444444444446	108
39918	2008	3.5294117647058822	85
39921	2008	3.98	50
39935	2008	4.143564356435643	101
39944	2008	3.1785714285714284	14
39957	2008	3.642857142857143	49
39966	2008	3.795918367346939	49
39974	2008	3.5694444444444446	72
39975	2008	2.4285714285714284	35
39979	2008	4.03921568627451	51
39981	2008	3.582474226804124	97
39985	2008	3.599009900990099	303
39992	2008	3.9523809523809526	21
39998	2008	4.245762711864407	59
40003	2008	3.4444444444444446	144
40016	2008	3.425925925925926	27
40030	2008	4.0476190476190474	63
40037	2008	3.8863636363636362	22
40043	2008	4.22	50
40067	2008	3.683098591549296	71
40072	2008	3.5209302325581397	215
40074	2008	3.7788461538461537	52
40084	2008	3.5816326530612246	98
40085	2008	3.55	290
40088	2008	0.5	1
40095	2008	3.8705357142857144	112
40102	2008	3.5	52
40116	2008	3.525	40
40124	2008	3.841463414634146	164
40130	2008	3.5873015873015874	63
40136	2008	3.7245989304812834	187
40142	2008	4.513513513513513	37
40149	2008	4.041237113402062	97
40159	2008	3.131818181818182	110
40166	2008	2.6744186046511627	129
40188	2008	4.384615384615385	26
40205	2008	3.519230769230769	26
40208	2008	4.206521739130435	92
40216	2008	3.0161290322580645	62
40226	2008	4.188888888888889	45
40229	2008	3.6666666666666665	24
40230	2008	3.819277108433735	83
40232	2008	3.4550898203592815	167
40236	2008	3.564814814814815	54
40243	2008	3.537313432835821	67
40244	2008	3.8688524590163933	61
40253	2008	3.3301282051282053	156
40260	2008	3.3622448979591835	98
40269	2008	4.014925373134329	67
40282	2008	3.375	56
40293	2008	4.206521739130435	46
40301	2008	4.117224880382775	209
40306	2008	4.147058823529412	51
40322	2008	4.083941605839416	137
40326	2008	4.114457831325301	83
40328	2008	4.205882352941177	17
40331	2008	4.198529411764706	68
40343	2008	3.4932279909706545	443
40354	2008	3.4675324675324677	77
40358	2008	3.696969696969697	66
40367	2008	3.4059139784946235	186
40376	2008	3.380952380952381	21
40381	2008	3.4955555555555557	225
40387	2008	3.6868131868131866	273
40404	2008	3.0625	80
40411	2008	4.0275	200
40414	2008	4.11875	80
40456	2008	3.5602409638554215	249
40458	2008	3.5331412103746396	347
40475	2008	3.310810810810811	37
40479	2008	3.730769230769231	26
40483	2008	3.627586206896552	145
40503	2008	3.357142857142857	14
40514	2008	3.010169491525424	295
40519	2008	3.0242424242424244	165
40521	2008	4.25	12
40523	2008	3.710526315789474	57
40526	2008	4.172413793103448	58
40530	2008	3.579710144927536	138
40539	2008	4.1066666666666665	75
40550	2008	4.0227272727272725	154
40562	2008	3.669642857142857	112
40570	2008	2.4321663019693656	457
40571	2008	3.3	100
40575	2008	3.689138576779026	267
40579	2008	3.891304347826087	23
40594	2008	3.8839285714285716	56
40597	2008	3.5445026178010473	191
40613	2008	4.1265822784810124	158
40618	2008	3.3155339805825244	103
40634	2008	3.59375	16
40637	2008	4.416666666666667	42
40649	2008	3.2827476038338657	313
40651	2008	3.668067226890756	119
40659	2008	3.8222222222222224	90
40664	2008	2.9060283687943262	282
40673	2008	4.197802197802198	182
40683	2008	4.425925925925926	27
40688	2008	3.1079545454545454	88
40699	2008	3.0280898876404496	89
40704	2008	3.900735294117647	136
40712	2008	3.533195020746888	241
40719	2008	4.1	5
40720	2008	4.257281553398058	103
40728	2008	3.25	130
40734	2008	3.45	50
40737	2008	3.8095238095238093	21
40743	2008	2.923076923076923	13
40751	2008	3.6791044776119404	67
40767	2008	4.125	4
40782	2008	3.6538461538461537	39
40790	2008	3.2743682310469313	277
40800	2008	3.1784386617100373	269
40826	2008	3.392512077294686	414
40827	2008	3.7777777777777777	9
40837	2008	3.36046511627907	129
40843	2008	3.237762237762238	143
40868	2008	3.7486033519553073	179
40875	2008	3.3410326086956523	736
40889	2008	3.159090909090909	88
40890	2008	2.9041533546325877	313
40895	2008	3.9830917874396135	207
40897	2008	3.5588235294117645	17
40906	2008	3.5689655172413794	29
40910	2008	4.080708661417323	254
40928	2008	3.7019704433497536	203
40930	2008	4.009345794392523	107
40936	2008	3.483739837398374	123
40944	2008	3.9339622641509435	53
40952	2008	3.6338028169014085	71
40955	2008	3.3132530120481927	83
40964	2008	3.521505376344086	93
40967	2008	3.6184210526315788	38
40971	2008	4.4375	24
40976	2008	3.141732283464567	127
40977	2008	4.410788381742739	241
40978	2008	3.8902439024390243	41
40988	2008	2.7532467532467533	231
41000	2008	3.9583333333333335	12
41007	2008	4.32258064516129	93
41016	2008	3.445	100
41038	2008	3.387323943661972	142
41044	2008	3.3556701030927836	194
41053	2008	2.9926470588235294	68
41058	2008	2.75	8
41078	2008	3.608695652173913	46
41084	2008	2.5	28
41085	2008	3.892857142857143	70
41103	2008	2.7906976744186047	43
41104	2008	3.5136986301369864	73
41109	2008	3.3493589743589745	156
41114	2008	3.5833333333333335	18
41124	2008	3.5285714285714285	175
41127	2008	3.0918367346938775	98
41130	2008	3.0472972972972974	148
41140	2008	3.4780701754385963	114
41143	2008	3.3848484848484848	165
41145	2008	3.8304597701149423	174
41154	2008	3.5774378585086044	523
41158	2008	3.953929539295393	369
41185	2008	3.8636363636363638	22
41201	2008	3.7544378698224854	169
41205	2008	3.948717948717949	78
41210	2008	4.0	33
41217	2008	4.317073170731708	41
41220	2008	2.772727272727273	110
41230	2008	3.90625	32
41243	2008	3.6538461538461537	26
41248	2008	3.535190615835777	341
41255	2008	4.346153846153846	13
41258	2008	2.75	82
41259	2008	4.038461538461538	104
41266	2008	3.5694444444444446	36
41289	2008	4.166666666666667	114
41295	2008	3.5172413793103448	116
41309	2008	3.6758241758241756	91
41314	2008	3.2857142857142856	56
41316	2008	3.0833333333333335	12
41343	2008	3.3095238095238093	21
41351	2008	3.1486486486486487	37
41352	2008	3.0625	24
41358	2008	2.6041666666666665	24
41370	2008	3.3512396694214877	121
41374	2008	4.091121495327103	214
41383	2008	3.543918918918919	148
41394	2008	3.803921568627451	51
41404	2008	3.923625254582485	491
41410	2008	4.0	72
41422	2008	4.173076923076923	234
41428	2008	2.6985915492957746	355
41429	2008	3.4805194805194803	77
41436	2008	3.0580645161290323	155
41443	2008	3.409090909090909	33
41455	2008	3.577405857740586	239
41473	2008	3.2023121387283235	173
41482	2008	3.5745967741935485	248
41499	2008	3.7430555555555554	72
41504	2008	2.727272727272727	22
41509	2008	4.085858585858586	99
41528	2008	3.475	60
41535	2008	3.111111111111111	72
41541	2008	2.755250403877221	619
41545	2008	3.994186046511628	86
41552	2008	3.857142857142857	49
41556	2008	4.144230769230769	104
41573	2008	4.444954128440367	218
41574	2008	3.4657142857142857	175
41586	2008	3.2	65
41603	2008	3.6875	24
41622	2008	4.071428571428571	28
41623	2008	4.051724137931035	29
41628	2008	4.0	53
41639	2008	3.225806451612903	62
41673	2008	4.0	128
41683	2008	3.4461538461538463	65
41689	2008	3.330357142857143	56
41705	2008	3.191588785046729	107
41710	2008	3.357142857142857	35
41726	2008	3.810810810810811	37
41727	2008	2.963019250253293	987
41731	2008	3.9813084112149535	107
41740	2008	3.9411764705882355	17
41741	2008	3.519607843137255	51
41746	2008	3.7483333333333335	300
41752	2008	3.6478260869565218	115
41762	2008	3.5112359550561796	89
41764	2008	4.101851851851852	54
41780	2008	3.640625	32
41785	2008	4.7407407407407405	27
41793	2008	4.033333333333333	75
41813	2008	3.606060606060606	99
41823	2008	3.702185792349727	183
41827	2008	3.1808510638297873	188
41838	2008	3.3	90
41839	2008	3.2434210526315788	76
41844	2008	2.8827037773359843	503
41850	2008	3.1332046332046333	259
41869	2008	4.056547619047619	168
41874	2008	3.125	24
41876	2008	4.260869565217392	23
41889	2008	3.86046511627907	86
41894	2008	3.5675675675675675	37
41911	2008	3.769662921348315	267
41927	2008	3.417539267015707	382
41932	2008	3.7794117647058822	102
41946	2008	4.666666666666667	3
41947	2008	3.879032258064516	62
41950	2008	3.8333333333333335	42
41951	2008	4.281818181818182	55
41956	2008	3.55	120
41957	2008	4.0661764705882355	68
41965	2008	3.0535714285714284	56
41966	2008	2.6142857142857143	35
41967	2008	3.1551724137931036	58
41976	2008	3.8085106382978724	47
41977	2008	3.7775800711743774	281
41988	2008	4.090163934426229	183
41991	2008	3.920289855072464	69
42001	2008	2.968152866242038	314
42032	2008	4.1	25
42036	2008	3.1951219512195124	41
42044	2008	4.305343511450381	131
42047	2008	3.5955555555555554	225
42053	2008	3.3412698412698414	63
42054	2008	3.201219512195122	82
42055	2008	3.6941747572815533	103
42059	2008	3.736842105263158	95
42085	2008	3.5	116
42090	2008	3.8	105
42104	2008	3.861111111111111	18
42112	2008	3.312874251497006	334
42130	2008	4.09	50
42137	2008	3.9482758620689653	29
42141	2008	3.8884297520661155	121
42148	2008	3.754295532646048	291
42164	2008	3.764705882352941	17
42165	2008	3.6180257510729614	233
42182	2008	4.095709570957096	303
42190	2008	2.977189781021898	548
42201	2008	3.5428571428571427	35
42216	2008	4.017341040462428	173
42219	2008	3.2142857142857144	7
42227	2008	4.25	84
42230	2008	4.0	5
42236	2008	3.6052631578947367	19
42237	2008	3.3034825870646767	201
42241	2008	3.6363636363636362	22
42243	2008	3.686991869918699	123
42247	2008	3.125	100
42258	2008	3.3901808785529717	387
42265	2008	3.7398373983739837	246
42276	2008	4.111731843575419	179
42282	2008	3.6744186046511627	43
42290	2008	3.25	8
42305	2008	2.7	90
42309	2008	3.532258064516129	31
42314	2008	3.9269230769230767	130
42321	2008	4.75	4
42325	2008	3.75	6
42333	2008	3.625	36
42343	2008	4.34375	32
42344	2008	3.8	45
42352	2008	3.4941176470588236	85
42356	2008	3.4166666666666665	24
42366	2008	3.1707317073170733	738
42390	2008	3.272727272727273	121
42409	2008	3.1458333333333335	144
42413	2008	3.4823529411764707	85
42418	2008	3.072946175637394	706
42428	2008	3.686046511627907	43
42442	2008	3.804054054054054	74
42447	2008	3.4935897435897436	78
42480	2008	3.6601307189542482	153
42491	2008	2.760869565217391	23
42502	2008	3.9622641509433962	53
42509	2008	3.431578947368421	95
42514	2008	4.086363636363636	110
42541	2008	4.06989247311828	93
42545	2008	3.4805194805194803	77
42546	2008	3.7989690721649483	97
42551	2008	3.5294117647058822	51
42553	2008	3.3780487804878048	41
42560	2008	3.8008849557522124	113
42567	2008	3.393970893970894	481
42585	2008	1.7887700534759359	187
42591	2008	3.6136363636363638	22
42594	2008	3.2446457990115323	607
42605	2008	3.5392156862745097	51
42613	2008	3.676056338028169	71
42617	2008	2.86	25
42620	2008	3.652173913043478	23
42628	2008	3.666288308740068	881
42648	2008	3.4654471544715446	246
42664	2008	4.024242424242424	165
42671	2008	3.365800865800866	462
42675	2008	3.21875	32
42678	2008	3.619047619047619	147
42702	2008	4.239130434782608	46
42707	2008	3.128787878787879	66
42716	2008	3.8125	192
42725	2008	3.63	50
42726	2008	3.3988095238095237	84
42730	2008	3.227272727272727	44
42742	2008	3.5606060606060606	33
42754	2008	4.5	12
42761	2008	3.3243478260869566	575
42766	2008	4.055555555555555	9
42767	2008	2.636842105263158	95
42773	2008	3.713235294117647	272
42777	2008	4.547058823529412	85
42781	2008	4.163461538461538	52
42789	2008	2.880952380952381	42
42793	2008	4.042168674698795	83
42802	2008	3.9072847682119205	151
42812	2008	3.7929936305732483	157
42817	2008	3.494047619047619	84
42823	2008	3.735294117647059	68
42824	2008	3.291411042944785	163
42835	2008	4.0	50
42854	2008	3.8727272727272726	55
42859	2008	3.9027777777777777	36
42863	2008	3.546666666666667	75
42868	2008	3.98	50
42876	2008	3.9035087719298245	114
42884	2008	3.4238505747126435	348
42894	2008	4.110294117647059	68
42898	2008	3.8181818181818183	77
42918	2008	3.4166666666666665	66
42930	2008	4.347058823529411	170
42936	2008	3.380952380952381	21
42966	2008	3.8275862068965516	348
42974	2008	3.69811320754717	159
42979	2008	2.6875	24
42987	2008	3.2994505494505493	182
42992	2008	3.5202020202020203	99
42997	2008	3.1804123711340204	97
43004	2008	3.361111111111111	18
43006	2008	3.775	40
43016	2008	3.8684210526315788	19
43017	2008	2.76271186440678	236
43021	2008	3.9358974358974357	39
43022	2008	3.3333333333333335	21
43039	2008	2.4149577804583835	829
43048	2008	3.7801204819277108	166
43059	2008	3.995121951219512	205
43066	2008	3.88125	80
43071	2008	3.6041666666666665	72
43094	2008	3.765682656826568	271
43102	2008	4.46969696969697	33
43105	2008	3.574074074074074	54
43109	2008	3.820388349514563	103
43113	2008	2.7777777777777777	18
43127	2008	3.7045454545454546	66
43134	2008	3.138888888888889	180
43145	2008	3.5954545454545452	110
43155	2008	3.4285714285714284	56
43169	2008	3.7142857142857144	84
43174	2008	3.511764705882353	85
43190	2008	4.057377049180328	61
43194	2008	3.1346153846153846	26
43199	2008	2.8715277777777777	144
43200	2008	3.4820143884892087	417
43208	2008	3.7739726027397262	73
43213	2008	3.769230769230769	39
43215	2008	4.109756097560975	41
43228	2008	4.136904761904762	84
43232	2008	3.709039548022599	177
43238	2008	3.075	40
43242	2008	3.86734693877551	196
43257	2008	3.1064814814814814	108
43265	2008	3.4568345323741005	139
43270	2008	4.386363636363637	66
43276	2008	4.375	64
43281	2008	3.588235294117647	34
43283	2008	3.185185185185185	27
43292	2008	3.2474402730375425	293
43297	2008	3.0883620689655173	232
43343	2008	4.53030303030303	33
43349	2008	3.643939393939394	66
43350	2008	3.763157894736842	38
43354	2008	3.35	110
43356	2008	3.6973684210526314	38
43361	2008	1.546875	64
43377	2008	4.268518518518518	54
43382	2008	3.869047619047619	42
43391	2008	3.8194444444444446	36
43397	2008	3.9204545454545454	88
43404	2008	4.0703125	64
43414	2008	3.22987012987013	385
43415	2008	3.168711656441718	163
43430	2008	3.9833333333333334	30
43441	2008	3.91025641025641	39
43444	2008	3.2857142857142856	21
43450	2008	3.9545454545454546	33
43454	2008	3.7568965517241377	870
43470	2008	2.9134615384615383	52
43484	2008	3.8550724637681157	69
43491	2008	3.138888888888889	36
43509	2008	3.2142857142857144	70
43510	2008	3.872340425531915	47
43527	2008	3.55	30
43537	2008	3.731707317073171	41
43548	2008	3.610091743119266	109
43554	2008	4.061290322580645	155
43558	2008	3.835714285714286	70
43574	2008	3.7	5
43587	2008	3.921768707482993	294
43592	2008	3.6868131868131866	182
43604	2008	4.171497584541063	414
43614	2008	3.547169811320755	53
43622	2008	3.2045454545454546	22
43624	2008	3.6422018348623855	218
43635	2008	3.8518518518518516	27
43640	2008	4.36734693877551	49
43644	2008	4.071428571428571	21
43669	2008	3.8904761904761904	105
43679	2008	3.6266666666666665	225
43699	2008	3.540983606557377	61
43701	2008	3.7746478873239435	71
43702	2008	3.1818181818181817	22
43706	2008	3.5185185185185186	27
43714	2008	3.6904761904761907	21
43719	2008	3.914772727272727	88
43724	2008	3.343137254901961	51
43736	2008	3.9343434343434343	99
43743	2008	3.354285714285714	175
43757	2008	4.063291139240507	79
43765	2008	4.141666666666667	120
43779	2008	3.2916666666666665	72
43797	2008	3.980916030534351	131
43804	2008	3.6179775280898876	356
43807	2008	3.8492063492063493	126
43819	2008	3.4523809523809526	21
43824	2008	4.0	4
43830	2008	2.367021276595745	94
43841	2008	3.8333333333333335	51
43867	2008	3.8625	40
43883	2008	3.66	50
43889	2008	3.5555555555555554	45
43908	2008	3.8596491228070176	57
43915	2008	3.8425925925925926	54
43920	2008	3.776595744680851	47
43945	2008	3.5355704697986576	745
43950	2008	3.42	25
43973	2008	3.7857142857142856	21
43984	2008	3.4705882352941178	17
43985	2008	2.8934426229508197	61
43994	2008	2.616883116883117	77
44000	2008	4.096153846153846	78
44011	2008	3.5483870967741935	31
44023	2008	3.8035714285714284	168
44038	2008	3.0756302521008405	119
44045	2008	3.477272727272727	22
44072	2008	3.2911392405063293	79
44076	2008	3.818840579710145	69
44090	2008	3.564432989690722	194
44100	2008	3.64	75
44104	2008	3.34765625	128
44111	2008	3.4285714285714284	609
44117	2008	3.8526315789473684	95
44129	2008	3.0185185185185186	27
44130	2008	4.212962962962963	162
44133	2008	3.5906976744186045	215
44142	2008	3.7708333333333335	288
44206	2008	3.717948717948718	78
44221	2008	3.9537037037037037	54
44235	2008	3.5873015873015874	126
44251	2008	3.4441340782122905	179
44265	2008	2.9315352697095434	241
44287	2008	3.911764705882353	85
44289	2008	3.0602409638554215	83
44294	2008	3.2222222222222223	90
44297	2008	3.21875	16
44298	2008	3.3173076923076925	364
44309	2008	3.3684210526315788	57
44312	2008	3.7167832167832167	143
44319	2008	3.3333333333333335	30
44332	2008	3.9055299539170507	217
44335	2008	4.230769230769231	13
44351	2008	2.9469026548672566	226
44360	2008	3.3654822335025383	197
44361	2008	4.175925925925926	54
44373	2008	4.109589041095891	73
44388	2008	3.7432432432432434	37
44394	2008	3.509493670886076	158
44404	2008	3.7704918032786887	122
44413	2008	4.680473372781065	338
44431	2008	4.2324414715719065	299
44436	2008	3.6463414634146343	41
44446	2008	3.676706827309237	249
44451	2008	4.102564102564102	39
44459	2008	3.375	28
44484	2008	3.1578947368421053	190
44485	2008	3.2777777777777777	27
44495	2008	4.109243697478991	119
44500	2008	3.59	50
44505	2008	4.220588235294118	34
44513	2008	4.211538461538462	26
44528	2008	3.62	75
44529	2008	3.880952380952381	21
44545	2008	4.416666666666667	6
44548	2008	3.372262773722628	411
44555	2008	3.2864077669902914	103
44556	2008	3.7777777777777777	288
44567	2008	3.2869565217391306	115
44568	2008	3.56140350877193	57
44581	2008	3.8875	80
44585	2008	3.4108527131782944	258
44592	2008	3.7066666666666666	75
44603	2008	4.01875	160
44611	2008	2.8920454545454546	88
44620	2008	3.845679012345679	81
44626	2008	3.2540983606557377	122
44631	2008	3.427860696517413	201
44639	2008	3.916923076923077	325
44643	2008	3.343283582089552	67
44644	2008	3.349802371541502	253
44659	2008	3.878640776699029	103
44669	2008	2.8766233766233764	77
44679	2008	3.9210526315789473	57
44709	2008	3.727272727272727	319
44722	2008	4.0576923076923075	52
44729	2008	3.4523809523809526	126
44730	2008	3.3095238095238093	105
44734	2008	4.0	69
44744	2008	3.159090909090909	22
44752	2008	3.829896907216495	97
44757	2008	4.375	4
44767	2008	2.9662162162162162	74
44783	2008	3.8	150
44786	2008	2.773006134969325	163
44797	2008	3.728476821192053	151
44805	2008	4.055555555555555	45
44814	2008	3.04	25
44820	2008	3.744186046511628	43
44854	2008	4.083333333333333	30
44859	2008	3.6704545454545454	44
44868	2008	3.7252747252747254	91
44875	2008	3.7142857142857144	28
44909	2008	3.8266129032258065	124
44912	2008	3.4444444444444446	117
44916	2008	3.638888888888889	36
44933	2008	4.184466019417476	103
44947	2008	3.6463414634146343	82
44956	2008	2.933333333333333	30
44986	2008	3.216	125
44993	2008	2.78125	48
44994	2008	3.4278846153846154	624
45006	2008	3.8636363636363638	33
45012	2008	3.238095238095238	21
45025	2008	3.4065420560747666	107
45027	2008	3.2733333333333334	75
45034	2008	3.6315789473684212	57
45038	2008	4.237373737373737	99
45049	2008	4.232142857142857	56
45050	2008	3.4507299270072993	274
45070	2008	3.105769230769231	52
45092	2008	3.761904761904762	147
45107	2008	4.533333333333333	60
45120	2008	3.6466165413533833	133
45129	2008	3.8625	40
45130	2008	4.093117408906883	247
45142	2008	3.525	40
45160	2008	3.9263392857142856	224
45164	2008	4.523809523809524	21
45173	2008	3.142512077294686	207
45182	2008	4.3	85
45187	2008	3.4285714285714284	7
45197	2008	3.93717277486911	191
45202	2008	3.142857142857143	42
45220	2008	3.75	6
45236	2008	4.136363636363637	11
45248	2008	3.9310344827586206	116
45277	2008	3.911764705882353	17
45286	2008	3.4305555555555554	36
45308	2008	4.382352941176471	51
45315	2008	4.083333333333333	108
45319	2008	3.6954545454545453	110
45323	2008	3.799163179916318	239
45327	2008	3.8333333333333335	15
45328	2008	3.67	50
45340	2008	3.1923076923076925	208
45345	2008	4.357142857142857	7
45347	2008	3.9344422700587085	511
45363	2008	3.45	100
45375	2008	3.4702970297029703	101
45397	2008	3.5510204081632653	49
45410	2008	3.852112676056338	71
45430	2008	3.3184306569343067	548
45434	2008	3.7738095238095237	42
45451	2008	4.166666666666667	12
45468	2008	3.9864864864864864	37
45478	2008	3.7788461538461537	52
45482	2008	3.3533333333333335	75
45484	2008	3.6865671641791047	335
45494	2008	4.019230769230769	52
45513	2008	3.4126984126984126	126
45518	2008	3.800699300699301	143
45523	2008	3.84375	32
45538	2008	3.3365384615384617	52
45546	2008	4.068181818181818	110
45550	2008	4.009615384615385	104
45559	2008	3.28	25
45561	2008	3.4221556886227544	167
45574	2008	3.183673469387755	49
45584	2008	3.375	36
45594	2008	2.545045045045045	111
45595	2008	2.8870967741935485	31
45602	2008	3.760869565217391	23
45608	2008	2.0208333333333335	24
45643	2008	4.271844660194175	206
45649	2008	2.9489795918367347	49
45651	2008	3.789473684210526	38
45652	2008	3.35	10
45653	2008	3.8472222222222223	36
45657	2008	2.8214285714285716	28
45664	2008	3.6596774193548387	310
45677	2008	3.902173913043478	46
45681	2008	3.142857142857143	42
45685	2008	2.7285714285714286	35
45686	2008	3.75	80
45697	2008	4.080645161290323	124
45702	2008	3.5714285714285716	28
45713	2008	3.4390243902439024	123
45714	2008	2.921985815602837	141
45727	2008	4.344827586206897	29
45739	2008	3.5	60
45744	2008	3.2954545454545454	22
45758	2008	3.408450704225352	71
45772	2008	3.202054794520548	146
45784	2008	3.7037037037037037	27
45819	2008	3.359375	32
45838	2008	3.1363636363636362	22
45853	2008	3.8666666666666667	30
45859	2008	3.2666666666666666	45
45885	2008	4.118351063829787	376
45902	2008	3.1739130434782608	23
45906	2008	3.2444444444444445	45
45909	2008	3.3922651933701657	181
45911	2008	2.80625	320
45930	2008	3.3444444444444446	90
45941	2008	2.7142857142857144	21
45944	2008	3.138888888888889	18
45945	2008	2.978494623655914	93
45956	2008	4.038461538461538	26
45964	2008	3.282442748091603	131
45979	2008	3.5609756097560976	41
45991	2008	4.024390243902439	41
45992	2008	3.7	145
46002	2008	3.814814814814815	27
46020	2008	4.157894736842105	19
46021	2008	4.282608695652174	23
46030	2008	3.7547169811320753	424
46033	2008	3.7790697674418605	43
46040	2008	3.1363636363636362	462
46043	2008	4.469178082191781	292
46048	2008	3.5789473684210527	57
46054	2008	2.3282828282828283	99
46059	2008	1.60803324099723	361
46060	2008	3.5419847328244276	131
46068	2008	2.446236559139785	93
46071	2008	2.107843137254902	51
46077	2008	2.95	30
46080	2008	4.0	2
46085	2008	3.539772727272727	88
46088	2008	3.5416666666666665	24
46103	2008	3.8095238095238093	21
46111	2008	3.722943722943723	231
46135	2008	2.707692307692308	65
46142	2008	3.5964912280701755	171
46147	2008	3.467391304347826	46
46148	2008	4.127272727272727	55
46162	2008	4.319444444444445	72
46175	2008	3.764705882352941	17
46181	2008	3.4587628865979383	194
46185	2008	3.0961538461538463	26
46186	2008	4.293577981651376	218
46187	2008	4.5060975609756095	82
46196	2008	3.793103448275862	58
46200	2008	4.131669535283993	581
31517	2008	3.1	30
32035	2008	2.8933333333333335	75
32406	2008	3.4	15
32612	2008	4.055555555555555	9
32985	2008	3.6881720430107525	93
33238	2008	4.0	6
33243	2008	2.4615384615384617	39
33729	2008	3.676470588235294	17
34196	2008	3.6875	8
34448	2008	2.6785714285714284	14
34750	2008	4.666666666666667	3
36031	2008	4.25	2
37934	2008	3.191588785046729	107
38115	2008	3.8	20
38410	2008	2.1	10
39261	2008	3.9375	16
39951	2008	4.0	7
41066	2008	3.6842105263157894	19
41481	2008	3.0416666666666665	12
41755	2008	4.333333333333333	9
42223	2008	3.25	8
42445	2008	2.3333333333333335	6
42723	2008	3.426470588235294	136
42787	2008	4.423076923076923	13
43108	2008	4.5	3
43948	2008	2.826530612244898	49
43992	2008	3.267605633802817	213
44352	2008	3.825	20
44647	2008	3.740740740740741	27
44706	2008	3.5	3
32357	2008	4.75	2
33558	2008	4.333333333333333	3
33846	2008	4.125	4
33991	2008	3.5	6
36611	2008	3.7777777777777777	9
36870	2008	3.8333333333333335	3
38881	2008	3.588235294117647	17
40146	2008	3.7916666666666665	12
40676	2008	3.6555555555555554	45
41027	2008	3.861111111111111	18
41178	2008	3.5277777777777777	18
43317	2008	3.85	10
43515	2008	3.1315789473684212	57
43731	2008	4.833333333333333	6
44968	2008	3.35	10
45443	2008	3.107142857142857	14
31786	2008	4.25	2
33617	2008	4.75	2
33957	2008	5.0	2
34058	2008	3.8846153846153846	13
34666	2008	3.875	4
34765	2008	5.0	1
34956	2008	3.375	12
35016	2008	4.2	5
35370	2008	3.8125	24
35461	2008	3.142857142857143	28
35530	2008	4.5	1
35671	2008	4.071428571428571	7
36292	2008	4.282608695652174	23
36294	2008	4.25	2
36367	2008	4.125	4
36518	2008	4.361111111111111	18
38021	2008	3.75	2
38801	2008	2.5806451612903225	31
38818	2008	3.4375	16
38927	2008	3.5	11
39290	2008	1.5	2
40290	2008	4.5	2
40319	2008	3.69	50
40421	2008	4.136363636363637	11
40872	2008	2.75	2
41036	2008	3.75	2
43015	2008	4.294117647058823	17
43104	2008	4.6	5
43791	2008	2.9285714285714284	7
44649	2008	4.0	4
44690	2008	3.4285714285714284	7
45290	2008	3.3333333333333335	3
45894	2008	3.8333333333333335	3
46081	2008	4.041666666666667	12
32138	2008	4.0	1
33528	2008	4.75	2
35423	2008	4.5	1
35518	2008	4.5	3
35600	2008	3.25	2
36439	2008	5.0	1
36743	2008	3.5	9
37025	2008	3.2	10
39488	2008	3.5	1
40497	2008	1.25	2
41325	2008	3.75	2
43944	2008	4.5	2
44959	2008	4.625	4
45749	2008	4.5	2
46069	2008	4.416666666666667	6