46225	2008	3.570261437908497	306
46232	2008	3.9193548387096775	31
46247	2008	4.0476190476190474	21
46253	2008	3.857142857142857	21
46257	2008	4.875	4
46262	2008	4.795588235294118	340
46272	2008	3.4240506329113924	237
46300	2008	4.5	8
46302	2008	3.9357798165137616	109
46319	2008	3.7738095238095237	84
46320	2008	2.9775280898876404	89
46327	2008	3.6318327974276525	311
46333	2008	3.157142857142857	35
46340	2008	4.074074074074074	243
46344	2008	3.9761904761904763	21
46369	2008	4.265151515151516	198
46395	2008	3.3086956521739133	115
46419	2008	3.19	100
46424	2008	4.2272727272727275	11
46438	2008	3.599264705882353	136
46442	2008	3.772727272727273	99
46450	2008	3.5152439024390243	164
46464	2008	3.546875	32
46470	2008	3.5572916666666665	96
46482	2008	4.26984126984127	63
46498	2008	3.5	63
46502	2008	3.485294117647059	34
46510	2008	3.0997536945812807	406
46516	2008	3.6953642384105962	302
46523	2008	3.776595744680851	188
46526	2008	3.6544117647058822	68
46532	2008	3.6496815286624202	157
46536	2008	3.38510101010101	396
46564	2008	4.260330578512397	121
46603	2008	3.889705882352941	68
46624	2008	3.507936507936508	63
46634	2008	2.130434782608696	23
46641	2008	3.6754032258064515	248
46646	2008	3.142857142857143	7
46656	2008	3.56198347107438	121
46658	2008	3.131666666666667	600
46667	2008	3.183333333333333	30
46672	2008	3.53525641025641	156
46684	2008	4.593023255813954	258
46692	2008	3.268041237113402	97
46695	2008	3.093220338983051	118
46696	2008	3.8125	152
46716	2008	3.077142857142857	700
46726	2008	4.367924528301887	53
46734	2008	2.9523809523809526	21
46738	2008	3.7777777777777777	54
46756	2008	4.241379310344827	29
46771	2008	4.0	2
46772	2008	3.191358024691358	81
46804	2008	3.4565217391304346	92
46824	2008	4.145833333333333	24
46836	2008	3.9692307692307693	455
46844	2008	3.1041666666666665	24
46852	2008	3.763888888888889	36
46858	2008	3.2313432835820897	201
46869	2008	3.623076923076923	65
46877	2008	3.050632911392405	237
46882	2008	3.847826086956522	46
46887	2008	4.045454545454546	66
46890	2008	3.5641025641025643	78
46892	2008	3.8107142857142855	140
46899	2008	4.484496124031008	258
46904	2008	3.7777777777777777	27
46925	2008	3.8846153846153846	13
46941	2008	3.1666666666666665	21
46947	2008	3.7613636363636362	396
46954	2008	3.4554455445544554	707
46958	2008	4.089928057553957	139
46964	2008	3.9921875	64
46965	2008	3.6936170212765957	235
46975	2008	3.3658536585365852	82
46979	2008	3.5344827586206895	29
46998	2008	3.673076923076923	52
47002	2008	3.6339285714285716	56
47009	2008	3.7037037037037037	27
47018	2008	3.4025	200
47046	2008	3.246268656716418	67
47065	2008	3.142857142857143	161
47086	2008	3.706896551724138	29
47094	2008	4.594827586206897	116
47119	2008	2.890374331550802	374
47122	2008	3.569620253164557	316
47127	2008	3.2037037037037037	27
47146	2008	3.230769230769231	39
47159	2008	3.5864197530864197	81
47162	2008	3.021472392638037	163
47166	2008	3.5306748466257667	163
47181	2008	3.875	24
47197	2008	3.286324786324786	117
47210	2008	3.5	79
47213	2008	2.421511627906977	172
47216	2008	3.4471153846153846	104
47231	2008	3.5416666666666665	192
47234	2008	3.6379310344827585	116
47242	2008	3.3846153846153846	117
47249	2008	3.217305151915456	757
47258	2008	3.5760869565217392	46
47262	2008	4.388888888888889	126
47268	2008	3.9298245614035086	171
47282	2008	3.5238095238095237	21
47288	2008	3.904109589041096	146
47291	2008	1.8275862068965518	29
47303	2008	3.1739130434782608	46
47310	2008	3.5277777777777777	36
47320	2008	3.891025641025641	156
47334	2008	3.28099173553719	121
47356	2008	4.15625	48
47364	2008	3.9825581395348837	86
47368	2008	3.3587570621468927	177
47399	2008	3.5256410256410255	39
47402	2008	3.20625	80
47408	2008	3.3244897959183675	245
47433	2008	3.1357142857142857	70
47438	2008	3.9134615384615383	52
47439	2008	3.9537037037037037	54
47448	2008	3.2968036529680367	219
47456	2008	2.9035314384151594	1161
47469	2008	3.846330275229358	218
47488	2008	2.8896321070234112	299
47504	2008	3.723684210526316	38
47513	2008	3.6666666666666665	9
47527	2008	3.5635838150289016	173
47533	2008	3.462962962962963	135
47538	2008	3.2777777777777777	63
47548	2008	3.733433734939759	332
47562	2008	3.5894736842105264	380
47569	2008	3.302013422818792	149
47577	2008	3.810344827586207	29
47583	2008	4.173611111111111	72
47592	2008	3.973684210526316	38
47603	2008	3.6911764705882355	34
47613	2008	3.565	1500
47615	2008	3.478787878787879	165
47625	2008	3.5833333333333335	78
47636	2008	3.4	25
47644	2008	3.2403846153846154	52
47658	2008	2.996732026143791	306
47677	2008	4.107142857142857	14
47686	2008	3.91	50
47694	2008	3.1805555555555554	36
47702	2008	3.388888888888889	81
47705	2008	3.6211031175059953	417
47708	2008	3.257142857142857	35
47712	2008	3.0454545454545454	22
47719	2008	3.7844827586206895	58
47736	2008	3.4130434782608696	46
47747	2008	3.9081632653061225	49
47754	2008	3.6538461538461537	26
47760	2008	4.018518518518518	27
47761	2008	3.486842105263158	38
47781	2008	3.7291666666666665	24
47788	2008	3.911764705882353	68
47795	2008	3.4950248756218905	201
47801	2008	2.840909090909091	44
47805	2008	4.282608695652174	23
47808	2008	3.2588495575221237	226
47814	2008	3.625	24
47834	2008	3.8	35
47843	2008	3.943820224719101	89
47848	2008	3.8976377952755907	127
47855	2008	3.4615384615384617	26
47860	2008	3.769230769230769	52
47872	2008	4.522935779816514	109
47884	2008	3.687984496124031	258
47890	2008	4.198961937716263	289
47900	2008	3.841530054644809	183
47929	2008	3.3055555555555554	54
47944	2008	2.2948717948717947	39
47977	2008	3.8363636363636364	55
47995	2008	3.817948717948718	195
48000	2008	3.306701030927835	194
48006	2008	3.206896551724138	58
48011	2008	3.9086538461538463	104
48015	2008	3.413793103448276	145
48032	2008	3.0	135
48038	2008	4.48	25
48043	2008	4.458333333333333	24
48047	2008	3.689655172413793	29
48053	2008	3.576923076923077	39
48071	2008	3.375221238938053	565
48076	2008	3.5617283950617282	81
48080	2008	3.582366589327146	431
48086	2008	3.5729166666666665	48
48097	2008	3.4411764705882355	34
48101	2008	3.8170212765957445	235
48102	2008	3.711453744493392	227
48106	2008	3.43859649122807	171
48127	2008	3.158690176322418	397
48128	2008	3.8920454545454546	176
48132	2008	3.9770114942528734	87
48136	2008	3.9642857142857144	210
48146	2008	0.5	31
48159	2008	3.9113475177304964	141
48163	2008	4.048484848484849	165
48172	2008	3.5555555555555554	27
48178	2008	3.2532894736842106	152
48192	2008	4.477941176470588	68
48207	2008	4.192857142857143	70
48217	2008	3.9680851063829787	47
48256	2008	3.4038461538461537	26
48258	2008	3.453658536585366	205
48269	2008	3.4805194805194803	154
48280	2008	2.6904761904761907	21
48283	2008	3.93125	80
48290	2008	2.943298969072165	97
48316	2008	3.230769230769231	221
48326	2008	3.2888198757763973	161
48331	2008	2.5757575757575757	33
48337	2008	3.6700507614213196	197
48344	2008	3.9743589743589745	39
48359	2008	3.542929292929293	198
48370	2008	3.7071428571428573	70
48371	2008	3.8434959349593494	246
48375	2008	4.214285714285714	84
48382	2008	3.642857142857143	21
48389	2008	3.865079365079365	63
48402	2008	3.672727272727273	55
48406	2008	4.102739726027397	73
48417	2008	3.8057142857142856	350
48428	2008	3.7419354838709675	31
48433	2008	3.381443298969072	97
48447	2008	4.115044247787611	113
48452	2008	3.6850746268656716	335
48456	2008	4.463636363636364	55
48467	2008	3.8260869565217392	184
48506	2008	3.340466926070039	257
48513	2008	3.888392857142857	112
48524	2008	3.1440677966101696	177
48530	2008	3.1603053435114505	262
48534	2008	4.260526315789473	190
48540	2008	4.3142292490118574	253
48544	2008	3.652173913043478	69
48559	2008	3.2142857142857144	35
48591	2008	3.960526315789474	76
48596	2008	3.575	60
48620	2008	3.4029850746268657	201
48630	2008	3.84	25
48637	2008	3.6559633027522938	109
48645	2008	4.333333333333333	36
48657	2008	3.086183310533516	1462
48672	2008	3.1315789473684212	57
48675	2008	3.2	40
48684	2008	3.890909090909091	55
48705	2008	3.5555555555555554	27
48707	2008	4.071428571428571	28
48717	2008	2.03690036900369	271
48732	2008	3.4694444444444446	360
48740	2008	3.888111888111888	143
48748	2008	4.034883720930233	43
48753	2008	3.756048387096774	248
48759	2008	3.6444444444444444	45
48763	2008	2.75	4
48767	2008	3.6818181818181817	11
48786	2008	3.408695652173913	115
48802	2008	3.4791666666666665	72
48811	2008	3.3684210526315788	152
48815	2008	3.5	42
48821	2008	2.782608695652174	92
48822	2008	3.913793103448276	29
48838	2008	3.844	125
48844	2008	4.313559322033898	59
48854	2008	3.2023809523809526	42
48857	2008	3.7394957983193278	119
48870	2008	3.1222222222222222	45
48904	2008	4.345794392523365	107
48911	2008	4.254385964912281	57
48919	2008	3.55	80
48928	2008	3.8846153846153846	13
48944	2008	3.7560975609756095	82
48963	2008	3.606326889279438	569
48982	2008	3.693548387096774	31
48988	2008	3.12	25
49010	2008	3.489051094890511	137
49017	2008	4.333333333333333	15
49019	2008	3.54	100
49021	2008	3.3962264150943398	53
49035	2008	3.810185185185185	108
49042	2008	3.584848484848485	165
49058	2008	4.369565217391305	46
49062	2008	2.66	25
49087	2008	3.6875	64
49102	2008	4.065972222222222	144
49108	2008	3.232142857142857	28
49109	2008	3.7794117647058822	34
49119	2008	4.122950819672131	61
49125	2008	3.8333333333333335	21
49134	2008	3.800699300699301	143
49138	2008	3.243794326241135	564
49140	2008	4.2439024390243905	82
49144	2008	3.9522613065326633	199
49166	2008	3.75	126
49172	2008	3.6372549019607843	51
49178	2008	2.88	25
49186	2008	3.963768115942029	69
49212	2008	3.457482993197279	294
49213	2008	4.0625	16
49232	2008	3.1408045977011496	174
49244	2008	3.051282051282051	78
49253	2008	3.6838235294117645	68
49265	2008	3.392857142857143	14
49266	2008	3.8933333333333335	75
49275	2008	3.789473684210526	76
49282	2008	3.0755813953488373	172
49294	2008	3.142369020501139	439
49304	2008	3.6666666666666665	30
49328	2008	4.333333333333333	129
49334	2008	3.730769230769231	52
49341	2008	3.357142857142857	161
49347	2008	3.5	10
49348	2008	2.1904761904761907	21
49365	2008	3.8470149253731343	134
49373	2008	3.0019083969465647	262
49385	2008	4.083333333333333	24
49411	2008	3.209375	160
49418	2008	3.769230769230769	26
49443	2008	3.730769230769231	26
49448	2008	3.54040404040404	198
49470	2008	3.3125	8
49475	2008	2.14	25
49496	2008	3.648936170212766	47
49501	2008	4.5285714285714285	35
49512	2008	3.5483870967741935	155
49527	2008	3.5428571428571427	105
49565	2008	3.1840277777777777	144
49568	2008	3.958955223880597	134
49573	2008	3.25	24
49582	2008	2.633587786259542	131
49583	2008	1.8636363636363635	22
49592	2008	3.1153846153846154	39
49593	2008	3.9086538461538463	104
49607	2008	3.2602996254681647	267
49617	2008	3.724089635854342	357
49627	2008	3.580952380952381	105
49636	2008	3.798991354466859	694
49649	2008	3.3287037037037037	216
49653	2008	3.4365079365079363	63
49660	2008	3.731707317073171	41
49670	2008	3.6979166666666665	48
49679	2008	3.623728813559322	590
49685	2008	4.133333333333334	60
49696	2008	4.546052631578948	76
49710	2008	4.094936708860759	79
49718	2008	3.99185667752443	307
49745	2008	3.8181818181818183	22
49749	2008	3.7846153846153845	65
49754	2008	3.9583333333333335	96
49759	2008	3.6179775280898876	89
49763	2008	3.738888888888889	90
49765	2008	3.9653465346534653	202
49783	2008	3.1666666666666665	24
49800	2008	3.4906832298136647	161
49804	2008	3.5269461077844313	167
49807	2008	4.104651162790698	43
49818	2008	3.7285714285714286	35
49822	2008	4.135416666666667	48
49838	2008	3.822834645669291	127
49843	2008	4.072916666666667	48
49856	2008	4.21875	32
49873	2008	3.7755102040816326	49
49889	2008	3.93	50
49901	2008	3.1785714285714284	126
49908	2008	3.021276595744681	47
49912	2008	3.3947368421052633	38
49913	2008	4.018924302788845	502
49936	2008	3.4204545454545454	88
49955	2008	3.7819010416666665	768
49963	2008	3.69	50
49964	2008	4.112	125
49973	2008	4.243589743589744	78
49979	2008	3.365	100
49980	2008	3.5208333333333335	96
49984	2008	3.57487922705314	207
49993	2008	3.69811320754717	106
49996	2008	4.1	10
49999	2008	3.7875	80
50005	2008	4.229411764705882	85
50010	2008	4.0936254980079685	251
50023	2008	3.5232558139534884	86
50035	2008	3.268867924528302	106
50041	2008	3.7037037037037037	27
50043	2008	3.6966145833333335	384
50064	2008	3.558333333333333	60
50068	2008	2.9210526315789473	19
50073	2008	3.4	25
50078	2008	2.3294117647058825	85
50085	2008	4.370967741935484	31
50109	2008	3.5441176470588234	102
50126	2008	4.0094936708860756	158
50132	2008	4.0	68
50139	2008	3.592063492063492	315
50142	2008	3.611111111111111	27
50145	2008	3.396103896103896	77
50150	2008	3.4794520547945207	365
50160	2008	3.272727272727273	11
50163	2008	3.802721088435374	147
50167	2008	3.6363636363636362	11
50168	2008	4.293103448275862	29
50176	2008	3.5232558139534884	43
50181	2008	3.4365079365079363	63
50224	2008	3.425	140
50227	2008	4.003584229390681	279
50234	2008	2.9404388714733543	319
50235	2008	3.0547445255474455	137
50242	2008	3.8656716417910446	335
50244	2008	3.861111111111111	144
50253	2008	2.6153846153846154	26
50258	2008	3.8783783783783785	74
50259	2008	4.022900763358779	131
50265	2008	3.21	50
50270	2008	3.8489583333333335	96
50274	2008	2.738095238095238	21
50279	2008	3.78	25
50283	2008	4.075700934579439	535
50295	2008	3.846341463414634	205
50304	2008	3.6666666666666665	258
50311	2008	4.340909090909091	22
50314	2008	3.5277777777777777	36
50347	2008	3.802325581395349	129
50361	2008	4.115384615384615	78
50365	2008	3.0977272727272727	220
50377	2008	3.6392405063291138	79
50381	2008	3.0	24
50383	2008	4.130434782608695	46
50390	2008	3.6379310344827585	58
50392	2008	3.6325301204819276	83
50402	2008	3.680327868852459	122
50409	2008	4.021739130434782	23
50413	2008	3.9558823529411766	68
50418	2008	4.275	60
50427	2008	3.7083333333333335	84
50439	2008	2.9583333333333335	24
50444	2008	3.2857142857142856	21
50452	2008	3.666290868094701	887
50464	2008	3.740740740740741	27
50465	2008	4.006024096385542	83
50480	2008	3.9909090909090907	55
50500	2008	3.4615384615384617	52
50511	2008	4.26	25
50524	2008	3.6904761904761907	231
50573	2008	4.21875	96
50578	2008	3.327956989247312	93
50589	2008	3.515151515151515	33
50599	2008	3.9871794871794872	39
50604	2008	4.1268115942028984	138
50606	2008	3.372047244094488	508
50617	2008	3.5538461538461537	65
50659	2008	4.021551724137931	116
50661	2008	3.6666666666666665	252
50673	2008	3.9339622641509435	53
50682	2008	3.8644444444444446	225
50696	2008	3.405940594059406	101
50708	2008	3.7466666666666666	150
50709	2008	3.9764150943396226	106
50727	2008	2.25	30
50733	2008	3.3580246913580245	486
50751	2008	4.043689320388349	103
50775	2008	3.9310344827586206	29
50776	2008	3.758771929824561	114
50783	2008	3.75	10
50794	2008	3.8710691823899372	159
50795	2008	3.835689045936396	283
50798	2008	3.0232558139534884	43
50818	2008	4.212962962962963	54
50821	2008	4.103921568627451	255
50826	2008	3.9098837209302326	172
50840	2008	4.030944625407166	307
50845	2008	2.8536585365853657	123
50846	2008	3.2322515212981746	493
50850	2008	4.066666666666666	15
50857	2008	3.782051282051282	39
50889	2008	3.6940298507462686	67
50897	2008	3.452830188679245	53
50901	2008	3.0899470899470898	189
50903	2008	3.6416666666666666	180
50907	2008	4.0242130750605325	413
50913	2008	3.9036144578313254	83
50921	2008	3.9555555555555557	225
50939	2008	3.466666666666667	15
50955	2008	3.759259259259259	27
50957	2008	2.574468085106383	47
50970	2008	3.4285714285714284	21
50992	2008	3.375	36
50995	2008	3.625	48
51006	2008	2.80327868852459	61
51021	2008	3.7	180
51025	2008	3.486111111111111	36
51033	2008	3.7043478260869565	115
51039	2008	3.608695652173913	23
51040	2008	3.7586206896551726	29
51045	2008	3.680327868852459	61
51054	2008	3.6954887218045114	266
51057	2008	2.910891089108911	101
51066	2008	3.244186046511628	43
51070	2008	3.7375	40
51075	2008	2.642857142857143	21
51086	2008	3.735294117647059	51
51092	2008	3.3333333333333335	87
51094	2008	3.363970588235294	136
51099	2008	3.79320987654321	162
51106	2008	3.8071065989847717	197
51119	2008	3.409090909090909	55
51162	2008	3.3617021276595747	47
51163	2008	3.603448275862069	29
51167	2008	4.5625	8
51168	2008	3.921259842519685	127
51189	2008	3.6538461538461537	65
51197	2008	3.5544871794871793	156
51200	2008	3.79	100
51208	2008	3.13	50
51231	2008	4.1688311688311686	77
51257	2008	3.648936170212766	517
51282	2008	3.1052631578947367	38
51283	2008	3.9565217391304346	46
51284	2008	3.686046511627907	43
51291	2008	3.6115702479338845	484
51301	2008	4.024390243902439	82
51310	2008	3.704225352112676	142
51328	2008	3.611111111111111	18
51332	2008	4.083333333333333	24
51344	2008	3.3815789473684212	76
51345	2008	3.6027397260273974	73
51347	2008	3.769230769230769	26
51367	2008	4.008670520231214	173
51382	2008	3.6459627329192545	161
51401	2008	4.513888888888889	36
51406	2008	3.1610169491525424	118
51419	2008	3.683333333333333	30
51425	2008	3.239130434782609	46
51448	2008	4.0	43
51454	2008	2.8222222222222224	45
51459	2008	3.090909090909091	22
51485	2008	3.447530864197531	162
51495	2008	3.8	35
51498	2008	3.9919354838709675	62
51519	2008	4.070063694267516	157
51522	2008	3.005952380952381	84
51527	2008	4.17741935483871	31
51547	2008	4.102564102564102	39
51551	2008	4.414285714285715	35
51576	2008	3.892857142857143	28
51603	2008	3.048507462686567	134
51615	2008	3.95771144278607	201
51641	2008	2.3091684434968016	469
51650	2008	4.026315789473684	38
51660	2008	3.512396694214876	121
51678	2008	4.0	102
51702	2008	3.4076923076923076	130
51718	2008	3.3529411764705883	17
51728	2008	3.25	6
51751	2008	3.6296296296296298	27
51758	2008	4.078947368421052	57
51801	2008	3.4517543859649122	114
51817	2008	3.6301369863013697	73
51832	2008	4.4	20
51845	2008	2.8984375	64
51848	2008	3.551851851851852	135
51859	2008	3.010135135135135	148
51864	2008	3.8241758241758244	182
51907	2008	4.166666666666667	6
51913	2008	4.030769230769231	130
51919	2008	3.261111111111111	180
51923	2008	2.9130434782608696	23
51927	2008	3.330357142857143	56
51947	2008	4.065217391304348	138
51953	2008	3.561224489795918	49
51954	2008	3.3857142857142857	35
51955	2008	3.3125	208
51959	2008	3.4390243902439024	41
51960	2008	2.642857142857143	35
51967	2008	4.2265625	64
51971	2008	3.693661971830986	142
51972	2008	4.142857142857143	7
51977	2008	3.121700879765396	341
51983	2008	4.221973094170403	223
51988	2008	3.618279569892473	93
51995	2008	3.730769230769231	26
52012	2008	2.75	22
52028	2008	3.787878787878788	33
52030	2008	3.5506912442396312	217
52044	2008	3.7554744525547443	274
52052	2008	4.095238095238095	21
52072	2008	3.857142857142857	70
52075	2008	4.313953488372093	43
52076	2008	3.0	2
52080	2008	3.6486486486486487	74
52085	2008	4.103448275862069	58
52096	2008	4.127118644067797	59
52109	2008	4.34	25
52112	2008	2.847826086956522	23
52125	2008	3.231707317073171	41
52129	2008	2.9875886524822697	282
52135	2008	3.9047619047619047	21
52145	2008	3.7	70
52156	2008	3.736842105263158	38
52189	2008	3.6066666666666665	75
52199	2008	3.642857142857143	63
52219	2008	3.8	65
52228	2008	3.8545454545454545	55
52244	2008	3.776315789473684	38
52270	2008	3.183673469387755	784
52276	2008	3.8636363636363638	77
52281	2008	4.296296296296297	54
52290	2008	4.041666666666667	24
52311	2008	3.7205882352941178	34
52314	2008	4.4375	32
52321	2008	4.446428571428571	28
52322	2008	3.1581858407079646	452
52332	2008	3.977272727272727	22
52338	2008	3.2222222222222223	27
52340	2008	2.982876712328767	146
52346	2008	4.271186440677966	177
52347	2008	3.5980392156862746	51
52348	2008	4.451923076923077	156
52364	2008	3.8682432432432434	148
52365	2008	3.789473684210526	19
52375	2008	4.25531914893617	47
52386	2008	3.2923976608187133	342
52392	2008	4.772277227722772	101
52400	2008	3.421768707482993	294
52430	2008	3.5625	24
52441	2008	3.6724137931034484	29
52449	2008	2.2758620689655173	29
52459	2008	3.3055555555555554	72
52473	2008	3.679054054054054	148
52477	2008	2.0535714285714284	28
52498	2008	3.8445945945945947	222
52510	2008	3.396039603960396	101
52511	2008	3.74009900990099	202
52517	2008	3.7419354838709675	31
52529	2008	4.22	175
52543	2008	3.796875	288
52556	2008	4.366071428571429	224
52564	2008	3.7333333333333334	105
52571	2008	3.369565217391304	23
52576	2008	4.166666666666667	12
52577	2008	3.3692307692307693	65
52580	2008	3.75	58
52590	2008	3.8129032258064517	155
52592	2008	3.4634146341463414	41
52596	2008	3.719219219219219	333
52598	2008	3.7045454545454546	88
52604	2008	3.651209677419355	248
52648	2008	4.074688796680498	241
52653	2008	3.1176470588235294	102
52657	2008	3.672727272727273	55
52665	2008	3.8684210526315788	38
52669	2008	3.522222222222222	45
52673	2008	4.105042016806722	119
52678	2008	3.5813253012048194	166
52693	2008	2.978301886792453	530
52701	2008	3.8227272727272728	220
52716	2008	3.980769230769231	26
52722	2008	3.06875	80
52737	2008	4.145695364238411	151
52751	2008	3.9626288659793816	388
52754	2008	3.5	118
52766	2008	3.782608695652174	230
52782	2008	3.8952991452991452	234
52800	2008	3.6227272727272726	220
52813	2008	4.363636363636363	22
52824	2008	4.290697674418604	43
52826	2008	4.228571428571429	105
52827	2008	3.0833333333333335	18
52834	2008	3.7972972972972974	37
52837	2008	3.551851851851852	135
52851	2008	3.6774193548387095	31
52869	2008	3.2	100
52870	2008	3.9047619047619047	21
52880	2008	4.116438356164384	146
52887	2008	4.0	28
52888	2008	2.9285714285714284	28
52892	2008	4.204453441295547	247
52896	2008	3.85	10
52906	2008	3.5281954887218046	266
52908	2008	3.17964824120603	398
52910	2008	3.6341463414634148	123
52934	2008	1.3333333333333333	21
52943	2008	3.4491525423728815	59
52953	2008	3.8461538461538463	169
52961	2008	3.409090909090909	11
52970	2008	3.994949494949495	99
52975	2008	3.761111111111111	90
52983	2008	3.613013698630137	146
52994	2008	3.830578512396694	121
52995	2008	3.6770833333333335	48
53003	2008	2.9429657794676807	263
53011	2008	3.5984848484848486	66
53012	2008	3.1964285714285716	56
53017	2008	3.2126436781609193	87
53026	2008	4.148648648648648	37
53033	2008	3.908805031446541	159
53038	2008	2.994949494949495	99
53057	2008	3.7916666666666665	12
53059	2008	3.6842105263157894	38
53061	2008	2.9285714285714284	35
53066	2008	3.6964285714285716	56
53073	2008	3.7045454545454546	22
53077	2008	4.0588235294117645	51
53083	2008	3.9523809523809526	21
53094	2008	2.5	15
53131	2008	3.607843137254902	51
53165	2008	3.4486301369863015	146
53182	2008	3.7	15
53192	2008	4.471830985915493	71
53198	2008	3.7846820809248554	346
53228	2008	3.6057347670250897	279
53240	2008	4.2894736842105265	57
53250	2008	3.1129032258064515	62
53262	2008	3.645038167938931	131
53271	2008	4.440789473684211	76
53289	2008	4.1019736842105265	152
53296	2008	2.6158536585365852	164
53303	2008	3.136904761904762	168
53314	2008	3.390158172231986	569
53336	2008	3.80672268907563	119
53359	2008	3.65	10
53374	2008	3.4523809523809526	84
53377	2008	3.742424242424242	33
53379	2008	3.48	50
53388	2008	3.0714285714285716	21
53394	2008	4.5	9
53395	2008	3.2056737588652484	141
53417	2008	4.091549295774648	71
53423	2008	3.4645308924485128	437
53428	2008	4.017142857142857	350
53432	2008	3.409090909090909	22
53439	2008	3.887179487179487	195
53445	2008	3.262237762237762	143
53450	2008	3.764705882352941	68
53469	2008	3.7305699481865284	193
53479	2008	4.0	81
53484	2008	3.1379310344827585	29
53485	2008	3.4473684210526314	38
53506	2008	3.7419354838709675	31
53511	2008	3.6875	16
53515	2008	3.792207792207792	154
53523	2008	2.7406015037593985	133
53539	2008	3.684149184149184	429
53546	2008	3.727272727272727	22
53558	2008	3.8380952380952382	105
53565	2008	3.146103896103896	154
53566	2008	3.8095238095238093	21
53575	2008	3.585227272727273	88
53584	2008	4.019607843137255	51
53586	2008	3.2794117647058822	374
53598	2008	3.4901960784313726	255
53600	2008	3.8620689655172415	29
53610	2008	3.8823529411764706	17
53629	2008	3.7905405405405403	74
53645	2008	3.6481481481481484	189
53650	2008	3.4298029556650245	406
53664	2008	3.526315789473684	19
53667	2008	2.5476190476190474	21
53668	2008	3.76	100
53676	2008	2.8333333333333335	9
53690	2008	3.7	30
53700	2008	3.575	100
53706	2008	4.135338345864661	133
53720	2008	3.2941176470588234	17
53724	2008	4.08	25
53736	2008	4.184210526315789	76
53742	2008	3.3536585365853657	82
53766	2008	3.857394366197183	568
53774	2008	3.980952380952381	105
53780	2008	3.8315217391304346	92
53794	2008	4.75	4
53798	2008	3.909090909090909	66
53807	2008	4.1454545454545455	110
53813	2008	3.2115384615384617	26
53821	2008	3.453846153846154	195
53828	2008	3.6559139784946235	93
53838	2008	3.012777777777778	900
53849	2008	4.545454545454546	11
53853	2008	4.433333333333334	30
53859	2008	4.625	4
53863	2008	3.6678966789667897	271
53878	2008	2.823529411764706	34
53895	2008	3.7083333333333335	168
53897	2008	3.1818181818181817	22
53927	2008	3.857142857142857	210
53944	2008	3.3038585209003215	622
53994	2008	3.5526315789473686	38
54017	2008	3.424074074074074	270
54024	2008	3.9183673469387754	49
54031	2008	3.54	25
54051	2008	4.044117647058823	102
54055	2008	4.15	10
54060	2008	3.4833333333333334	30
54066	2008	3.7142857142857144	42
54080	2008	3.7483870967741937	155
54087	2008	3.6965888689407542	557
54093	2008	2.9166666666666665	6
54102	2008	3.606060606060606	33
54113	2008	3.448148148148148	135
54120	2008	3.5408163265306123	98
54128	2008	4.20945945945946	74
54134	2008	4.333333333333333	87
54135	2008	3.1013986013986012	143
54141	2008	4.305555555555555	18
54151	2008	3.19364161849711	173
54153	2008	3.3488372093023258	43
54157	2008	2.909090909090909	44
54164	2008	3.6129032258064515	31
54193	2008	4.232558139534884	43
54207	2008	3.245614035087719	57
54212	2008	3.480392156862745	51
54217	2008	2.828125	192
54218	2008	4.016	125
54234	2008	3.2837837837837838	37
54273	2008	4.153846153846154	143
54274	2008	3.898076923076923	260
54309	2008	2.8537271448663852	711
54326	2008	3.8215686274509806	255
54329	2008	2.8295454545454546	44
54342	2008	3.9038461538461537	26
54345	2008	3.1041666666666665	24
54349	2008	3.96875	128
54362	2008	2.086206896551724	29
54367	2008	4.151006711409396	149
54376	2008	3.5718954248366015	153
54385	2008	3.257648953301127	621
54395	2008	2.019230769230769	26
54403	2008	3.66	25
54404	2008	3.7666666666666666	150
54439	2008	3.3846153846153846	13
54456	2008	3.857142857142857	35
54488	2008	3.6354166666666665	48
54489	2008	3.9324324324324325	111
54503	2008	3.4904214559386975	261
54510	2008	2.3076923076923075	52
54520	2008	3.6145833333333335	48
54523	2008	5.0	2
54531	2008	3.5416666666666665	24
54544	2008	3.777083333333333	240
54572	2008	3.792452830188679	53
54654	2008	3.413978494623656	93
54656	2008	4.2727272727272725	55
54663	2008	3.4473684210526314	19
54676	2008	4.091666666666667	120
54679	2008	3.9142011834319526	169
54685	2008	3.8642857142857143	70
54690	2008	3.233009708737864	206
54692	2008	4.444444444444445	135
54693	2008	4.25	32
54716	2008	3.477777777777778	225
54730	2008	3.745819397993311	299
54756	2008	3.0082644628099175	242
54772	2008	3.4393939393939394	33
54786	2008	3.952127659574468	94
54806	2008	4.219178082191781	73
54812	2008	2.746808510638298	235
54817	2008	3.6597222222222223	72
54824	2008	3.761595547309833	539
54846	2008	2.814885496183206	262
54848	2008	3.9814814814814814	27
54861	2008	3.03	50
54873	2008	3.38	100
54887	2008	3.6956521739130435	23
54891	2008	3.371900826446281	121
54900	2008	3.725	160
54912	2008	3.4521178637200736	543
54942	2008	4.333333333333333	51
54947	2008	3.1875	200
54955	2008	4.166666666666667	3
54966	2008	3.4078947368421053	114
54980	2008	3.0961538461538463	26
54987	2008	3.1739130434782608	23
55005	2008	3.3375	40
55023	2008	3.744047619047619	420
55033	2008	3.3944954128440368	109
55039	2008	4.327586206896552	58
55045	2008	2.823529411764706	17
55046	2008	2.119047619047619	84
55058	2008	3.471014492753623	69
55076	2008	3.5835443037974684	395
55081	2008	4.0859375	128
55098	2008	3.8947368421052633	57
55113	2008	3.3133333333333335	75
55123	2008	4.250809061488673	309
55172	2008	3.585526315789474	76
55193	2008	3.4573643410852712	387
55197	2008	3.4107142857142856	28
55203	2008	3.993333333333333	75
55211	2008	3.2768115942028984	345
55223	2008	3.096774193548387	93
55226	2008	2.629032258064516	31
55236	2008	3.8214285714285716	28
55241	2008	3.7981651376146788	109
55252	2008	2.1818181818181817	22
55255	2008	3.878787878787879	33
55257	2008	3.7142857142857144	28
55274	2008	4.328571428571428	35
55277	2008	3.6346153846153846	26
55278	2008	3.8333333333333335	6
55280	2008	3.261904761904762	42
55283	2008	1.3478260869565217	23
55294	2008	3.988372093023256	43
55310	2008	2.98	75
55319	2008	3.9468085106382977	47
55326	2008	3.6	30
55337	2008	2.9189895470383274	574
55343	2008	3.791304347826087	115
55363	2008	4.1	35
55378	2008	3.5314685314685317	143
55379	2008	3.443396226415094	53
55380	2008	3.5140845070422535	71
55381	2008	3.87	100
55389	2008	3.640562248995984	249
55403	2008	3.3433333333333333	150
55414	2008	3.6863636363636365	110
55423	2008	3.02	25
55424	2008	3.734375	32
55436	2008	4.0625	24
55441	2008	2.913793103448276	29
55465	2008	3.326923076923077	26
55468	2008	3.7026066350710902	422
55481	2008	4.297535211267606	284
55487	2008	3.332474226804124	194
55499	2008	4.093220338983051	59
55506	2008	3.3833865814696487	313
55526	2008	3.5714285714285716	21
55535	2008	3.5806451612903225	31
55543	2008	3.825	60
55550	2008	4.214285714285714	56
55560	2008	3.732166890982503	743
55562	2008	3.7857142857142856	77
55573	2008	4.353535353535354	99
55575	2008	3.9577464788732395	71
55610	2008	2.933734939759036	166
55612	2008	4.1640625	64
55619	2008	3.5961538461538463	26
55620	2008	3.254385964912281	114
55631	2008	3.9696969696969697	33
55649	2008	3.9657534246575343	73
55660	2008	3.9722222222222223	54
55671	2008	4.219858156028369	141
55674	2008	3.596590909090909	88
55681	2008	3.453488372093023	129
55682	2008	3.0	4
55699	2008	2.791044776119403	201
55723	2008	4.3441558441558445	77
55737	2008	3.7063492063492065	63
55748	2008	3.0392156862745097	51
55755	2008	4.069767441860465	43
55761	2008	4.09	100
55770	2008	2.142857142857143	21
55778	2008	3.5784313725490198	102
55790	2008	3.8969594594594597	296
55800	2008	3.7041420118343193	169
55803	2008	3.3333333333333335	33
55809	2008	3.3979166666666667	240
55813	2008	3.7555555555555555	90
55822	2008	3.9144144144144146	111
55827	2008	4.17953667953668	259
55837	2008	4.125	12
55840	2008	3.173076923076923	26
55846	2008	3.2291666666666665	24
55864	2008	3.0898876404494384	89
55865	2008	3.425925925925926	27
55870	2008	3.9358974358974357	39
55875	2008	4.45	30
55876	2008	3.8461538461538463	104
55877	2008	3.2628865979381443	97
55878	2008	4.175	20
55899	2008	3.1944444444444446	18
55901	2008	3.941747572815534	206
55909	2008	4.494736842105263	95
55920	2008	3.7857142857142856	119
55935	2008	3.4411764705882355	85
55938	2008	3.8978494623655915	93
55967	2008	3.5125	40
55980	2008	4.190476190476191	42
55981	2008	4.2444444444444445	45
55990	2008	4.227941176470588	68
55991	2008	4.20625	80
55996	2008	3.6658163265306123	196
56011	2008	3.238095238095238	21
56021	2008	3.25	118
56027	2008	3.576	125
56044	2008	4.416666666666667	6
56047	2008	3.1491228070175437	57
56055	2008	3.627659574468085	94
56082	2008	2.5166666666666666	60
56090	2008	3.3935018050541514	277
56091	2008	3.507589285714286	1120
56096	2008	3.9535714285714287	280
56121	2008	3.911111111111111	45
56124	2008	3.607142857142857	14
56129	2008	3.3679245283018866	53
56136	2008	3.171875	32
56147	2008	3.912017167381974	233
56154	2008	3.874087591240876	274
56167	2008	3.7045454545454546	22
56168	2008	3.897923875432526	289
56181	2008	4.484375	64
56182	2008	3.5046728971962615	107
56215	2008	3.3508333333333336	600
56231	2008	4.195652173913044	23
56251	2008	3.2564655172413794	232
56268	2008	4.015151515151516	33
56293	2008	3.677536231884058	138
56299	2008	3.4003436426116838	582
56310	2008	3.847457627118644	118
56319	2008	3.977272727272727	22
56327	2008	3.891891891891892	111
56345	2008	3.5454545454545454	11
56347	2008	3.25	40
56354	2008	3.7986725663716814	226
56361	2008	3.9344262295081966	61
56380	2008	3.5827586206896553	145
56389	2008	3.4107142857142856	28
56395	2008	4.0813953488372094	86
56403	2008	4.275280898876405	89
56408	2008	3.8392857142857144	28
56415	2008	3.388157894736842	152
56452	2008	3.8870967741935485	31
56462	2008	4.180722891566265	83
56467	2008	3.5546875	64
56472	2008	4.0546875	64
56479	2008	4.019230769230769	26
56481	2008	3.8636363636363638	33
56485	2008	3.4178082191780823	219
56490	2008	2.0721153846153846	104
56519	2008	3.579646017699115	113
56524	2008	4.490131578947368	152
56541	2008	3.3109756097560976	82
56550	2008	3.919642857142857	168
56556	2008	4.28	25
56557	2008	3.90625	48
56561	2008	3.4400921658986174	217
56563	2008	3.808333333333333	60
56573	2008	3.3925619834710745	121
56582	2008	2.748046875	256
56589	2008	3.378787878787879	33
56590	2008	4.0285714285714285	35
56596	2008	3.608910891089109	101
56597	2008	4.263888888888889	72
56609	2008	4.25	44
56619	2008	4.131578947368421	38
56622	2008	3.3333333333333335	9
56626	2008	3.52834008097166	247
56627	2008	2.992957746478873	71
56631	2008	3.423076923076923	104
56642	2008	3.9	10
56651	2008	3.6601307189542482	153
56671	2008	4.194444444444445	18
56686	2008	4.123515439429929	421
56687	2008	3.3333333333333335	6
56699	2008	4.0	205
56705	2008	3.659090909090909	22
56713	2008	4.080392156862745	255
56734	2008	3.279642058165548	447
56739	2008	3.7	220
56767	2008	3.966292134831461	89
56771	2008	3.1847826086956523	46
56777	2008	3.056179775280899	89
56794	2008	3.5876288659793816	97
56819	2008	4.153846153846154	26
56821	2008	3.7551020408163267	49
56822	2008	2.8266666666666667	300
56835	2008	4.078947368421052	38
56836	2008	4.529411764705882	51
56848	2008	3.6847826086956523	46
56856	2008	3.4047619047619047	21
56867	2008	3.960526315789474	76
56871	2008	3.813888888888889	180
56877	2008	4.363333333333333	150
56895	2008	3.3658536585365852	41
56906	2008	3.409893992932862	283
56915	2008	3.2056962025316458	158
56921	2008	4.043478260869565	23
56946	2008	3.5434782608695654	23
56950	2008	3.8084415584415585	154
56954	2008	3.5569620253164556	79
56982	2008	3.406515580736544	353
56986	2008	3.7333333333333334	60
56990	2008	3.7442528735632186	174
57000	2008	3.693548387096774	31
57008	2008	4.362068965517241	29
57018	2008	2.7222222222222223	9
57022	2008	3.4345794392523366	107
57024	2008	4.003164556962025	316
57064	2008	3.625581395348837	215
57065	2008	4.343525179856115	278
57075	2008	4.212121212121212	33
57082	2008	3.1382978723404253	47
57092	2008	3.0681818181818183	44
57103	2008	3.6444444444444444	45
57111	2008	3.57	50
57119	2008	3.4604651162790696	215
57122	2008	3.6496062992125986	127
57123	2008	3.898550724637681	69
57127	2008	4.362903225806452	62
57134	2008	3.3636363636363638	44
57138	2008	4.1	5
57142	2008	4.246753246753247	77
57164	2008	4.5	90
57181	2008	3.422727272727273	330
57195	2008	3.34375	32
57207	2008	4.0	23
57213	2008	3.774058577405858	239
57224	2008	3.3675496688741724	151
57249	2008	3.95578231292517	294
57251	2008	3.1006600660066006	606
57253	2008	4.0	48
57258	2008	3.6944444444444446	36
57264	2008	4.088235294117647	68
57270	2008	3.611111111111111	108
57274	2008	3.953531598513011	269
57280	2008	3.903225806451613	31
57292	2008	4.061743341404358	413
57293	2008	3.5350877192982457	57
57309	2008	3.5	128
57313	2008	3.143141153081511	503
57315	2008	3.652173913043478	115
57323	2008	4.157894736842105	38
57334	2008	3.7535545023696684	211
57338	2008	4.214723926380368	163
57339	2008	3.590909090909091	33
57343	2008	3.901098901098901	91
57350	2008	4.019230769230769	156
57358	2008	3.1956521739130435	115
57366	2008	3.440758293838863	211
57380	2008	4.093023255813954	43
57404	2008	3.9019607843137254	51
57405	2008	2.9655172413793105	29
57426	2008	3.3633093525179856	417
57445	2008	3.9146341463414633	123
57453	2008	2.8076923076923075	52
57475	2008	3.4545454545454546	11
57481	2008	3.486206896551724	145
57486	2008	3.6	25
57501	2008	3.4759615384615383	104
57525	2008	2.8253424657534247	146
57547	2008	4.9423076923076925	26
57557	2008	3.8944444444444444	90
57558	2008	3.7155172413793105	116
57565	2008	4.023809523809524	21
57568	2008	4.148648648648648	37
57577	2008	3.4199507389162562	406
57603	2008	3.6616161616161618	99
57605	2008	2.880952380952381	21
57611	2008	2.8636363636363638	33
57620	2008	3.1914893617021276	47
57636	2008	3.990740740740741	108
57641	2008	3.1723300970873787	206
57657	2008	3.6739130434782608	299
57664	2008	4.0	27
57682	2008	3.8125	40
57696	2008	3.808381317978247	1563
57725	2008	2.591463414634146	82
57736	2008	4.575268817204301	93
57738	2008	3.68	50
57753	2008	3.9953271028037385	107
57760	2008	4.113207547169812	53
57785	2008	3.6666666666666665	3
57788	2008	3.8442622950819674	61
57796	2008	2.5476190476190474	21
57814	2008	3.617231638418079	354
57823	2008	3.2155172413793105	116
57829	2008	4.033333333333333	45
57831	2008	2.966666666666667	30
57834	2008	3.7857142857142856	28
57835	2008	3.5161290322580645	31
57841	2008	3.6416666666666666	120
57850	2008	3.303072625698324	358
57867	2008	3.7241379310344827	87
57876	2008	3.734375	64
57879	2008	3.926470588235294	34
57888	2008	3.4107142857142856	28
57896	2008	4.0	6
57902	2008	4.733333333333333	15
57905	2008	4.386877828054299	221
57906	2008	3.8156028368794326	141
57912	2008	3.8992932862190814	283
57928	2008	3.67816091954023	87
57929	2008	3.5175879396984926	398
57930	2008	3.3870967741935485	31
57946	2008	4.114420062695925	319
57966	2008	3.5463917525773194	194
58000	2008	3.746913580246914	81
58013	2008	3.6739130434782608	23
58015	2008	3.7142857142857144	7
58028	2008	3.8225806451612905	31
58031	2008	2.9738372093023258	172
58056	2008	4.0	25
58057	2008	3.3541666666666665	24
58058	2008	3.6136363636363638	22
58079	2008	4.153846153846154	26
58087	2008	3.892857142857143	70
58089	2008	2.769230769230769	26
58092	2008	3.4444444444444446	54
58096	2008	3.76453488372093	172
58132	2008	3.851063829787234	47
58148	2008	4.013513513513513	74
58152	2008	2.6129032258064515	31
58159	2008	3.65	10
58160	2008	3.280597014925373	335
58166	2008	4.3076923076923075	39
58174	2008	3.802970297029703	505
58179	2008	4.218085106382978	94
58190	2008	4.043478260869565	23
58194	2008	3.3225806451612905	31
58203	2008	3.813953488372093	258
58223	2008	2.2880434782608696	92
58247	2008	3.507575757575758	132
58258	2008	3.710727969348659	261
58266	2008	3.5	27
58276	2008	3.648496240601504	266
58293	2008	3.2	275
58302	2008	3.884180790960452	177
58321	2008	3.3743589743589744	195
58324	2008	3.6964285714285716	28
58339	2008	3.830188679245283	53
58340	2008	3.8793103448275863	58
58345	2008	4.007352941176471	68
58348	2008	4.25	2
58362	2008	3.6893939393939394	66
58386	2008	4.303030303030303	33
58395	2008	3.731707317073171	41
58398	2008	3.696969696969697	66
58407	2008	3.6296296296296298	27
58411	2008	4.665048543689321	103
58426	2008	3.465909090909091	176
58464	2008	4.214285714285714	56
58468	2008	3.317073170731707	41
58470	2008	3.636029411764706	136
58473	2008	4.041284403669724	109
58501	2008	4.092391304347826	92
58509	2008	3.403703703703704	270
58510	2008	3.753846153846154	130
58536	2008	4.228571428571429	105
58553	2008	3.977272727272727	22
58561	2008	3.727272727272727	319
58566	2008	3.809880239520958	334
58567	2008	4.178571428571429	14
58573	2008	3.808970099667774	301
58578	2008	3.6954022988505746	87
58595	2008	2.5	16
58600	2008	3.9358974358974357	39
58613	2008	4.916666666666667	24
58625	2008	3.482142857142857	28
58626	2008	3.423076923076923	26
58633	2008	3.9895833333333335	48
58656	2008	3.0223880597014925	201
58657	2008	3.126865671641791	67
58670	2008	3.7142857142857144	42
58676	2008	3.3958333333333335	24
58693	2008	4.206730769230769	104
58710	2008	3.8482142857142856	56
58719	2008	3.5806451612903225	31
58739	2008	3.84375	32
58759	2008	3.3703703703703702	108
58763	2008	3.4150943396226414	53
58769	2008	3.5458333333333334	120
58792	2008	3.257142857142857	105
58797	2008	3.5625	120
58821	2008	4.284313725490196	102
58831	2008	3.5869565217391304	23
58848	2008	3.589641434262948	251
58876	2008	3.6180555555555554	72
58904	2008	3.028	125
58910	2008	4.59375	64
58918	2008	3.197530864197531	81
58927	2008	3.5277777777777777	36
58932	2008	2.4642857142857144	14
58944	2008	3.94	25
58950	2008	3.673076923076923	52
58952	2008	3.2107843137254903	102
58960	2008	3.6818181818181817	22
58984	2008	3.6991869918699187	123
59019	2008	3.9858490566037736	106
59024	2008	4.065217391304348	161
59037	2008	3.1341463414634148	41
59069	2008	3.659090909090909	22
59072	2008	3.3598130841121496	214
59082	2008	3.2360248447204967	483
59086	2008	4.166666666666667	3
59092	2008	2.9761904761904763	84
59100	2008	3.2083333333333335	24
59133	2008	4.0	156
59136	2008	2.6136363636363638	22
59139	2008	3.350515463917526	97
59157	2008	3.3933333333333335	75
59162	2008	3.6721311475409837	61
59182	2008	3.988095238095238	126
59184	2008	3.9791666666666665	48
59190	2008	3.1158645276292334	561
59234	2008	3.7662337662337664	77
59246	2008	3.5	25
59252	2008	3.0760869565217392	276
59257	2008	3.5232558139534884	43
59262	2008	3.6666666666666665	24
59267	2008	2.9698275862068964	348
59269	2008	3.140091116173121	439
59272	2008	3.2083333333333335	12
59283	2008	4.195652173913044	23
59299	2008	3.7983606557377048	305
59311	2008	3.2232142857142856	280
59314	2008	3.539325842696629	89
59320	2008	4.134375	160
59326	2008	1.9256816182937555	1137
59342	2008	1.066025641025641	780
59348	2008	3.83974358974359	156
59365	2008	3.1416526138279934	593
59373	2008	3.1774193548387095	124
59380	2008	3.5	38
59389	2008	3.061111111111111	90
59390	2008	3.8714285714285714	35
59393	2008	4.107142857142857	28
59407	2008	3.223463687150838	179
59423	2008	3.346774193548387	62
59451	2008	3.3518518518518516	27
59460	2008	3.7770700636942673	157
59462	2008	3.8768115942028984	207
59463	2008	2.8947368421052633	57
59466	2008	3.738095238095238	42
59491	2008	3.1065573770491803	61
59498	2008	4.125	36
59499	2008	2.6621621621621623	111
59505	2008	3.3333333333333335	39
59509	2008	3.248344370860927	151
59529	2008	3.0454545454545454	55
59538	2008	4.166666666666667	15
59546	2008	2.9375	32
59557	2008	3.7859922178988326	257
59573	2008	3.564516129032258	31
59576	2008	3.5691318327974275	311
59598	2008	3.0711743772241995	281
59635	2008	3.869565217391304	69
59638	2008	3.9893617021276597	94
59643	2008	3.157142857142857	35
59646	2008	3.8833333333333333	30
59662	2008	3.7871900826446283	242
59674	2008	3.642857142857143	21
59683	2008	2.7650273224043715	183
59689	2008	3.683333333333333	30
59694	2008	3.75531914893617	47
59705	2008	4.132075471698113	106
59720	2008	4.0	23
59734	2008	3.41	50
59738	2008	3.9064665127020786	433
59751	2008	3.2547169811320753	106
59752	2008	3.3333333333333335	30
59757	2008	3.4711538461538463	156
59765	2008	3.9393939393939394	297
59766	2008	3.5	41
59771	2008	3.554054054054054	37
59802	2008	4.070422535211268	71
59808	2008	3.606060606060606	33
59829	2008	3.522727272727273	22
59848	2008	3.730769230769231	208
59865	2008	3.727272727272727	11
59875	2008	4.2555555555555555	45
59889	2008	4.271428571428571	70
59910	2008	4.538461538461538	13
59918	2008	3.617021276595745	47
59934	2008	2.860655737704918	61
59939	2008	4.307017543859649	57
59941	2008	3.9711246200607904	329
59944	2008	3.2644787644787643	259
59945	2008	3.9450549450549453	91
59953	2008	3.178832116788321	137
59958	2008	3.80625	160
59962	2008	3.774193548387097	62
59963	2008	3.8440860215053765	93
59994	2008	3.582210242587601	371
59997	2008	3.7333333333333334	30
59999	2008	4.529220779220779	154
60002	2008	3.6991150442477876	113
60021	2008	3.266279069767442	860
60022	2008	2.5697674418604652	43
60047	2008	3.8125	48
60050	2008	3.7216494845360826	97
60060	2008	3.227146814404432	361
60061	2008	3.6785714285714284	28
60076	2008	3.5366748166259168	409
60096	2008	3.902439024390244	82
60100	2008	3.731707317073171	41
60106	2008	3.4130434782608696	23
60115	2008	3.5210526315789474	95
60131	2008	3.888888888888889	72
60134	2008	3.5	32
60151	2008	3.8684210526315788	323
60157	2008	3.9802631578947367	76
60158	2008	3.3125	24
60160	2008	3.9805194805194803	77
60169	2008	3.3962264150943398	106
60170	2008	3.576923076923077	104
60175	2008	3.9361702127659575	47
60181	2008	3.903225806451613	31
60195	2008	3.4651162790697674	43
60202	2008	3.3457142857142856	175
60203	2008	3.2472527472527473	182
60207	2008	2.6179775280898876	178
60229	2008	3.682926829268293	82
60239	2008	3.7448979591836733	245
60240	2008	3.5153061224489797	98
60259	2008	4.021739130434782	23
60263	2008	3.806451612903226	62
60273	2008	4.016666666666667	30
60291	2008	3.6052631578947367	38
60292	2008	3.5141402714932126	884
60296	2008	3.3238636363636362	88
60300	2008	3.58955223880597	67
60303	2008	3.3035714285714284	28
60307	2008	3.028963414634146	328
60316	2008	3.954468802698145	593
60318	2008	3.9353932584269664	178
60319	2008	3.0	125
60322	2008	4.3125	8
60323	2008	4.055555555555555	9
60325	2008	3.4857142857142858	35
60331	2008	4.089743589743589	78
60333	2008	4.062101910828026	314
60347	2008	3.911764705882353	34
60352	2008	3.679190751445087	173
60356	2008	3.7941176470588234	17
60377	2008	3.788135593220339	118
60380	2008	3.767361111111111	144
60398	2008	3.5568181818181817	44
60404	2008	4.55	50
60408	2008	3.642857142857143	42
60415	2008	3.098684210526316	76
60433	2008	4.0625	24
60438	2008	3.5762711864406778	59
60450	2008	3.4014084507042255	71
60451	2008	3.830188679245283	53
60463	2008	3.6315789473684212	114
60474	2008	3.4680851063829787	47
60501	2008	2.9714285714285715	105
60515	2008	3.3275862068965516	58
60523	2008	4.013333333333334	75
60524	2008	3.6578947368421053	57
60545	2008	3.800751879699248	133
60553	2008	3.6875	24
60556	2008	3.875	32
60562	2008	4.021052631578947	95
60571	2008	3.5143769968051117	313
60584	2008	3.5	110
60599	2008	3.7889908256880735	218
60618	2008	3.3233618233618234	351
60624	2008	3.9625850340136055	147
60652	2008	3.7568306010928962	183
60661	2008	3.5255102040816326	98
60663	2008	3.357142857142857	14
60681	2008	3.456140350877193	114
60682	2008	3.2941176470588234	17
60693	2008	4.2105263157894735	38
60713	2008	3.005050505050505	99
60716	2008	3.684931506849315	73
60727	2008	3.6026785714285716	112
60761	2008	3.1125	40
60764	2008	3.5476190476190474	42
60767	2008	3.2033898305084745	59
60783	2008	4.0	34
60797	2008	3.965	100
60798	2008	4.4	5
60809	2008	3.675324675324675	77
60816	2008	3.691919191919192	99
60825	2008	3.9761904761904763	42
60852	2008	3.5789473684210527	114
60862	2008	4.198473282442748	131
60863	2008	3.116809116809117	351
60874	2008	4.1875	24
60878	2008	3.234375	32
60888	2008	3.036363636363636	110
60891	2008	4.270833333333333	48
60898	2008	2.9785714285714286	70
60903	2008	2.914285714285714	35
60922	2008	3.831983805668016	247
60923	2008	3.925287356321839	87
60943	2008	4.069444444444445	36
60954	2008	3.7964426877470356	506
60963	2008	3.247011952191235	502
60968	2008	3.2387640449438204	178
60971	2008	3.5253164556962027	79
60988	2008	4.375	52
60998	2008	4.089743589743589	39
60999	2008	3.152542372881356	59
61003	2008	4.014285714285714	140
61005	2008	3.2666666666666666	30
61008	2008	3.617206982543641	401
61020	2008	4.2727272727272725	33
61029	2008	3.914285714285714	105
61042	2008	3.5344827586206895	58
61050	2008	3.15625	64
61053	2008	3.077421025375453	1931
61069	2008	3.6805555555555554	36
61070	2008	3.5172413793103448	87
61074	2008	4.370535714285714	112
61078	2008	3.1293103448275863	58
61082	2008	2.98	25
61087	2008	3.8947368421052633	57
61097	2008	3.6519607843137254	204
61108	2008	3.7268518518518516	108
61111	2008	3.675	40
61115	2008	3.456896551724138	58
61126	2008	3.923076923076923	26
61130	2008	3.659235668789809	157
61136	2008	3.26271186440678	59
61143	2008	3.385593220338983	118
61154	2008	4.162337662337662	77
61158	2008	2.6923076923076925	26
61163	2008	2.941747572815534	103
61168	2008	3.88	50
61183	2008	2.745049504950495	404
61184	2008	3.4361702127659575	47
61207	2008	3.6125	40
61227	2008	4.068897637795276	254
61240	2008	4.132352941176471	170
61255	2008	4.5	3
61263	2008	3.5238095238095237	21
61286	2008	4.09375	224
61291	2008	3.61875	80
61312	2008	3.274193548387097	31
61316	2008	4.029411764705882	34
61323	2008	3.921875	256
61335	2008	4.015151515151516	33
61344	2008	4.012195121951219	41
61345	2008	3.707736389684814	349
61364	2008	4.072727272727272	55
61385	2008	4.119897959183674	196
61391	2008	3.4017699115044246	565
61400	2008	3.825648414985591	347
61406	2008	3.7846153846153845	65
61413	2008	3.6451612903225805	31
61423	2008	4.333333333333333	36
61424	2008	4.076923076923077	26
61428	2008	4.6125	40
61441	2008	3.912087912087912	91
61448	2008	3.3810975609756095	164
61462	2008	3.75	32
61463	2008	3.591549295774648	71
61489	2008	3.7083333333333335	24
61502	2008	3.5833333333333335	96
61514	2008	3.1578947368421053	38
61515	2008	3.547169811320755	159
61533	2008	3.7051282051282053	78
61541	2008	3.619047619047619	21
61544	2008	4.09375	144
61548	2008	3.3958333333333335	24
61553	2008	3.8333333333333335	27
46441	2008	3.076923076923077	26
47911	2008	4.0	8
47921	2008	4.1875	8
47998	2008	3.4456521739130435	46
48194	2008	3.625	8
48229	2008	4.166666666666667	3
48427	2008	3.0416666666666665	12
48536	2008	3.0454545454545454	11
48933	2008	3.5	37
49576	2008	3.857142857142857	28
49756	2008	3.8	5
50102	2008	3.775	20
50543	2008	3.4326923076923075	52
51198	2008	3.764705882352941	17
51203	2008	3.9107142857142856	112
51466	2008	3.4642857142857144	14
51901	2008	2.7857142857142856	7
52409	2008	2.81	50
52427	2008	4.5	5
53683	2008	4.619047619047619	21
54145	2008	3.8	10
54187	2008	3.575	20
54538	2008	3.3846153846153846	26
54605	2008	3.9166666666666665	6
54695	2008	3.4	5
54876	2008	4.0	5
54909	2008	4.166666666666667	3
54922	2008	3.5	105
55936	2008	3.857142857142857	14
55992	2008	3.7142857142857144	7
56620	2008	3.3472222222222223	36
56662	2008	3.0	7
56670	2008	3.2241379310344827	29
56707	2008	3.7295081967213113	61
57287	2008	3.8214285714285716	14
57535	2008	4.0	7
57618	2008	3.4473684210526314	19
57961	2008	4.125	4
58003	2008	3.625	4
58253	2008	4.0	29
58361	2008	3.92	25
58890	2008	3.24	25
59260	2008	4.0	3
59637	2008	3.7142857142857144	7
59753	2008	3.5384615384615383	13
59817	2008	3.75	6
60297	2008	3.2777777777777777	27
60684	2008	3.2232142857142856	56
61156	2008	4.2125	40
46374	2008	4.0	1
47871	2008	4.333333333333333	12
47898	2008	0.5769230769230769	13
48747	2008	3.3125	8
48792	2008	3.0	2
49060	2008	3.25	2
51378	2008	3.9	5
51514	2008	3.3333333333333335	3
52016	2008	4.5	2
52844	2008	3.2222222222222223	18
54707	2008	3.0	3
56308	2008	3.892857142857143	14
56997	2008	3.5	2
57175	2008	3.0	3
58357	2008	3.25	12
58940	2008	3.676470588235294	17
59327	2008	5.0	3
60651	2008	4.205882352941177	17
60990	2008	4.25	6
46291	2008	5.0	4
46681	2008	3.2	5
47443	2008	4.208333333333333	12
47907	2008	5.0	1
48092	2008	3.75	4
48776	2008	3.5	1
48878	2008	3.25	2
49137	2008	3.2916666666666665	12
49226	2008	5.0	2
49383	2008	3.55	10
49487	2008	3.6176470588235294	17
50476	2008	3.5	4
50533	2008	3.287878787878788	33
50695	2008	3.3333333333333335	3
52871	2008	2.1666666666666665	3
54152	2008	3.0	7
54463	2008	3.410377358490566	106
54592	2008	3.078125	64
55128	2008	1.75	2
55460	2008	5.0	1
55696	2008	3.2666666666666666	15
56030	2008	3.8	5
56586	2008	3.5	5
56765	2008	3.75	8
56913	2008	4.326086956521739	23
57051	2008	3.611111111111111	9
57660	2008	4.25	14
58747	2008	3.5	1
59699	2008	3.75	2
59927	2008	3.7549019607843137	51
60072	2008	3.3333333333333335	9
60166	2008	3.823529411764706	17
60901	2008	3.142857142857143	7
61046	2008	4.285714285714286	7
61083	2008	3.875	4
61386	2008	3.4148936170212765	47
48152	2008	3.5	2
48232	2008	4.333333333333333	6
48288	2008	3.5	4
49031	2008	3.5	2
50893	2008	3.5	1
53042	2008	3.875	8
53084	2008	4.75	2
54545	2008	4.5	1
55017	2008	5.0	1
55621	2008	3.0	1
56303	2008	1.75	2
56463	2008	3.8333333333333335	15
56784	2008	4.0	1
57156	2008	5.0	1
57784	2008	3.5	2
58686	2008	4.0	1
59355	2008	4.0	1
61296	2008	4.166666666666667	3