31317	2006	4.1525423728813555	59
31327	2006	2.90950976778474	2713
31335	2006	3.734375	32
31352	2006	3.2325581395348837	129
31375	2006	3.4022988505747125	87
31385	2006	3.4523809523809526	21
31394	2006	4.262820512820513	78
31418	2006	3.316666666666667	60
31437	2006	3.8461538461538463	78
31453	2006	3.259259259259259	27
31468	2006	3.1769547325102883	243
31472	2006	3.784313725490196	51
31494	2006	3.65205223880597	536
31500	2006	3.0833333333333335	78
31504	2006	3.903225806451613	31
31517	2006	3.538961038961039	77
31523	2006	3.1366906474820144	695
31550	2006	4.109375	32
31561	2006	3.6919642857142856	112
31592	2006	3.366279069767442	172
31612	2006	4.285714285714286	21
31615	2006	3.2788461538461537	52
31647	2006	3.357894736842105	95
31682	2006	3.4776119402985075	67
31700	2006	3.7857142857142856	42
31720	2006	3.1050420168067228	119
31724	2006	4.354166666666667	24
31735	2006	3.25	38
31744	2006	3.8958333333333335	24
31757	2006	3.771276595744681	94
31761	2006	3.152542372881356	59
31770	2006	3.6944444444444446	54
31789	2006	3.377049180327869	183
31798	2006	2.9197080291970803	137
31799	2006	2.9583333333333335	132
31807	2006	3.891304347826087	23
31817	2006	3.9888059701492535	134
31820	2006	2.893939393939394	66
31845	2006	3.4073170731707316	205
31854	2006	3.360041623309053	961
31857	2006	3.5294117647058822	34
31871	2006	3.702816901408451	355
31895	2006	3.674107142857143	224
31910	2006	3.466666666666667	15
31911	2006	3.851063829787234	47
31922	2006	3.2680722891566263	166
31934	2006	3.10062893081761	159
31949	2006	3.7598425196850394	127
31957	2006	3.9722222222222223	180
31975	2006	2.9702970297029703	202
32001	2006	3.057471264367816	174
32004	2006	3.8966480446927374	179
32012	2006	3.29375	480
32031	2006	3.892857142857143	84
32035	2006	2.8625	40
32042	2006	3.6354166666666665	48
32046	2006	3.109704641350211	237
32060	2006	4.011695906432749	171
32069	2006	3.9603174603174605	63
32078	2006	4.236363636363636	55
32107	2006	3.4	20
32108	2006	2.6810344827586206	58
32158	2006	3.3097014925373136	134
32177	2006	3.3026315789473686	38
32201	2006	3.9625	160
32240	2006	2.922222222222222	90
32259	2006	4.02	25
32283	2006	3.740506329113924	79
32293	2006	3.5	161
32294	2006	3.2661290322580645	62
32298	2006	3.815	200
32317	2006	3.0961538461538463	52
32326	2006	4.046153846153846	130
32357	2006	3.794642857142857	56
32369	2006	3.6549586776859506	242
32406	2006	3.7191011235955056	178
32411	2006	3.3541666666666665	24
32412	2006	3.85	40
32444	2006	3.466666666666667	75
32449	2006	4.04126213592233	206
32459	2006	3.467948717948718	78
32469	2006	3.5	24
32487	2006	3.6666666666666665	21
32508	2006	3.636842105263158	95
32536	2006	3.973684210526316	38
32538	2006	3.422222222222222	45
32545	2006	2.8747841105354057	1158
32564	2006	3.08	25
32582	2006	4.01948051948052	77
32610	2006	3.5952380952380953	21
32612	2006	4.056818181818182	44
32624	2006	3.8625	40
32639	2006	3.8585858585858586	99
32660	2006	3.158536585365854	41
32674	2006	3.1311475409836067	244
32681	2006	3.8254716981132075	106
32689	2006	2.7440633245382586	379
32706	2006	3.2422680412371134	97
32731	2006	3.787878787878788	33
32736	2006	4.234375	32
32742	2006	2.967289719626168	107
32747	2006	3.8205128205128207	39
32759	2006	3.158536585365854	41
32771	2006	3.1623465211459756	733
32777	2006	4.229166666666667	24
32803	2006	3.569182389937107	159
32823	2006	3.1774193548387095	31
32826	2006	3.104651162790698	86
32831	2006	3.3970588235294117	34
32852	2006	3.5	3
32856	2006	3.957547169811321	106
32866	2006	4.068690095846645	626
32880	2006	4.275862068965517	29
32891	2006	3.5903846153846155	260
32911	2006	3.787878787878788	33
32918	2006	4.077464788732394	142
32927	2006	3.61875	80
32940	2006	4.238636363636363	44
32949	2006	3.482456140350877	114
32961	2006	3.511904761904762	42
32973	2006	4.1	50
32987	2006	2.4302325581395348	43
32997	2006	3.5454545454545454	11
33007	2006	4.125	24
33018	2006	4.115384615384615	26
33026	2006	3.097560975609756	41
33027	2006	4.310344827586207	58
33052	2006	3.41044776119403	268
33056	2006	3.116822429906542	107
33066	2006	4.104651162790698	43
33088	2006	4.006410256410256	78
33097	2006	3.6875	160
33130	2006	4.006666666666667	150
33139	2006	3.5421686746987953	83
33146	2006	3.0138121546961325	181
33151	2006	3.8142857142857145	35
33171	2006	3.635135135135135	37
33190	2006	3.4288793103448274	232
33202	2006	3.38	50
33212	2006	3.2857142857142856	42
33217	2006	3.3173076923076925	104
33230	2006	3.8863636363636362	22
33238	2006	3.485294117647059	34
33243	2006	2.3487261146496814	314
33246	2006	4.204225352112676	71
33251	2006	3.882978723404255	47
33270	2006	3.460714285714286	140
33278	2006	3.3962264150943398	53
33285	2006	3.9121004566210047	438
33291	2006	2.436117936117936	1221
33319	2006	4.051282051282051	39
33332	2006	3.857142857142857	21
33349	2006	3.698529411764706	68
33354	2006	3.990566037735849	106
33373	2006	2.967741935483871	31
33384	2006	3.0921052631578947	38
33396	2006	3.2817460317460316	126
33407	2006	4.073170731707317	41
33412	2006	3.403225806451613	31
33421	2006	3.68	25
33436	2006	3.6702127659574466	47
33459	2006	3.433139534883721	172
33469	2006	3.760869565217391	46
33476	2006	2.838315217391304	368
33481	2006	3.7	25
33498	2006	3.3531468531468533	286
33515	2006	3.9675925925925926	216
33528	2006	4.039867109634551	301
33542	2006	3.8860759493670884	79
33551	2006	2.5970149253731343	67
33552	2006	3.9486803519061584	341
33577	2006	3.5	13
33579	2006	3.53125	64
33607	2006	3.2393939393939393	165
33611	2006	3.913793103448276	29
33612	2006	3.625	36
33617	2006	3.7714285714285714	35
33621	2006	3.324324324324324	37
33637	2006	3.3181818181818183	22
33644	2006	3.9767441860465116	86
33655	2006	4.145833333333333	24
33677	2006	3.879120879120879	182
33692	2006	3.722972972972973	74
33700	2006	3.2195121951219514	123
33703	2006	4.120689655172414	29
33729	2006	3.5454545454545454	11
33730	2006	4.068181818181818	22
33739	2006	3.663135593220339	236
33769	2006	2.108695652173913	23
33780	2006	3.585551330798479	526
33784	2006	3.465217391304348	115
33797	2006	4.1395348837209305	43
33846	2006	4.242424242424242	33
33852	2006	3.78110599078341	217
33857	2006	3.1296296296296298	189
33880	2006	2.9193548387096775	248
33890	2006	3.9909090909090907	110
33906	2006	4.087786259541985	131
33925	2006	4.207446808510638	94
33938	2006	3.7	50
33942	2006	4.071428571428571	7
33949	2006	3.4893617021276597	94
33957	2006	4.037313432835821	67
33968	2006	4.372037914691943	211
33978	2006	3.542079207920792	202
33987	2006	4.045893719806763	207
33991	2006	3.7333333333333334	30
34008	2006	3.9144144144144146	111
34015	2006	3.759493670886076	79
34038	2006	3.9047619047619047	42
34044	2006	4.25	30
34055	2006	4.0	24
34100	2006	3.6238317757009346	214
34109	2006	3.316666666666667	30
34162	2006	3.741573033707865	89
34185	2006	3.9919354838709675	62
34196	2006	3.4148936170212765	47
34197	2006	2.9653465346534653	101
34202	2006	3.7794117647058822	102
34225	2006	2.9377551020408164	490
34243	2006	3.564516129032258	217
34253	2006	3.163265306122449	49
34280	2006	3.84	50
34295	2006	4.071428571428571	21
34309	2006	3.9166666666666665	6
34329	2006	3.2540983606557377	61
34338	2006	3.6610169491525424	236
34349	2006	3.2698412698412698	126
34373	2006	3.0	123
34377	2006	3.0316455696202533	79
34394	2006	3.513368983957219	374
34405	2006	3.4524793388429753	242
34442	2006	3.481818181818182	110
34448	2006	2.768292682926829	41
34450	2006	3.130434782608696	23
34507	2006	3.620967741935484	62
34514	2006	4.021739130434782	115
34523	2006	4.112903225806452	31
34528	2006	3.141025641025641	39
34545	2006	3.9285714285714284	14
34555	2006	3.5513698630136985	146
34560	2006	4.348484848484849	33
34569	2006	3.8798076923076925	104
34580	2006	3.9310344827586206	58
34593	2006	3.8573333333333335	375
34605	2006	2.882978723404255	94
34640	2006	3.840909090909091	44
34660	2006	4.044444444444444	90
34671	2006	2.7089084065244666	797
34680	2006	3.165399239543726	789
34684	2006	2.6818181818181817	22
34694	2006	4.007142857142857	70
34704	2006	3.7016129032258065	62
34713	2006	3.6176470588235294	68
34735	2006	3.8215686274509806	255
34750	2006	3.482142857142857	84
34755	2006	3.903225806451613	31
34770	2006	3.853932584269663	89
34771	2006	3.4173228346456694	127
34783	2006	3.4419642857142856	112
34796	2006	3.69327731092437	238
34812	2006	2.7	30
34823	2006	3.409090909090909	22
34827	2006	3.388888888888889	27
34833	2006	3.8716216216216215	74
34841	2006	4.324074074074074	54
34857	2006	4.021505376344086	93
34866	2006	3.711021505376344	372
34881	2006	3.95	70
34909	2006	3.7222222222222223	27
34928	2006	3.1902834008097165	247
34937	2006	3.260869565217391	23
34946	2006	3.0867768595041323	121
34956	2006	3.3095238095238093	21
34958	2006	3.84610630407911	809
34966	2006	3.685185185185185	162
34976	2006	3.832167832167832	143
35002	2006	3.4466019417475726	103
35015	2006	2.9642857142857144	42
35051	2006	3.1666666666666665	78
35118	2006	2.765151515151515	66
35126	2006	3.3859649122807016	57
35141	2006	3.9047619047619047	63
35150	2006	3.686111111111111	180
35160	2006	4.504098360655738	122
35165	2006	3.236111111111111	36
35168	2006	3.1602787456445993	574
35207	2006	3.668539325842697	356
35211	2006	3.55	10
35219	2006	4.080645161290323	31
35225	2006	4.544117647058823	68
35252	2006	3.582474226804124	873
35258	2006	3.502016129032258	248
35301	2006	3.836842105263158	285
35318	2006	2.6666666666666665	24
35339	2006	3.35625	80
35370	2006	3.8860759493670884	79
35373	2006	3.000778816199377	642
35377	2006	3.2192513368983957	187
35386	2006	3.939054726368159	402
35392	2006	3.2027027027027026	148
35408	2006	3.5114503816793894	131
35437	2006	3.402173913043478	46
35442	2006	2.43859649122807	57
35445	2006	3.9696969696969697	33
35461	2006	3.1881443298969074	194
35478	2006	2.94	25
35514	2006	3.627551020408163	196
35518	2006	4.0285714285714285	35
35519	2006	3.325	20
35525	2006	3.842995169082126	207
35532	2006	3.633587786259542	131
35543	2006	4.063492063492063	63
35577	2006	3.121794871794872	78
35591	2006	4.215	100
35605	2006	3.607142857142857	154
35613	2006	2.9468085106382977	47
35637	2006	2.826923076923077	26
35648	2006	3.5	40
35659	2006	3.380952380952381	21
35665	2006	3.586206896551724	58
35677	2006	4.5	3
35687	2006	3.806949806949807	259
35703	2006	3.239130434782609	92
35720	2006	3.4939759036144578	166
35738	2006	4.0245098039215685	102
35763	2006	3.253846153846154	65
35798	2006	3.5	18
35799	2006	3.6551724137931036	145
35809	2006	2.9191176470588234	136
35818	2006	3.9779874213836477	159
35856	2006	2.877551020408163	98
35886	2006	3.7205882352941178	34
35899	2006	3.274891774891775	231
35912	2006	3.5	21
35917	2006	3.5714285714285716	35
35934	2006	3.736842105263158	19
35952	2006	3.5497076023391814	171
35973	2006	3.0714285714285716	1484
35981	2006	3.334016393442623	244
35991	2006	3.73046875	128
36004	2006	3.4886363636363638	44
36010	2006	3.4125	40
36025	2006	3.4485714285714284	175
36036	2006	3.800751879699248	133
36042	2006	3.134920634920635	63
36045	2006	3.0	27
36055	2006	2.5185185185185186	27
36060	2006	3.8629032258064515	62
36063	2006	3.6375921375921374	407
36098	2006	1.5	1
36099	2006	3.0483870967741935	31
36164	2006	4.096875	160
36176	2006	2.8597560975609757	246
36200	2006	3.3955223880597014	67
36210	2006	2.952	250
36251	2006	4.132701421800948	211
36268	2006	3.732620320855615	187
36292	2006	4.042857142857143	70
36294	2006	3.385869565217391	92
36324	2006	3.6473214285714284	112
36347	2006	2.7613636363636362	88
36368	2006	3.5921052631578947	38
36386	2006	3.347826086956522	23
36430	2006	3.8723021582733814	278
36439	2006	3.751063829787234	235
36485	2006	3.4662162162162162	148
36518	2006	4.184782608695652	46
36521	2006	4.176211453744493	227
36527	2006	3.2586206896551726	29
36538	2006	3.75	50
36539	2006	3.28	50
36547	2006	3.1206896551724137	29
36553	2006	4.033333333333333	15
36558	2006	3.188888888888889	90
36572	2006	2.086206896551724	29
36585	2006	3.9309210526315788	152
36595	2006	3.4491017964071857	167
36611	2006	4.25	32
36648	2006	3.872549019607843	51
36655	2006	3.508771929824561	57
36663	2006	4.0	4
36666	2006	3.5260021668472374	923
36676	2006	4.102564102564102	39
36700	2006	4.0	26
36708	2006	3.5108024691358026	324
36714	2006	4.407407407407407	27
36719	2006	3.300438596491228	228
36740	2006	3.7291666666666665	48
36743	2006	3.6136363636363638	22
36754	2006	2.76	25
36762	2006	3.772727272727273	176
36802	2006	3.23963963963964	555
36812	2006	3.6281818181818184	550
36827	2006	3.310435931307794	1514
36838	2006	4.352941176470588	34
36850	2006	3.776595744680851	47
36870	2006	3.5660377358490565	53
36893	2006	3.75	214
36901	2006	3.6739130434782608	23
36918	2006	4.388888888888889	90
36937	2006	3.53125	416
36948	2006	3.978125	160
36960	2006	3.909090909090909	132
36967	2006	2.836206896551724	116
36969	2006	3.686046511627907	43
36987	2006	3.913793103448276	29
36996	2006	3.403225806451613	155
36998	2006	3.9615384615384617	52
37019	2006	3.8024390243902437	205
37025	2006	3.0865384615384617	104
37037	2006	2.892361111111111	144
37042	2006	3.39247311827957	93
37044	2006	2.990990990990991	111
37065	2006	4.208333333333333	228
37070	2006	3.5	87
37076	2006	3.276315789473684	38
37077	2006	3.5277777777777777	36
37080	2006	3.6987951807228914	83
37088	2006	2.96319018404908	163
37124	2006	3.2674418604651163	43
37157	2006	4.170731707317073	41
37175	2006	3.6778523489932886	149
37195	2006	3.660377358490566	53
37203	2006	3.897727272727273	44
37216	2006	3.1914370078740157	1016
37225	2006	4.365384615384615	26
37248	2006	3.319277108433735	166
37274	2006	3.6982758620689653	58
37321	2006	4.061320754716981	106
37343	2006	3.634765625	256
37381	2006	3.5869565217391304	23
37390	2006	3.0510204081632653	49
37400	2006	2.1956521739130435	23
37419	2006	3.4452054794520546	73
37420	2006	3.449814126394052	269
37430	2006	4.5	11
37437	2006	3.7142857142857144	21
37481	2006	3.1538461538461537	52
37510	2006	3.717948717948718	39
37517	2006	3.841463414634146	41
37518	2006	3.8625	40
37537	2006	3.8055555555555554	90
37552	2006	3.8152173913043477	46
37560	2006	4.397810218978102	137
37568	2006	3.15748031496063	127
37576	2006	4.117088607594937	158
37594	2006	3.8325991189427313	227
37632	2006	3.6914893617021276	47
37639	2006	3.8492063492063493	63
37650	2006	4.0344827586206895	87
37656	2006	3.5	15
37669	2006	4.107142857142857	84
37678	2006	4.191489361702128	47
37683	2006	3.762962962962963	270
37713	2006	3.2238805970149254	67
37720	2006	2.75	94
37724	2006	2.966666666666667	30
37734	2006	3.7413793103448274	58
37739	2006	3.235294117647059	17
37761	2006	3.75	2
37769	2006	3.9364161849710984	173
37773	2006	2.9545454545454546	77
37778	2006	3.75	38
37782	2006	3.611111111111111	54
37802	2006	4.470588235294118	34
37816	2006	4.128865979381444	194
37824	2006	3.94375	80
37857	2006	3.2628318584070795	565
37889	2006	3.925373134328358	67
37898	2006	3.4411764705882355	34
37930	2006	3.966666666666667	45
37934	2006	3.4381443298969074	97
37963	2006	3.8798076923076925	104
37975	2006	3.048780487804878	41
37998	2006	3.861344537815126	119
38008	2006	4.32051282051282	39
38017	2006	3.389830508474576	59
38021	2006	3.0294117647058822	34
38038	2006	3.161849710982659	173
38050	2006	2.6485355648535567	478
38069	2006	3.087112171837709	419
38093	2006	3.3863636363636362	88
38097	2006	3.1713147410358564	753
38115	2006	3.8125	8
38119	2006	3.4523809523809526	21
38140	2006	3.0	23
38147	2006	3.101769911504425	226
38160	2006	3.875	24
38171	2006	3.402542372881356	236
38174	2006	3.75	32
38183	2006	2.881403118040089	898
38208	2006	3.735294117647059	136
38217	2006	3.9347826086956523	23
38230	2006	2.6761363636363638	88
38234	2006	3.18	75
38256	2006	3.977272727272727	22
38269	2006	3.875	28
38280	2006	3.8181818181818183	22
38292	2006	2.813953488372093	43
38318	2006	3.57	50
38347	2006	3.6789473684210527	190
38359	2006	3.880281690140845	71
38363	2006	3.3	115
38410	2006	1.6270783847980999	842
38413	2006	3.4635416666666665	96
38423	2006	3.1813725490196076	102
38435	2006	3.2083333333333335	84
38442	2006	3.2142857142857144	21
38454	2006	4.45475113122172	221
38466	2006	3.4054054054054053	37
38473	2006	3.88	50
38520	2006	3.7588235294117647	85
38527	2006	1.7584269662921348	178
38530	2006	3.814814814814815	27
38540	2006	3.646840148698885	269
38541	2006	3.355769230769231	104
38585	2006	4.068181818181818	44
38595	2006	3.464788732394366	426
38606	2006	3.103448275862069	29
38607	2006	2.1557377049180326	122
38617	2006	3.6581632653061225	98
38646	2006	3.495633187772926	229
38662	2006	3.0168067226890756	119
38664	2006	3.206766917293233	133
38672	2006	3.4303482587064678	804
38683	2006	3.5473684210526315	95
38695	2006	2.4047619047619047	21
38700	2006	3.933333333333333	30
38714	2006	3.4545454545454546	242
38722	2006	3.118181818181818	275
38740	2006	3.061310782241015	473
38760	2006	2.675675675675676	74
38801	2006	2.8846153846153846	26
38803	2006	3.517857142857143	56
38810	2006	3.125	32
38818	2006	2.73728813559322	59
38839	2006	3.5778443113772456	167
38858	2006	3.3970588235294117	170
38870	2006	3.46875	32
38871	2006	3.8666666666666667	45
38875	2006	3.4375	72
38881	2006	3.5916230366492146	191
38884	2006	3.48	25
38913	2006	4.003448275862069	145
38922	2006	4.2155172413793105	116
38927	2006	3.4051724137931036	58
38928	2006	2.714622641509434	212
38933	2006	2.7857142857142856	28
38941	2006	4.203125	32
38990	2006	2.748456790123457	324
39004	2006	3.480132450331126	151
39006	2006	3.5517241379310347	29
39017	2006	3.4444444444444446	72
39027	2006	3.688888888888889	45
39033	2006	3.528	125
39041	2006	3.6483516483516483	91
39045	2006	4.1644736842105265	76
39065	2006	2.9693877551020407	49
39072	2006	2.8181818181818183	33
39119	2006	3.8423076923076924	130
39129	2006	3.068027210884354	147
39147	2006	3.482456140350877	171
39177	2006	3.3118811881188117	303
39186	2006	3.738095238095238	42
39214	2006	4.283333333333333	60
39222	2006	2.738095238095238	21
39243	2006	3.5153846153846153	65
39252	2006	3.65625	32
39261	2006	3.061692969870875	697
39268	2006	4.076502732240437	183
39275	2006	4.2293233082706765	133
39282	2006	3.0138504155124655	361
39290	2006	3.059917355371901	242
39294	2006	1.9946428571428572	280
39362	2006	3.5232558139534884	86
39390	2006	3.7719449225473323	581
39393	2006	3.948717948717949	39
39399	2006	3.7373737373737375	99
39429	2006	3.652173913043478	23
39452	2006	4.263888888888889	36
39463	2006	3.476303317535545	211
39474	2006	3.29082774049217	447
39513	2006	3.5670329670329672	455
39524	2006	3.875581395348837	430
39567	2006	4.454545454545454	33
39586	2006	3.5	24
39607	2006	3.0641025641025643	39
39617	2006	3.838235294117647	34
39620	2006	2.965463108320251	637
39623	2006	4.083333333333333	24
39643	2006	4.435185185185185	54
39653	2006	3.34	50
39677	2006	3.0415549597855227	373
39698	2006	4.166666666666667	24
39728	2006	3.410919540229885	696
39750	2006	3.1379310344827585	58
39765	2006	3.7720588235294117	68
39799	2006	3.0301204819277108	415
39826	2006	3.688259109311741	247
39882	2006	4.023584905660377	106
39917	2006	3.5483870967741935	62
39931	2006	3.7333333333333334	15
39939	2006	3.152173913043478	23
39944	2006	2.9642857142857144	14
39950	2006	3.8278688524590163	61
39951	2006	3.6458333333333335	120
39972	2006	3.5128205128205128	39
39979	2006	4.089285714285714	28
40007	2006	3.8289473684210527	38
40019	2006	3.9857142857142858	35
40025	2006	2.8529411764705883	187
40033	2006	4.211538461538462	52
40054	2006	3.0476190476190474	42
40084	2006	2.943029490616622	746
40123	2006	3.625	172
40141	2006	2.8867924528301887	53
40166	2006	2.8208955223880596	134
40173	2006	3.442857142857143	70
40191	2006	3.966887417218543	151
40197	2006	4.163461538461538	52
40200	2006	3.8855421686746987	83
40229	2006	3.338235294117647	68
40234	2006	4.392523364485982	107
40260	2006	3.2848837209302326	86
40265	2006	3.943609022556391	266
40290	2006	3.2430904522613067	796
40310	2006	3.519607843137255	51
40319	2006	3.2142857142857144	77
40325	2006	3.3095238095238093	21
40357	2006	4.431034482758621	29
40398	2006	2.6018766756032172	373
40414	2006	3.9444444444444446	243
40421	2006	3.388288288288288	555
40429	2006	3.503086419753086	162
40451	2006	3.730769230769231	65
40456	2006	3.2395833333333335	96
40457	2006	3.147727272727273	88
40465	2006	3.4857142857142858	35
40466	2006	4.2025316455696204	79
40508	2006	3.5303030303030303	165
40512	2006	3.8863636363636362	44
40519	2006	2.448051948051948	77
40521	2006	3.9285714285714284	14
40545	2006	3.5697674418604652	43
40556	2006	2.9186046511627906	43
40617	2006	3.2	25
40634	2006	3.375	4
40652	2006	3.728187919463087	149
40663	2006	3.3958333333333335	24
40676	2006	3.173469387755102	49
40682	2006	2.9583333333333335	36
40703	2006	4.219298245614035	114
40722	2006	3.78	25
40737	2006	3.747011952191235	251
40747	2006	3.227272727272727	22
40751	2006	3.4558823529411766	170
40767	2006	4.034090909090909	44
40827	2006	3.761431411530815	503
40837	2006	3.586021505376344	93
40842	2006	4.014204545454546	176
40852	2006	3.597560975609756	41
40872	2006	3.111111111111111	27
40880	2006	2.826923076923077	26
40889	2006	2.705539358600583	343
40897	2006	3.4375	48
40915	2006	4.044444444444444	90
40955	2006	3.5476190476190474	42
40969	2006	3.2241379310344827	29
41000	2006	3.71875	16
41002	2006	3.5	32
41009	2006	2.5555555555555554	27
41036	2006	3.3333333333333335	3
41038	2006	3.3181818181818183	33
41058	2006	3.625	20
41066	2006	3.961206896551724	116
41084	2006	2.9844002151694458	1859
41094	2006	3.9792746113989637	193
41103	2006	2.768867924528302	424
41114	2006	4.0	1
41130	2006	2.7472527472527473	91
41139	2006	3.156862745098039	51
41144	2006	4.086956521739131	46
41172	2006	4.241935483870968	31
41178	2006	3.563380281690141	71
41216	2006	3.9308510638297873	188
41229	2006	3.3777777777777778	45
41234	2006	3.710526315789474	38
41238	2006	3.077319587628866	97
41255	2006	3.8970588235294117	102
41265	2006	3.8225806451612905	31
41302	2006	3.8518518518518516	27
41314	2006	3.101449275362319	414
41316	2006	3.5	7
41357	2006	4.35	20
41365	2006	3.4913793103448274	116
41391	2006	3.9328358208955225	67
41392	2006	3.644230769230769	52
41394	2006	3.6419753086419755	81
41413	2006	3.357142857142857	21
41440	2006	3.6454545454545455	165
41443	2006	3.404255319148936	47
41445	2006	4.259036144578313	83
41464	2006	3.6447368421052633	38
41468	2006	3.9166666666666665	24
41481	2006	2.1189759036144578	332
41491	2006	4.326086956521739	23
41503	2006	3.6440677966101696	59
41528	2006	3.2470034246575343	1168
41534	2006	3.8617021276595747	235
41562	2006	3.978723404255319	94
41627	2006	3.6769230769230767	65
41648	2006	3.4956268221574343	343
41655	2006	3.5625	24
41682	2006	2.6951219512195124	82
41688	2006	3.80188679245283	53
41689	2006	3.587227414330218	321
41702	2006	3.4767441860465116	43
41704	2006	3.702127659574468	141
41710	2006	3.5833333333333335	90
41716	2006	3.0961538461538463	26
41726	2006	3.7291666666666665	192
41770	2006	3.9242424242424243	33
41778	2006	3.6762295081967213	122
41801	2006	4.234375	32
41812	2006	2.581081081081081	37
41827	2006	2.7162162162162162	111
41829	2006	3.8863636363636362	22
41843	2006	3.479381443298969	97
41849	2006	3.2466367713004485	446
41854	2006	4.045454545454546	55
41859	2006	4.144662921348314	356
41868	2006	2.982456140350877	171
41874	2006	3.625	16
41875	2006	3.326687116564417	326
41888	2006	2.875	712
41898	2006	3.7666666666666666	30
41920	2006	2.8360655737704916	61
41950	2006	3.7628458498023716	253
41965	2006	3.456140350877193	57
41976	2006	3.7023809523809526	42
41998	2006	2.8653846153846154	26
42000	2006	3.7283236994219653	346
42016	2006	3.8736462093862816	277
42024	2006	3.4502762430939224	181
42053	2006	4.142857142857143	35
42054	2006	3.0448717948717947	78
42067	2006	2.685185185185185	27
42104	2006	3.9444444444444446	9
42121	2006	3.6341463414634148	41
42124	2006	3.627450980392157	102
42133	2006	4.216666666666667	150
42137	2006	2.859154929577465	71
42147	2006	3.331408775981524	433
42154	2006	2.9217391304347826	920
42164	2006	3.2356687898089174	157
42171	2006	4.006024096385542	83
42201	2006	3.1219512195121952	41
42204	2006	3.0157894736842104	95
42209	2006	3.7547169811320753	53
42220	2006	4.171428571428572	35
42223	2006	4.26	25
42230	2006	3.3641975308641974	81
42236	2006	3.1653696498054473	1028
42241	2006	3.9489795918367347	49
42242	2006	3.1862745098039214	51
42246	2006	3.4130434782608696	138
42290	2006	3.109375	96
42318	2006	4.036363636363636	55
42321	2006	4.535714285714286	14
42333	2006	3.12	25
42337	2006	3.175	60
42360	2006	3.8833333333333333	30
42383	2006	3.6739130434782608	46
42396	2006	3.5256410256410255	39
42411	2006	4.3076923076923075	65
42447	2006	3.5256410256410255	78
42451	2006	2.682795698924731	93
42475	2006	3.317073170731707	41
42484	2006	3.7823758519961053	1027
42495	2006	2.880952380952381	21
42501	2006	3.3507462686567164	268
42522	2006	2.6873065015479876	323
42531	2006	3.5408163265306123	49
42544	2006	3.7916666666666665	24
42545	2006	2.9322033898305087	59
42551	2006	3.4411764705882355	34
42559	2006	3.5608695652173914	115
42566	2006	3.956896551724138	174
42575	2006	4.655555555555556	90
42612	2006	4.45	170
42619	2006	4.5285714285714285	35
42621	2006	3.367965367965368	231
42642	2006	3.9482758620689653	87
42652	2006	3.547945205479452	73
42677	2006	3.911111111111111	45
42688	2006	3.0810249307479225	722
42707	2006	3.347826086956522	46
42754	2006	3.4555555555555557	45
42760	2006	3.4857142857142858	35
42771	2006	3.75	28
42786	2006	3.84375	32
42787	2006	4.340909090909091	22
42792	2006	3.48728813559322	236
42805	2006	3.9411764705882355	34
42816	2006	2.4680762852404645	1206
42834	2006	3.7037037037037037	27
42847	2006	3.4285714285714284	182
42858	2006	3.158536585365854	82
42879	2006	3.5384615384615383	156
42888	2006	3.6478555304740405	443
42898	2006	3.9183673469387754	49
42899	2006	3.9	55
42908	2006	3.7244897959183674	49
42959	2006	3.442857142857143	105
42978	2006	3.4202127659574466	94
43004	2006	3.2247899159663866	238
43011	2006	3.259259259259259	27
43015	2006	4.045454545454546	44
43016	2006	3.1951219512195124	82
43021	2006	3.801775147928994	169
43038	2006	3.982876712328767	292
43070	2006	3.3541666666666665	24
43084	2006	3.75	24
43102	2006	4.366666666666666	30
43104	2006	3.7466666666666666	75
43108	2006	3.782608695652174	23
43113	2006	2.985355648535565	239
43129	2006	3.401639344262295	61
43139	2006	3.2950643776824036	466
43149	2006	3.3684210526315788	57
43157	2006	3.9591836734693877	49
43168	2006	3.3214285714285716	126
43174	2006	3.125615763546798	203
43181	2006	2.603846153846154	130
43194	2006	2.8030085959885387	698
43205	2006	3.773913043478261	115
43213	2006	4.052083333333333	48
43214	2006	3.6666666666666665	60
43222	2006	3.1	30
43231	2006	3.5053763440860215	93
43241	2006	2.9857142857142858	35
43268	2006	3.0454545454545454	22
43269	2006	4.1164772727272725	176
43281	2006	3.03525641025641	156
43307	2006	2.970833333333333	120
43311	2006	4.119047619047619	21
43341	2006	3.36231884057971	69
43347	2006	3.8902439024390243	41
43349	2006	3.375	20
43353	2006	3.5625	384
43364	2006	3.717557251908397	131
43365	2006	3.7058823529411766	34
43376	2006	2.761904761904762	21
43414	2006	4.22093023255814	86
43426	2006	3.2711864406779663	59
43440	2006	3.4304347826086956	115
43450	2006	4.143805309734513	226
43469	2006	3.6619047619047618	105
43479	2006	3.689655172413793	29
43487	2006	3.8725274725274725	455
43501	2006	4.043103448275862	58
43515	2006	3.479768786127168	346
43520	2006	3.8055555555555554	36
43527	2006	3.645021645021645	231
43536	2006	3.9	125
43568	2006	3.2017543859649122	114
43574	2006	3.25	14
43591	2006	3.1448275862068966	435
43603	2006	3.470873786407767	412
43635	2006	3.43375	400
43699	2006	3.3450704225352115	71
43701	2006	3.7857142857142856	7
43706	2006	3.5	78
43710	2006	4.032786885245901	61
43718	2006	4.223214285714286	112
43726	2006	3.2142857142857144	21
43735	2006	3.463636363636364	110
43752	2006	3.4148936170212765	47
43764	2006	3.9955357142857144	224
43775	2006	3.9972527472527473	182
43779	2006	3.19	50
43818	2006	4.01	100
43824	2006	3.72972972972973	74
43829	2006	3.875	32
43838	2006	2.8848857644991215	569
43845	2006	3.6654676258992804	139
43873	2006	2.8866906474820144	278
43883	2006	3.596774193548387	31
43885	2006	3.2448979591836733	49
43893	2006	4.633116883116883	154
43919	2006	3.3771929824561404	57
43944	2006	3.8976377952755907	127
43948	2006	3.264705882352941	34
43953	2006	2.709349593495935	492
43965	2006	3.8271604938271606	162
43979	2006	2.0434782608695654	23
43999	2006	3.4375	152
44015	2006	3.444933920704846	227
44038	2006	2.575	260
44041	2006	3.5412371134020617	97
44048	2006	3.8767123287671232	73
44068	2006	3.227272727272727	22
44076	2006	3.796511627906977	172
44095	2006	3.707317073170732	205
44110	2006	3.238095238095238	21
44117	2006	3.8782696177062372	497
44122	2006	3.8142857142857145	140
44132	2006	4.023809523809524	21
44162	2006	3.701219512195122	82
44168	2006	3.4154411764705883	136
44177	2006	3.564655172413793	116
44205	2006	3.608695652173913	69
44225	2006	3.913793103448276	87
44257	2006	3.6029411764705883	34
44264	2006	3.3584070796460175	113
44269	2006	2.8450704225352115	71
44272	2006	4.151515151515151	33
44285	2006	3.6206896551724137	29
44287	2006	3.6956521739130435	46
44294	2006	2.590909090909091	11
44297	2006	3.3548387096774195	93
44308	2006	3.438053097345133	113
44318	2006	3.705069124423963	217
44324	2006	2.8653846153846154	26
44341	2006	3.509433962264151	265
44350	2006	3.8260869565217392	23
44352	2006	3.6136363636363638	44
44361	2006	4.206521739130435	138
44387	2006	3.9008620689655173	116
44398	2006	3.0371621621621623	148
44402	2006	3.652173913043478	23
44417	2006	4.1438356164383565	73
44430	2006	3.488425925925926	216
44480	2006	3.625	24
44485	2006	3.483805668016194	247
44500	2006	3.137190082644628	605
44519	2006	3.5	25
44528	2006	4.018867924528302	53
44555	2006	3.5163551401869158	214
44558	2006	3.2803030303030303	66
44567	2006	3.254032258064516	124
44571	2006	3.7758620689655173	29
44585	2006	3.619047619047619	63
44591	2006	3.495222929936306	314
44617	2006	3.6133004926108376	203
44643	2006	3.147007042253521	568
44647	2006	3.298076923076923	52
44654	2006	3.75	42
44684	2006	1.4204545454545454	44
44690	2006	4.111111111111111	27
44708	2006	3.2577639751552794	322
44729	2006	3.446245733788396	586
44744	2006	2.6794871794871793	39
44757	2006	4.119402985074627	67
44775	2006	3.1963746223564953	331
44776	2006	3.7708333333333335	144
44786	2006	2.9270833333333335	1008
44825	2006	4.3875	40
44847	2006	4.03030303030303	66
44867	2006	3.8333333333333335	36
44875	2006	4.261627906976744	86
44881	2006	3.8010204081632653	98
44891	2006	3.8378378378378377	37
44900	2006	2.83125	80
44915	2006	3.576923076923077	52
44937	2006	3.4607843137254903	306
44959	2006	4.642857142857143	21
44980	2006	3.2131147540983607	61
44989	2006	4.232095490716181	754
44993	2006	2.711904761904762	210
45012	2006	3.019607843137255	51
45021	2006	3.7314814814814814	54
45025	2006	3.3875	120
45042	2006	3.1584158415841586	303
45045	2006	3.1535087719298245	114
45049	2006	4.306818181818182	88
45064	2006	1.325	20
45070	2006	3.54	50
45071	2006	3.2255434782608696	184
45081	2006	3.9696969696969697	33
45084	2006	2.980769230769231	26
45106	2006	3.372093023255814	172
45114	2006	3.7281976744186047	344
45129	2006	3.517857142857143	56
45151	2006	3.6991786447638604	487
45167	2006	4.1521739130434785	23
45187	2006	3.4915254237288136	59
45213	2006	3.2560553633217992	578
45257	2006	3.3866666666666667	75
45277	2006	3.526415094339623	265
45286	2006	3.3117647058823527	170
45303	2006	3.7151162790697674	172
45314	2006	3.713235294117647	68
45322	2006	3.6875	32
45345	2006	4.115384615384615	26
45356	2006	3.2941176470588234	85
45371	2006	3.389705882352941	68
45379	2006	4.166666666666667	24
45390	2006	3.6341463414634148	41
45401	2006	3.3394495412844036	109
45414	2006	3.8160919540229883	174
45443	2006	3.165264928511354	1189
45456	2006	3.6226415094339623	53
45473	2006	3.522222222222222	180
45474	2006	3.603321033210332	271
45478	2006	3.7542372881355934	118
45482	2006	3.375	16
45483	2006	3.984375	32
45503	2006	3.590909090909091	22
45510	2006	3.641509433962264	53
45517	2006	3.5625	24
45527	2006	3.035	100
45545	2006	3.7261904761904763	42
45583	2006	3.6219512195121952	82
45586	2006	3.0	18
45607	2006	4.2	60
45617	2006	3.586206896551724	29
45626	2006	3.7261904761904763	42
45634	2006	2.8378378378378377	37
45648	2006	3.263358778625954	131
45651	2006	3.824675324675325	77
45656	2006	4.027272727272727	55
45668	2006	3.97737556561086	221
45672	2006	3.183333333333333	60
45691	2006	3.9482758620689653	29
45710	2006	3.6470588235294117	34
45720	2006	3.9635036496350367	274
45721	2006	3.674698795180723	83
45734	2006	3.2709923664122136	131
45749	2006	4.158536585365853	123
45757	2006	3.659090909090909	22
45771	2006	3.972972972972973	37
45777	2006	3.6785714285714284	28
45783	2006	3.7291666666666665	48
45809	2006	3.753623188405797	69
45837	2006	3.790909090909091	110
45846	2006	3.6375	280
45852	2006	3.4058823529411764	85
45881	2006	3.5904255319148937	94
45901	2006	3.94	50
45979	2006	3.658536585365854	82
45987	2006	3.103448275862069	116
46025	2006	3.9347826086956523	23
46033	2006	3.4027777777777777	36
46042	2006	3.111111111111111	27
46068	2006	2.3389830508474576	59
46069	2006	4.145429362880886	361
46071	2006	2.409090909090909	33
46080	2006	3.730769230769231	13
46085	2006	3.386178861788618	123
46102	2006	3.7167832167832167	143
46116	2006	3.4	35
46126	2006	3.6	30
46147	2006	3.2966101694915255	59
46182	2006	3.9615384615384617	26
46185	2006	3.0527950310559007	161
46195	2006	3.8461538461538463	26
31937	2006	3.453125	64
32972	2006	3.5	24
35105	2006	3.7028985507246377	69
36207	2006	3.556338028169014	71
37253	2006	3.7	5
38239	2006	2.975	20
38785	2006	3.857142857142857	14
38807	2006	3.5833333333333335	18
40154	2006	3.511904761904762	42
41119	2006	4.568181818181818	22
42428	2006	3.767857142857143	28
42740	2006	3.4313725490196076	51
43991	2006	3.75	30
43992	2006	3.3157894736842106	38
45039	2006	3.3043478260869565	23
45092	2006	3.75	4
45220	2006	3.642857142857143	7
45747	2006	3.8333333333333335	36
31380	2006	3.642857142857143	7
36367	2006	3.28125	16
38258	2006	4.0	11
40535	2006	4.365384615384615	26
41027	2006	3.689189189189189	37
42723	2006	4.52	25
42863	2006	3.5	4
44706	2006	3.5	10
44983	2006	4.125	4
45594	2006	2.625	4
45685	2006	3.0	1
34334	2006	3.0	1
34716	2006	3.5	5
35223	2006	4.0	1
36382	2006	3.5	2
36559	2006	4.25	4
36579	2006	3.642857142857143	7
38340	2006	4.0	2
40146	2006	4.1	5
40523	2006	3.75	4
40976	2006	3.313953488372093	43
41253	2006	3.3795180722891565	166
41755	2006	3.5	1
43356	2006	3.586206896551724	29
44545	2006	3.0	1
46081	2006	3.65625	16