38	2007	4.219512195121951	82
78	2007	4.064516129032258	31
124	2007	3.526315789473684	19
127	2007	3.3484848484848486	33
144	2007	3.5617283950617282	81
155	2007	3.960227272727273	88
170	2007	4.1923076923076925	13
175	2007	4.5344827586206895	29
190	2007	3.1964285714285716	56
198	2007	4.036388140161725	371
212	2007	3.2222222222222223	36
215	2007	4.2125	40
222	2007	3.24	25
246	2007	3.120879120879121	91
249	2007	3.7535714285714286	140
267	2007	2.861111111111111	18
323	2007	3.896551724137931	29
325	2007	3.5	15
373	2007	3.3	10
383	2007	3.0	74
435	2007	3.865079365079365	63
465	2007	3.973684210526316	19
467	2007	4.131578947368421	38
476	2007	3.75	18
477	2007	3.9732824427480917	131
487	2007	3.519230769230769	52
498	2007	3.3536585365853657	41
503	2007	4.395833333333333	24
509	2007	4.586294416243655	197
516	2007	3.6031746031746033	63
533	2007	3.295918367346939	49
543	2007	3.696969696969697	99
548	2007	4.382352941176471	34
596	2007	3.8	5
608	2007	2.9913793103448274	58
636	2007	2.9574468085106385	47
640	2007	4.375	8
657	2007	4.217391304347826	69
660	2007	3.6166666666666667	90
714	2007	3.720125786163522	159
723	2007	3.5595238095238093	42
728	2007	4.075757575757576	33
742	2007	3.5632530120481927	166
783	2007	3.0669642857142856	112
788	2007	3.894524959742351	621
820	2007	3.6515151515151514	66
834	2007	4.166666666666667	6
839	2007	3.591549295774648	71
861	2007	4.0813953488372094	43
902	2007	4.181818181818182	11
922	2007	3.8105095541401273	314
950	2007	4.387096774193548	62
967	2007	3.066265060240964	83
980	2007	3.5952380952380953	21
985	2007	3.7232142857142856	112
1008	2007	3.5632911392405062	79
1013	2007	3.782608695652174	23
1017	2007	3.3035714285714284	28
1035	2007	3.3986013986013988	143
1047	2007	3.782608695652174	23
1068	2007	3.7222222222222223	27
1069	2007	3.9125	40
1077	2007	3.196280991735537	242
1090	2007	4.285185185185185	135
1093	2007	3.4347826086956523	23
1122	2007	3.7674418604651163	43
1137	2007	3.7	10
1169	2007	3.6510204081632653	245
1174	2007	3.18125	80
1198	2007	3.6436567164179103	268
1224	2007	3.6578947368421053	95
1225	2007	3.5153846153846153	65
1237	2007	3.564516129032258	124
1252	2007	4.110576923076923	208
1256	2007	3.4361702127659575	47
1267	2007	3.9014598540145986	137
1278	2007	3.4615384615384617	65
1282	2007	4.023255813953488	43
1289	2007	4.125	48
1297	2007	4.118421052631579	38
1318	2007	4.259740259740259	77
1326	2007	3.7228506787330318	442
1355	2007	3.6547619047619047	504
1367	2007	3.888888888888889	27
1392	2007	3.0364583333333335	96
1408	2007	3.039473684210526	38
1419	2007	2.3095238095238093	21
1436	2007	3.303370786516854	89
1439	2007	4.073333333333333	75
1442	2007	4.2105263157894735	19
1445	2007	2.7777777777777777	54
1466	2007	4.368421052631579	57
1469	2007	3.669642857142857	112
1485	2007	3.8333333333333335	12
1496	2007	4.073684210526316	190
1499	2007	3.39922480620155	129
1504	2007	3.6264367816091956	87
1510	2007	3.760869565217391	92
1547	2007	2.8333333333333335	3
1590	2007	3.0298672566371683	452
1606	2007	3.2241379310344827	29
1640	2007	3.888888888888889	27
1652	2007	4.025735294117647	136
1663	2007	3.4022082018927446	317
1728	2007	3.7041666666666666	120
1741	2007	3.1294117647058823	85
1745	2007	3.2958333333333334	120
1782	2007	3.6911764705882355	34
1786	2007	3.673828125	256
1793	2007	3.1666666666666665	3
1794	2007	3.556179775280899	89
1805	2007	3.423076923076923	117
1841	2007	3.78	125
1854	2007	3.164963503649635	685
1860	2007	3.1188524590163933	244
1861	2007	3.3035714285714284	28
1871	2007	4.120689655172414	58
1881	2007	3.9886363636363638	44
1908	2007	2.862264150943396	530
1910	2007	3.080357142857143	56
1915	2007	3.308531746031746	504
1932	2007	3.458677685950413	121
1988	2007	3.4060283687943262	282
2034	2007	3.0	41
2064	2007	3.801980198019802	101
2102	2007	4.063218390804598	87
2116	2007	3.6634615384615383	52
2122	2007	2.7411504424778763	226
2131	2007	3.537037037037037	27
2134	2007	3.2444444444444445	45
2162	2007	3.625	28
2167	2007	3.625	36
2168	2007	3.51171875	384
2204	2007	3.1903669724770642	436
2205	2007	4.22	25
2214	2007	3.2954545454545454	22
2218	2007	2.918032786885246	61
2315	2007	3.1526315789473682	95
2325	2007	3.0737704918032787	61
2326	2007	3.781767955801105	181
2369	2007	3.90625	48
2377	2007	2.875	4
2407	2007	3.9690265486725664	113
2414	2007	3.7882513661202184	366
2429	2007	3.1451612903225805	31
2435	2007	3.8333333333333335	3
2477	2007	3.888888888888889	36
2492	2007	4.0	10
2496	2007	3.9298245614035086	57
2505	2007	3.6153846153846154	13
2510	2007	3.75531914893617	94
2513	2007	4.148148148148148	135
2517	2007	3.388888888888889	45
2527	2007	4.125	12
2536	2007	3.6025641025641026	39
2556	2007	4.0	6
2558	2007	3.3469387755102042	147
2574	2007	4.057142857142857	210
2584	2007	3.706168831168831	616
2593	2007	3.9414414414414414	111
2605	2007	3.725	40
2627	2007	3.86734693877551	49
2643	2007	3.3354430379746836	79
2686	2007	3.5482866043613708	321
2711	2007	3.8285714285714287	105
2714	2007	3.1103896103896105	77
2727	2007	4.253731343283582	67
2736	2007	3.6	125
2785	2007	3.5929203539823007	113
2793	2007	4.083333333333333	90
2802	2007	3.6195219123505975	251
2820	2007	3.6	5
2841	2007	3.6724137931034484	29
2842	2007	3.752173913043478	115
2852	2007	3.0	16
2853	2007	3.382239382239382	259
2867	2007	3.6206896551724137	58
2879	2007	2.6129032258064515	31
2891	2007	3.426470588235294	34
2892	2007	3.743197278911565	294
2895	2007	3.6950549450549453	182
2901	2007	3.6666666666666665	42
2904	2007	3.3484848484848486	33
2910	2007	3.3836477987421385	159
3006	2007	4.024390243902439	82
3017	2007	3.5384615384615383	26
3022	2007	3.6445086705202314	173
3038	2007	3.9285714285714284	14
3104	2007	3.3132530120481927	166
3106	2007	2.871794871794872	78
3117	2007	4.0	9
3126	2007	3.2857142857142856	63
3130	2007	4.233333333333333	45
3149	2007	2.9175	200
3171	2007	3.3333333333333335	144
3174	2007	3.7209302325581395	86
3190	2007	3.669230769230769	65
3197	2007	3.3194444444444446	72
3202	2007	3.7621951219512195	82
3219	2007	2.288973384030418	263
3229	2007	3.4166666666666665	6
3230	2007	3.663793103448276	58
3244	2007	4.0	156
3266	2007	3.7	15
3271	2007	3.606382978723404	94
3277	2007	3.358361774744027	293
3301	2007	3.6494252873563218	87
3313	2007	4.044642857142857	56
3325	2007	2.940074906367041	267
3330	2007	3.7948717948717947	39
3369	2007	3.8472222222222223	36
3384	2007	3.130901287553648	233
3408	2007	2.486842105263158	76
3418	2007	3.4142091152815013	373
3429	2007	3.861111111111111	72
3440	2007	3.28125	96
3451	2007	3.682926829268293	41
3485	2007	3.3333333333333335	69
3527	2007	3.792682926829268	123
3546	2007	4.247619047619048	105
3575	2007	3.9722222222222223	18
3584	2007	3.8055555555555554	234
3594	2007	3.2531645569620253	79
3595	2007	3.767857142857143	420
3629	2007	3.279220779220779	77
3639	2007	3.625	44
3783	2007	4.461538461538462	13
3810	2007	2.6594202898550723	276
3817	2007	2.8956723338485317	647
3843	2007	4.2011494252873565	87
3853	2007	3.638888888888889	36
3860	2007	2.772727272727273	44
3861	2007	4.3	55
3868	2007	3.9166666666666665	30
3921	2007	4.25	4
3922	2007	3.633093525179856	139
3937	2007	3.515625	32
3947	2007	3.8461538461538463	26
3976	2007	4.166666666666667	6
3977	2007	4.211072664359862	578
3987	2007	3.7837837837837838	148
3991	2007	2.0	87
4002	2007	3.7115384615384617	104
4013	2007	3.7183098591549295	71
4022	2007	3.442622950819672	61
4053	2007	2.419811320754717	212
4087	2007	3.0526315789473686	19
4092	2007	3.689655172413793	29
4106	2007	3.7711864406779663	177
4122	2007	2.9	25
4129	2007	4.200251889168766	397
4157	2007	3.455357142857143	56
4171	2007	4.064705882352941	170
4183	2007	3.4634146341463414	41
4184	2007	3.308641975308642	81
4201	2007	3.26	75
4210	2007	3.859550561797753	89
4218	2007	3.683206106870229	262
4224	2007	3.4603174603174605	63
4244	2007	3.9672131147540983	122
4254	2007	3.7142857142857144	70
4257	2007	3.402439024390244	41
4272	2007	3.099099099099099	111
4318	2007	2.802325581395349	43
4365	2007	3.7949640287769784	139
4375	2007	2.876865671641791	134
4450	2007	4.2073170731707314	123
4459	2007	3.8562753036437245	247
4474	2007	3.852201257861635	159
4488	2007	3.953488372093023	86
4504	2007	3.769230769230769	26
4517	2007	3.432098765432099	324
4540	2007	3.566666666666667	30
4549	2007	2.9835616438356163	365
4574	2007	3.933333333333333	60
4584	2007	3.631868131868132	91
4598	2007	2.775	40
4601	2007	3.806451612903226	155
4642	2007	3.933333333333333	15
4650	2007	3.382051282051282	195
4657	2007	4.066202090592334	287
4689	2007	3.142857142857143	28
4704	2007	2.8253968253968256	63
4719	2007	3.824324324324324	37
4727	2007	3.2	45
4739	2007	4.105263157894737	19
4780	2007	3.642857142857143	28
4796	2007	3.5121951219512195	41
4800	2007	3.0728155339805827	206
4812	2007	3.235294117647059	34
4842	2007	3.767326732673267	101
4864	2007	3.6341463414634148	123
4868	2007	3.985148514851485	202
4884	2007	4.285714285714286	14
4886	2007	4.148648648648648	74
4918	2007	4.013636363636364	110
4944	2007	3.5565610859728505	221
4978	2007	3.02027027027027	74
5002	2007	3.888157894736842	76
5008	2007	3.7171052631578947	76
5019	2007	3.755813953488372	43
5053	2007	3.75	72
5062	2007	3.2587336244541483	458
5075	2007	3.9166666666666665	6
5085	2007	3.121212121212121	99
5090	2007	4.0	10
5091	2007	4.073170731707317	41
5096	2007	4.007352941176471	68
5105	2007	3.4941176470588236	85
5110	2007	4.148897058823529	272
5129	2007	3.669421487603306	121
5134	2007	3.4166666666666665	66
5139	2007	3.8297872340425534	47
5143	2007	4.261904761904762	105
5183	2007	3.952830188679245	53
5227	2007	3.577445652173913	368
5231	2007	4.0131578947368425	38
5232	2007	3.244186046511628	43
5236	2007	4.361111111111111	90
5238	2007	3.7857142857142856	28
5252	2007	4.05	10
5267	2007	3.9224137931034484	58
5270	2007	3.8181818181818183	11
5286	2007	4.3984375	64
5392	2007	3.1341463414634148	41
5400	2007	3.408450704225352	71
5422	2007	4.333333333333333	6
5461	2007	3.2507598784194527	329
5469	2007	3.5288461538461537	52
5480	2007	3.015625	32
5491	2007	3.926829268292683	41
5507	2007	3.727272727272727	11
5508	2007	3.857142857142857	7
5510	2007	3.316666666666667	30
5534	2007	4.130769230769231	130
5546	2007	4.305732484076433	314
5557	2007	4.128205128205129	39
5570	2007	4.090909090909091	22
5583	2007	3.8055555555555554	36
5628	2007	3.9324324324324325	37
5641	2007	3.5476190476190474	21
5659	2007	4.205882352941177	17
5667	2007	3.692872117400419	477
5670	2007	3.973684210526316	19
5671	2007	2.875	40
5687	2007	4.357954545454546	176
5703	2007	4.1454545454545455	220
5716	2007	3.3121272365805168	503
5719	2007	3.830508474576271	59
5723	2007	3.2222222222222223	36
5760	2007	3.6	5
5782	2007	2.83974358974359	78
5798	2007	2.9338842975206614	121
5805	2007	3.82	25
5829	2007	2.8452380952380953	84
5832	2007	3.5	22
5858	2007	3.3055555555555554	18
5861	2007	3.857142857142857	14
5886	2007	4.467272727272727	275
5917	2007	3.0161290322580645	124
5939	2007	3.0028901734104045	173
5954	2007	3.575	40
5955	2007	3.504816375677303	1661
5965	2007	3.970108695652174	184
5978	2007	3.5	35
5983	2007	3.28125	32
6002	2007	3.1666666666666665	33
6018	2007	2.606521739130435	460
6045	2007	4.4	10
6077	2007	3.4473684210526314	19
6105	2007	4.305555555555555	54
6163	2007	2.74468085106383	94
6168	2007	3.427480916030534	131
6172	2007	3.7027027027027026	37
6210	2007	3.869565217391304	23
6224	2007	3.636904761904762	84
6227	2007	3.882978723404255	47
6253	2007	3.296	125
6276	2007	2.777566539923954	263
6285	2007	3.424731182795699	93
6289	2007	3.701219512195122	82
6294	2007	3.554726368159204	201
6323	2007	3.641891891891892	74
6338	2007	5.0	2
6352	2007	3.064814814814815	54
6354	2007	2.75	38
6362	2007	3.8863636363636362	44
6363	2007	3.526530612244898	245
6375	2007	3.52	25
6377	2007	4.538461538461538	26
6426	2007	4.157894736842105	19
6431	2007	3.3333333333333335	6
6443	2007	3.347826086956522	23
6444	2007	2.5238095238095237	21
6477	2007	3.433673469387755	294
6486	2007	3.9239130434782608	46
6508	2007	3.625714285714286	175
6522	2007	4.1521739130434785	23
6532	2007	3.75	4
6541	2007	3.776595744680851	47
6550	2007	3.0364077669902914	206
6555	2007	3.675	20
6571	2007	3.1176470588235294	51
6601	2007	3.932926829268293	82
6610	2007	3.6285714285714286	35
6625	2007	3.762237762237762	143
6644	2007	3.875	4
6662	2007	3.75	100
6699	2007	4.326086956521739	23
6709	2007	3.6357142857142857	140
6717	2007	3.6431451612903225	248
6725	2007	3.7379679144385025	187
6731	2007	4.406779661016949	59
6757	2007	2.623873873873874	444
6758	2007	3.28125	80
6769	2007	4.166666666666667	48
6770	2007	3.272357723577236	123
6776	2007	3.8661417322834644	254
6785	2007	4.18	25
6854	2007	3.6315789473684212	19
6859	2007	3.708955223880597	67
6869	2007	3.2011494252873565	87
6905	2007	4.085714285714285	35
6916	2007	3.9078947368421053	38
6926	2007	3.911764705882353	51
6941	2007	3.3551724137931034	145
6969	2007	3.806122448979592	49
6992	2007	3.269911504424779	113
7032	2007	3.2954545454545454	22
7049	2007	3.4411764705882355	34
7055	2007	3.6825396825396823	126
7057	2007	3.3621794871794872	312
7061	2007	3.618181818181818	55
7067	2007	3.842741935483871	124
7069	2007	3.75	6
7085	2007	3.9583333333333335	24
7092	2007	3.303072625698324	358
7109	2007	3.361581920903955	177
7136	2007	3.9285714285714284	21
7142	2007	3.696969696969697	66
7145	2007	3.9622641509433962	53
7181	2007	3.0	65
7193	2007	4.1911764705882355	34
7195	2007	3.1582278481012658	79
7198	2007	3.34297520661157	363
7212	2007	3.417098445595855	193
7248	2007	2.3125	24
7287	2007	3.742857142857143	70
7304	2007	3.172185430463576	151
7306	2007	3.7083333333333335	24
7315	2007	2.9245283018867925	53
7329	2007	3.6666666666666665	6
7354	2007	3.8221830985915495	284
7393	2007	3.5718157181571817	369
7411	2007	3.5328947368421053	152
7418	2007	4.017857142857143	28
7422	2007	4.476190476190476	63
7471	2007	1.8920454545454546	88
7478	2007	3.1148148148148147	135
7499	2007	3.810344827586207	29
7515	2007	4.016129032258065	31
7530	2007	3.3916666666666666	60
7534	2007	3.217948717948718	78
7573	2007	4.4423076923076925	52
7587	2007	3.0446808510638297	235
7591	2007	3.395348837209302	43
7612	2007	3.2454545454545456	55
7624	2007	2.5662983425414363	181
7630	2007	2.8636363636363638	22
7635	2007	3.860169491525424	118
7646	2007	4.305555555555555	18
7650	2007	3.55	80
7679	2007	3.1553398058252426	103
7684	2007	3.1041666666666665	24
7701	2007	3.3826291079812205	213
7704	2007	3.7777777777777777	9
7717	2007	3.9281045751633985	153
7727	2007	3.5860655737704916	122
7728	2007	4.8798076923076925	104
7737	2007	4.05	80
7743	2007	3.6666666666666665	3
7764	2007	3.0871559633027523	109
7774	2007	3.5806451612903225	93
7778	2007	3.89	50
7790	2007	3.75	26
7815	2007	3.8	35
7819	2007	3.75	26
7838	2007	4.413043478260869	23
7849	2007	3.0459302325581397	860
7860	2007	3.1339285714285716	168
7864	2007	3.369565217391304	23
7919	2007	3.5	7
7938	2007	2.8225806451612905	217
7962	2007	3.5853658536585367	164
7979	2007	2.883190883190883	351
8003	2007	4.25	8
8014	2007	3.2966101694915255	59
8021	2007	3.517921146953405	279
8035	2007	4.3	35
8041	2007	3.450980392156863	102
8042	2007	3.6400862068965516	232
8058	2007	3.536764705882353	136
8082	2007	4.196428571428571	28
8097	2007	3.6519607843137254	612
8109	2007	3.592964824120603	199
8136	2007	3.5955882352941178	68
8147	2007	3.608108108108108	111
8166	2007	4.259090909090909	110
8168	2007	3.0	53
8173	2007	3.9875	80
8189	2007	3.9368421052631577	95
8208	2007	2.9482758620689653	29
8209	2007	3.625514403292181	243
8212	2007	3.3275862068965516	58
8216	2007	4.311594202898551	69
8238	2007	2.9930555555555554	72
8248	2007	4.07514450867052	173
8253	2007	3.8793103448275863	29
8265	2007	3.2777777777777777	63
8267	2007	2.3653846153846154	52
8274	2007	4.029411764705882	17
8275	2007	4.02177485620378	1217
8289	2007	3.2078313253012047	166
8294	2007	3.410569105691057	123
8298	2007	3.90625	48
8317	2007	2.8405797101449277	138
8333	2007	3.3907563025210083	119
8352	2007	2.983974358974359	312
8357	2007	3.4719512195121953	410
8393	2007	3.642857142857143	14
8395	2007	4.219858156028369	141
8396	2007	3.5625	48
8447	2007	4.099462365591398	186
8459	2007	3.8658536585365852	41
8467	2007	3.286324786324786	117
8486	2007	4.465909090909091	44
8499	2007	3.6363636363636362	66
8517	2007	3.8125	48
8569	2007	3.5454545454545454	44
8610	2007	3.1884615384615387	260
8619	2007	4.336956521739131	92
8621	2007	3.5972222222222223	72
8624	2007	2.893258426966292	89
8639	2007	3.6818181818181817	55
8651	2007	3.957943925233645	107
8653	2007	3.8157894736842106	95
8665	2007	3.521390374331551	187
8668	2007	4.071428571428571	7
8680	2007	3.768867924528302	106
8682	2007	4.017857142857143	56
8683	2007	3.2181818181818183	55
8688	2007	3.7023809523809526	42
8699	2007	4.214285714285714	14
8704	2007	3.043046357615894	151
8713	2007	4.153333333333333	75
8735	2007	3.8796296296296298	54
8740	2007	3.7435897435897436	195
8741	2007	3.1956521739130435	46
8751	2007	4.178571428571429	98
8757	2007	3.546153846153846	65
8775	2007	3.710144927536232	69
8782	2007	3.123529411764706	85
8784	2007	3.4047619047619047	21
8787	2007	3.5275229357798166	109
8803	2007	2.888059701492537	67
8808	2007	3.286231884057971	138
8811	2007	2.6241610738255035	149
8814	2007	3.6538461538461537	65
8826	2007	3.4846153846153847	65
8833	2007	3.2254901960784315	51
8843	2007	3.896	125
8862	2007	4.0	21
8867	2007	3.4375	24
8869	2007	3.5076923076923077	65
8894	2007	3.5357142857142856	28
8905	2007	3.1451612903225805	62
8930	2007	3.55	20
8970	2007	3.608910891089109	101
8984	2007	3.87	100
8991	2007	4.071428571428571	35
9021	2007	4.341269841269841	63
9034	2007	3.5625	48
9039	2007	3.293103448275862	29
9048	2007	2.8846153846153846	13
9060	2007	4.046511627906977	43
9070	2007	4.178571428571429	42
9127	2007	4.159898477157361	197
9139	2007	3.464259927797834	1385
9161	2007	4.0	3
9166	2007	2.871853546910755	437
9177	2007	3.473684210526316	38
9182	2007	3.6083743842364533	203
9193	2007	3.044776119402985	67
9201	2007	4.092592592592593	27
9212	2007	3.5290360046457607	861
9246	2007	2.4583333333333335	264
9277	2007	3.782608695652174	23
9287	2007	3.409090909090909	33
9311	2007	3.0952380952380953	21
9331	2007	3.4107142857142856	28
9343	2007	3.0294117647058822	17
9345	2007	3.142857142857143	21
9353	2007	3.6569767441860463	172
9359	2007	3.4823529411764707	85
9370	2007	3.72972972972973	74
9376	2007	2.8378378378378377	37
9385	2007	3.769230769230769	52
9394	2007	3.193548387096774	31
9410	2007	4.076923076923077	13
9411	2007	3.6739130434782608	23
9415	2007	3.5	10
9441	2007	2.9444444444444446	9
9453	2007	3.9397590361445785	83
9454	2007	2.962025316455696	79
9462	2007	3.9414893617021276	564
9470	2007	3.9166666666666665	18
9476	2007	3.5392156862745097	51
9503	2007	1.7647058823529411	17
9519	2007	4.252551020408164	196
9554	2007	4.037234042553192	94
9564	2007	4.311764705882353	85
9572	2007	3.6333333333333333	45
9580	2007	3.4827586206896552	116
9588	2007	3.505813953488372	86
9593	2007	4.238888888888889	90
9595	2007	3.4014084507042255	71
9600	2007	3.4791666666666665	24
9618	2007	3.5277777777777777	216
9629	2007	3.154255319148936	94
9636	2007	4.638888888888889	18
9637	2007	3.8940677966101696	118
9647	2007	4.185185185185185	27
9654	2007	2.9166666666666665	6
9657	2007	3.8142857142857145	210
9706	2007	3.75	12
9807	2007	4.303149606299213	127
9819	2007	3.70625	160
9828	2007	3.8035714285714284	56
9836	2007	3.8255813953488373	43
9852	2007	3.456140350877193	57
9872	2007	3.942528735632184	87
9900	2007	4.203703703703703	54
9917	2007	3.1963824289405687	387
9926	2007	3.5	70
9934	2007	3.7279411764705883	272
9941	2007	3.164285714285714	70
9943	2007	4.833333333333333	9
9965	2007	3.1	5
9970	2007	3.090909090909091	275
9981	2007	4.027777777777778	18
9986	2007	3.9782608695652173	23
10006	2007	4.490963855421687	166
10014	2007	3.573529411764706	34
10015	2007	3.8333333333333335	30
10025	2007	2.921602787456446	287
10036	2007	4.05	10
10051	2007	2.7987132352941178	1088
10057	2007	4.098214285714286	56
10064	2007	2.977272727272727	22
10102	2007	3.7662337662337664	77
10111	2007	3.7142857142857144	7
10132	2007	3.3633928571428573	560
10155	2007	3.8333333333333335	24
10163	2007	4.166666666666667	21
10182	2007	4.194444444444445	72
10191	2007	3.8951612903225805	62
10210	2007	4.027777777777778	36
10214	2007	4.5	9
10220	2007	3.7155172413793105	58
10257	2007	3.465909090909091	132
10281	2007	3.4507042253521125	71
10292	2007	3.5	18
10293	2007	4.214285714285714	14
10302	2007	4.164	125
10313	2007	3.9234234234234235	111
10323	2007	4.214285714285714	7
10324	2007	3.3069053708439897	391
10328	2007	3.6176470588235294	17
10344	2007	2.8333333333333335	45
10355	2007	3.8076923076923075	52
10368	2007	3.25	118
10402	2007	3.63953488372093	43
10420	2007	2.7977707006369426	314
10427	2007	2.5405844155844157	308
10464	2007	3.6481481481481484	27
10503	2007	3.7375	160
10516	2007	3.7211538461538463	52
10522	2007	3.4939759036144578	83
10554	2007	3.25	26
10570	2007	3.6052631578947367	19
10583	2007	3.5892857142857144	28
10598	2007	3.359550561797753	89
10608	2007	3.9814814814814814	27
10638	2007	3.933333333333333	30
10648	2007	2.6538461538461537	104
10665	2007	2.7028985507246377	345
10674	2007	3.1297117516629713	451
10680	2007	2.4213036565977744	629
10699	2007	3.5	22
10708	2007	3.0833333333333335	24
10709	2007	3.6502890173410405	173
10715	2007	3.0134730538922154	334
10739	2007	4.333333333333333	6
10750	2007	3.357142857142857	63
10759	2007	3.432926829268293	164
10761	2007	3.8645833333333335	48
10772	2007	3.290909090909091	55
10777	2007	3.772727272727273	22
10783	2007	3.816326530612245	98
10791	2007	2.8863636363636362	22
10792	2007	3.6041666666666665	24
10799	2007	3.9183673469387754	49
10809	2007	3.0982142857142856	112
10858	2007	3.650943396226415	106
10896	2007	3.6796875	128
10905	2007	3.48546511627907	172
10917	2007	3.869485294117647	272
10931	2007	3.7666666666666666	90
10937	2007	3.7142857142857144	7
10957	2007	3.515151515151515	33
10986	2007	3.5833333333333335	12
10987	2007	3.5416666666666665	72
10997	2007	3.3223684210526314	76
11000	2007	3.75	10
11018	2007	3.42	150
11023	2007	3.875	188
11032	2007	4.755172413793104	145
11042	2007	3.650943396226415	106
11045	2007	3.971264367816092	174
11077	2007	2.391891891891892	37
11090	2007	3.5476190476190474	147
11108	2007	3.576923076923077	13
11114	2007	2.982142857142857	84
11117	2007	4.0	31
11124	2007	3.7767857142857144	56
11138	2007	4.083333333333333	30
11154	2007	3.194915254237288	59
11162	2007	3.6	5
11179	2007	4.214285714285714	14
11187	2007	2.8846153846153846	26
11189	2007	4.129310344827586	58
11209	2007	4.13125	80
11220	2007	3.8846153846153846	26
11234	2007	1.7	25
11244	2007	3.3181818181818183	22
11268	2007	3.522727272727273	22
11286	2007	3.1451612903225805	31
11293	2007	3.3727272727272726	110
11314	2007	2.8994708994708995	189
11326	2007	3.3533333333333335	75
11338	2007	3.8333333333333335	57
11342	2007	4.25	24
11346	2007	3.561224489795918	147
11361	2007	4.014423076923077	104
11371	2007	3.369565217391304	23
11388	2007	4.02710843373494	166
11403	2007	3.686991869918699	123
11411	2007	3.7960526315789473	76
11420	2007	3.4615384615384617	13
11434	2007	3.9193548387096775	93
11436	2007	3.8255813953488373	86
11442	2007	4.0	2
11448	2007	3.0947204968944098	322
11479	2007	4.270833333333333	48
11485	2007	2.7403846153846154	52
11495	2007	3.2264150943396226	53
11503	2007	3.839622641509434	53
11509	2007	3.7777777777777777	9
11515	2007	3.6043046357615895	302
11521	2007	3.5885416666666665	96
11536	2007	3.8659217877094973	179
11563	2007	3.5240963855421685	83
11570	2007	3.44390243902439	205
11613	2007	3.0277777777777777	18
11628	2007	3.7093023255813953	86
11638	2007	3.8539928486293205	839
11646	2007	3.769230769230769	1001
11652	2007	3.140625	64
11664	2007	3.5551948051948052	154
11680	2007	2.8947368421052633	38
11711	2007	3.7698412698412698	63
11712	2007	3.6033519553072626	358
11721	2007	3.7857142857142856	77
11728	2007	3.7222222222222223	18
11739	2007	3.5051020408163267	294
11744	2007	3.3333333333333335	87
11758	2007	2.9655172413793105	58
11760	2007	2.8023045639403525	2213
11769	2007	4.071428571428571	49
11782	2007	3.9761904761904763	21
11803	2007	2.93232044198895	362
11807	2007	3.7010869565217392	92
11810	2007	4.5	1
11824	2007	3.5266821345707657	431
11841	2007	4.071428571428571	14
11843	2007	2.476793248945148	237
11881	2007	3.25	32
11889	2007	4.0	13
11898	2007	2.7363636363636363	110
11901	2007	3.5707964601769913	226
11912	2007	3.9074074074074074	27
11922	2007	4.066666666666666	15
11931	2007	3.736842105263158	76
11937	2007	4.023255813953488	43
11941	2007	3.8207547169811322	53
11942	2007	2.5	5
11977	2007	4.083333333333333	18
11980	2007	3.533333333333333	15
11986	2007	3.36	50
12007	2007	4.408333333333333	60
12028	2007	3.4226190476190474	84
12040	2007	3.5277777777777777	36
12042	2007	3.90251572327044	159
12056	2007	3.008130081300813	123
12080	2007	3.3125	40
12090	2007	3.232142857142857	28
12099	2007	3.9558823529411766	34
12105	2007	4.15	20
12159	2007	3.537593984962406	399
12178	2007	4.007352941176471	68
12187	2007	3.338709677419355	31
12202	2007	3.925925925925926	27
12208	2007	3.5337837837837838	74
12221	2007	3.92	25
12226	2007	4.25	2
12234	2007	4.45	30
12250	2007	4.245762711864407	59
12265	2007	3.2288135593220337	59
12272	2007	3.5697674418604652	215
12302	2007	4.0	4
12309	2007	2.5774647887323945	71
12313	2007	3.730132450331126	302
12340	2007	3.0238095238095237	21
12357	2007	3.556603773584906	53
12367	2007	2.42	900
12394	2007	3.6582089552238806	1005
12400	2007	3.2818791946308723	149
12416	2007	3.8627450980392157	51
12428	2007	3.0	9
12451	2007	3.825	40
12457	2007	2.7666666666666666	45
12460	2007	3.6116883116883116	385
12467	2007	3.433333333333333	15
12490	2007	3.375	60
12491	2007	3.35	50
12554	2007	3.3857142857142857	70
12562	2007	4.5	4
12592	2007	3.5076923076923077	65
12593	2007	3.5671140939597317	149
12594	2007	3.5542857142857143	175
12621	2007	3.5236220472440944	127
12641	2007	3.482300884955752	113
12644	2007	3.5365853658536586	41
12649	2007	3.113095238095238	168
12661	2007	4.75	2
12675	2007	3.132978723404255	94
12695	2007	2.659090909090909	22
12747	2007	3.6805555555555554	36
12748	2007	3.85	70
12752	2007	3.9473684210526314	19
12759	2007	3.310810810810811	185
12760	2007	3.25	6
12781	2007	2.8428290766208253	509
12791	2007	3.264705882352941	51
12797	2007	3.1714285714285713	35
12800	2007	3.4444444444444446	27
12804	2007	2.6515151515151514	33
12811	2007	3.41025641025641	78
12824	2007	2.6469072164948453	194
12830	2007	4.009615384615385	52
12889	2007	4.1045454545454545	110
12917	2007	3.3363636363636364	55
12952	2007	4.159574468085107	47
12966	2007	4.052980132450331	151
12971	2007	3.6842105263157894	38
12986	2007	3.625	12
13001	2007	3.0873493975903616	166
13015	2007	3.810810810810811	37
13035	2007	3.4583333333333335	24
13036	2007	3.5757575757575757	33
13043	2007	3.625	48
13054	2007	3.658974358974359	195
13056	2007	3.983805668016194	247
13060	2007	4.166666666666667	3
13091	2007	3.2439024390243905	41
13107	2007	4.054054054054054	74
13116	2007	3.12	25
13164	2007	3.0786516853932584	89
13190	2007	3.558139534883721	43
13216	2007	3.606060606060606	33
13223	2007	3.6363636363636362	44
13228	2007	3.0384615384615383	13
13233	2007	3.590909090909091	44
13234	2007	3.0697115384615383	208
13247	2007	4.127450980392157	102
13271	2007	3.25	42
13282	2007	2.7857142857142856	7
13291	2007	3.942857142857143	280
13304	2007	3.78515625	384
13318	2007	3.6136363636363638	22
13321	2007	3.486111111111111	36
13342	2007	3.6	5
13350	2007	3.5652173913043477	23
13357	2007	4.068965517241379	29
13372	2007	4.05050505050505	99
13385	2007	3.358490566037736	53
13396	2007	3.533333333333333	15
13424	2007	4.3125	32
13431	2007	4.5	23
13466	2007	3.540772532188841	233
13472	2007	3.0875	80
13473	2007	3.9347014925373136	804
13520	2007	4.0	16
13536	2007	4.25	30
13541	2007	3.6818181818181817	22
13546	2007	4.1824324324324325	74
13549	2007	3.1375	40
13560	2007	4.083333333333333	12
13561	2007	2.9705882352941178	17
13592	2007	3.1041666666666665	48
13599	2007	3.8	20
13603	2007	3.7343234323432344	303
13605	2007	3.23859649122807	285
13609	2007	4.391566265060241	83
13614	2007	3.374561403508772	1140
13635	2007	2.5948275862068964	116
13656	2007	3.5396825396825395	63
13669	2007	2.646511627906977	215
13694	2007	3.003205128205128	156
13701	2007	3.594488188976378	127
13716	2007	3.3313953488372094	86
13717	2007	4.009345794392523	321
13737	2007	3.7357142857142858	70
13746	2007	3.4127906976744184	86
13748	2007	3.5074626865671643	134
13754	2007	2.7547169811320753	53
13763	2007	3.3466666666666667	375
13765	2007	2.7	75
13768	2007	3.2058823529411766	17
13771	2007	3.9015748031496065	127
13781	2007	3.111888111888112	429
13818	2007	3.2857142857142856	28
13828	2007	3.5985915492957745	284
13848	2007	3.7148760330578514	121
13898	2007	4.611111111111111	63
13934	2007	4.315789473684211	57
13944	2007	3.65609756097561	205
13977	2007	3.56198347107438	121
13999	2007	2.889705882352941	408
14000	2007	4.168478260869565	92
14024	2007	3.287878787878788	33
14041	2007	3.375	20
14069	2007	4.5	1
14074	2007	4.3533333333333335	75
14085	2007	3.8260869565217392	23
14095	2007	4.1	20
14131	2007	3.6440677966101696	59
14148	2007	3.5833333333333335	30
14153	2007	3.4367088607594938	316
14155	2007	3.902173913043478	46
14156	2007	3.891304347826087	23
14171	2007	3.6129032258064515	62
14222	2007	2.392857142857143	14
14231	2007	3.2222222222222223	27
14240	2007	3.592337917485265	509
14265	2007	3.6315789473684212	57
14270	2007	3.5125	40
14292	2007	2.6956521739130435	23
14327	2007	3.7373737373737375	99
14328	2007	3.7492917847025495	353
14353	2007	3.7674897119341564	243
14361	2007	3.837078651685393	89
14422	2007	3.9872448979591835	196
14465	2007	4.175531914893617	94
14472	2007	3.3	25
14474	2007	3.5681818181818183	44
14484	2007	4.055555555555555	135
14497	2007	2.8268292682926828	410
14504	2007	3.857142857142857	21
14528	2007	4.273170731707317	205
14542	2007	3.3333333333333335	213
14553	2007	4.379310344827586	29
14565	2007	3.3727272727272726	110
14570	2007	3.0208333333333335	24
14578	2007	4.5	3
14590	2007	3.611111111111111	450
14597	2007	3.4820143884892087	417
14608	2007	4.034722222222222	72
14614	2007	3.8902439024390243	164
14617	2007	3.1940298507462686	67
14626	2007	3.734848484848485	66
14633	2007	3.5636743215031315	479
14636	2007	2.9726775956284155	183
14647	2007	4.173611111111111	72
14653	2007	3.0	62
14664	2007	4.044303797468355	158
14679	2007	2.9474358974358976	390
14690	2007	3.746124031007752	258
14706	2007	3.582369942196532	346
14717	2007	3.7794117647058822	34
14720	2007	4.130769230769231	65
14728	2007	2.0428571428571427	35
14734	2007	3.6923076923076925	546
14738	2007	3.75	26
14744	2007	3.111111111111111	27
14753	2007	2.901015228426396	197
14759	2007	4.221052631578948	95
14764	2007	3.2205882352941178	68
14769	2007	3.2415254237288136	118
14783	2007	3.392857142857143	28
14791	2007	4.461538461538462	91
14803	2007	2.2295081967213113	61
14804	2007	4.2727272727272725	55
14809	2007	3.9761904761904763	21
14821	2007	3.1229314420803784	423
14838	2007	3.85	50
14843	2007	4.3	30
14856	2007	3.897727272727273	44
14874	2007	3.8651162790697673	215
14881	2007	3.7884615384615383	26
14885	2007	2.553604436229205	541
14888	2007	3.611111111111111	18
14895	2007	3.4661016949152543	59
14910	2007	4.360655737704918	61
14918	2007	3.2347972972972974	296
14921	2007	3.0542168674698793	83
14934	2007	3.3596491228070176	399
14942	2007	3.78	25
14944	2007	3.251655629139073	151
14946	2007	3.875	20
14964	2007	4.160714285714286	28
14993	2007	3.7096774193548385	62
15005	2007	3.712121212121212	33
15011	2007	3.4895833333333335	48
15033	2007	4.108695652173913	23
15037	2007	4.075757575757576	33
15051	2007	4.025	40
15061	2007	3.291793313069909	329
15066	2007	3.614864864864865	74
15071	2007	4.0966386554621845	238
15076	2007	3.4716157205240177	229
15078	2007	3.880952380952381	21
15103	2007	3.717391304347826	92
15111	2007	3.7941176470588234	68
15117	2007	3.6416666666666666	60
15129	2007	3.263157894736842	171
15134	2007	3.5606060606060606	33
15141	2007	3.630434782608696	23
15153	2007	4.202702702702703	37
15158	2007	4.1138613861386135	202
15163	2007	4.2	25
15173	2007	3.9	10
15174	2007	4.166666666666667	21
15178	2007	3.2549019607843137	102
15180	2007	3.8823529411764706	34
15199	2007	4.212121212121212	33
15202	2007	3.4193548387096775	31
15208	2007	3.689189189189189	333
15216	2007	3.32967032967033	182
15222	2007	3.5454545454545454	88
15225	2007	3.5	46
15230	2007	3.267857142857143	112
15240	2007	4.301204819277109	83
15249	2007	3.0238095238095237	21
15260	2007	3.3621399176954734	243
15264	2007	3.6714285714285713	35
15275	2007	3.114864864864865	74
15280	2007	3.9423076923076925	26
15285	2007	3.247311827956989	279
15289	2007	3.6794871794871793	39
15294	2007	3.171232876712329	73
15299	2007	3.323529411764706	34
15311	2007	2.719155844155844	616
15315	2007	2.8	35
15344	2007	3.623263888888889	576
15347	2007	3.8461538461538463	39
15363	2007	3.7848101265822787	79
15373	2007	4.232758620689655	58
15374	2007	4.124015748031496	254
15388	2007	3.9930555555555554	72
15399	2007	3.6097560975609757	41
15409	2007	3.7666666666666666	60
15415	2007	4.610091743119266	109
15421	2007	2.8557046979865772	298
15426	2007	2.650943396226415	53
15437	2007	3.6	75
15447	2007	3.8333333333333335	78
15470	2007	2.7708333333333335	24
15479	2007	3.8793103448275863	87
15495	2007	3.548076923076923	52
15498	2007	3.303030303030303	33
15528	2007	3.61953125	640
15541	2007	3.6706484641638224	293
15550	2007	3.769230769230769	39
15558	2007	3.5294117647058822	17
15569	2007	3.7259036144578315	664
15593	2007	3.472826086956522	92
15600	2007	3.3706896551724137	58
15605	2007	2.8854748603351954	179
15611	2007	3.4705882352941178	170
15613	2007	3.81	50
15621	2007	3.5534591194968552	159
15626	2007	2.3333333333333335	15
15630	2007	4.25	160
15633	2007	3.5390625	64
15646	2007	3.485074626865672	67
15655	2007	3.6549295774647885	71
15679	2007	3.4296875	256
15688	2007	4.171875	64
15693	2007	3.522727272727273	66
15698	2007	4.069306930693069	101
15716	2007	3.852272727272727	132
15739	2007	2.3646511627906976	1075
15766	2007	3.875	56
15774	2007	3.618181818181818	55
15777	2007	3.5	22
15783	2007	3.9	40
15784	2007	4.051724137931035	29
15788	2007	3.0	468
15796	2007	4.298245614035087	114
15803	2007	4.375	64
15812	2007	3.562015503875969	129
15816	2007	3.415644171779141	326
15826	2007	3.133587786259542	131
15843	2007	4.041666666666667	120
15847	2007	3.2403846153846154	52
15850	2007	3.388888888888889	36
15859	2007	3.4843014128728416	637
15879	2007	2.8541666666666665	24
15884	2007	4.306666666666667	75
15918	2007	3.5555555555555554	117
15922	2007	4.532994923857868	197
15927	2007	4.170329670329671	91
15941	2007	2.989795918367347	98
15943	2007	3.0853658536585367	533
15951	2007	3.5852713178294575	387
15958	2007	3.4393939393939394	297
15975	2007	3.5277777777777777	18
15982	2007	4.140625	64
15991	2007	3.8870967741935485	62
16003	2007	4.117021276595745	94
16004	2007	3.8047619047619046	105
16013	2007	3.479736098020735	1061
16030	2007	3.9545454545454546	22
16039	2007	4.116438356164384	146
16043	2007	4.325581395348837	129
16062	2007	4.054545454545455	55
16069	2007	4.177842565597667	343
16074	2007	3.8	35
16103	2007	3.7454545454545456	110
16104	2007	2.55	60
16125	2007	3.75	188
16129	2007	3.5392156862745097	102
16133	2007	3.875	40
16154	2007	2.93312101910828	157
16168	2007	3.685483870967742	62
16174	2007	4.0	202
16181	2007	3.4574468085106385	329
16184	2007	3.4988317757009346	428
16193	2007	3.8137254901960786	102
16206	2007	4.1	60
16212	2007	3.125	44
16220	2007	3.771137026239067	343
16224	2007	3.75	42
16227	2007	3.0294117647058822	221
16245	2007	3.6132404181184667	287
16250	2007	3.8237704918032787	122
16257	2007	4.448529411764706	68
16268	2007	3.45	30
16282	2007	3.4833333333333334	30
16290	2007	4.277777777777778	27
16295	2007	3.73	100
16306	2007	3.6818181818181817	33
16321	2007	4.042328042328043	189
16340	2007	3.409937888198758	161
16352	2007	3.9642857142857144	56
16360	2007	3.816666666666667	30
16378	2007	3.8872549019607843	102
16387	2007	3.200657894736842	152
16389	2007	3.3823529411764706	34
16409	2007	4.01931330472103	233
16420	2007	4.074074074074074	27
16424	2007	3.739130434782609	23
16437	2007	3.3529411764705883	68
16453	2007	2.553087757313109	923
16470	2007	3.77363184079602	201
16479	2007	4.047297297297297	74
16489	2007	4.205882352941177	17
16490	2007	3.3636363636363638	22
16495	2007	3.234375	32
16499	2007	4.0524475524475525	143
16511	2007	4.128205128205129	39
16514	2007	3.3762626262626263	198
16519	2007	3.683206106870229	131
874	2007	3.75	6
1141	2007	3.357142857142857	7
1632	2007	3.66	25
1724	2007	3.676470588235294	17
1858	2007	4.071428571428571	14
2862	2007	3.7291666666666665	24
3103	2007	4.080645161290323	31
3538	2007	3.3518518518518516	27
5459	2007	3.5833333333333335	12
5475	2007	4.833333333333333	3
5678	2007	3.5961538461538463	52
5698	2007	5.0	1
5757	2007	4.333333333333333	3
5933	2007	3.902173913043478	46
6396	2007	5.0	2
6845	2007	3.3229166666666665	48
7147	2007	3.8076923076923075	13
7645	2007	3.875	36
7740	2007	3.3	25
8194	2007	3.7142857142857144	7
9117	2007	2.7	10
9522	2007	3.923076923076923	52
9531	2007	2.6875	8
9787	2007	3.5714285714285716	7
10318	2007	3.5	1
10385	2007	3.7045454545454546	22
11028	2007	3.5172413793103448	29
11383	2007	3.68	25
11809	2007	4.03125	16
12296	2007	3.5753424657534247	73
12425	2007	3.763888888888889	36
12500	2007	3.888888888888889	9
12509	2007	4.333333333333333	3
12721	2007	4.5	3
12774	2007	4.166666666666667	3
13274	2007	3.8333333333333335	6
13890	2007	4.1875	8
14099	2007	2.7666666666666666	15
14187	2007	3.5	2
14258	2007	3.4375	24
14530	2007	3.9166666666666665	18
14577	2007	4.321428571428571	14
14716	2007	3.8529411764705883	17
14943	2007	3.25	4
15207	2007	2.6923076923076925	13
15321	2007	4.125	4
15632	2007	4.6	5
754	2007	2.9	20
1391	2007	3.95	10
2515	2007	4.052631578947368	19
4834	2007	4.25	2
5226	2007	3.1704545454545454	44
5399	2007	3.2142857142857144	7
5836	2007	3.9166666666666665	6
6971	2007	3.8333333333333335	9
7711	2007	3.2711864406779663	59
7827	2007	3.5	1
9141	2007	4.285714285714286	7
11847	2007	3.3333333333333335	3
13029	2007	1.0	1
14933	2007	4.0	5
469	2007	4.0	1
1514	2007	4.6	5
1668	2007	4.666666666666667	3
3089	2007	5.0	1
3274	2007	3.6076923076923078	65
3493	2007	3.7	5
3893	2007	3.75	6
4612	2007	3.9375	8
5100	2007	3.6666666666666665	3
5155	2007	3.5	2
5277	2007	2.8333333333333335	27
5328	2007	3.0833333333333335	6
7044	2007	5.0	1
7084	2007	5.0	1
7088	2007	4.0	1
7386	2007	2.0	1
7898	2007	3.5	4
8063	2007	3.3	10
8480	2007	4.0	2
8963	2007	3.3846153846153846	13
9133	2007	4.0	1
9249	2007	2.3333333333333335	3
9355	2007	3.6666666666666665	3
9375	2007	2.9	10
9475	2007	3.0	1
9599	2007	3.75	4
9666	2007	4.2	5
9827	2007	2.875	8
9877	2007	4.166666666666667	6
10374	2007	3.9166666666666665	18
11050	2007	3.4	5
11158	2007	4.0	6
11186	2007	3.5	4
11203	2007	4.5	1
11221	2007	4.166666666666667	6
12537	2007	3.6875	8
12949	2007	3.8333333333333335	3
12961	2007	5.0	1
13666	2007	4.5	3
14780	2007	3.5526315789473686	19
15403	2007	4.5	1
15535	2007	3.3125	16
15722	2007	3.6666666666666665	3