50	2006	4.315755208333333	1536
104	2006	3.343841642228739	682
235	2006	3.6710992907801416	564
920	2006	3.5702028081123247	641
1080	2006	3.945681211041852	1123
1230	2006	4.014204545454546	528
1288	2006	3.952517985611511	695
1380	2006	3.1104461371055496	919
1500	2006	3.7036474164133737	658
1653	2006	3.7542194092827006	948
2174	2006	3.3411588411588413	1001
2502	2006	4.083189655172414	1160
10	2006	3.326145552560647	742
22	2006	3.032178217821782	202
34	2006	3.073972602739726	730
39	2006	3.222551928783383	674
47	2006	4.093793584379358	1434
62	2006	3.40625	432
110	2006	3.849182313749243	1651
140	2006	2.75	38
145	2006	3.160092807424594	431
150	2006	3.6422734026745913	1346
160	2006	2.2607449856733526	349
185	2006	2.6793478260869565	552
208	2006	2.624231242312423	813
218	2006	2.7962962962962963	27
231	2006	2.9235517568850904	1053
266	2006	3.307328605200946	423
292	2006	3.142355008787346	569
316	2006	3.358877086494689	659
318	2006	4.379750130140552	1921
339	2006	3.0539906103286385	426
350	2006	3.229695431472081	394
351	2006	3.018867924528302	53
356	2006	3.9623630300142927	2099
380	2006	3.2548566142460684	1081
454	2006	3.3227016885553473	533
457	2006	3.7404761904761905	1260
480	2006	3.412777777777778	1800
500	2006	3.1094439541041483	1133
531	2006	3.437956204379562	137
539	2006	3.2688802083333335	768
586	2006	2.905284147557328	1003
588	2006	3.5474217311233884	1086
590	2006	3.6227402473834442	1051
593	2006	4.040713145290048	1879
597	2006	3.2615384615384615	1105
647	2006	3.1324786324786325	117
733	2006	3.4767195767195767	945
736	2006	2.8575297941495124	923
786	2006	2.5942698706099816	541
788	2006	2.5009416195856873	531
805	2006	3.459807073954984	311
837	2006	3.1828358208955225	134
919	2006	3.706681766704417	883
1014	2006	3.212121212121212	33
1035	2006	3.649641577060932	558
1073	2006	3.647766323024055	873
1197	2006	4.153456221198157	1085
1250	2006	3.9265658747300214	463
1258	2006	3.9258605472197705	1133
1307	2006	3.6622554660529345	869
1393	2006	3.4053030303030303	792
1408	2006	3.638646288209607	458
1580	2006	3.400395778364116	1516
1584	2006	3.5520094562647753	846
1597	2006	3.289389067524116	311
1620	2006	3.257425742574257	101
1682	2006	3.7493472584856398	1149
1704	2006	3.9232887490165225	1271
1876	2006	2.712846347607053	397
1894	2006	2.6	145
1923	2006	3.376567398119122	1276
1961	2006	3.8593260188087775	1276
2052	2006	3.074626865671642	67
2297	2006	3.3031496062992125	127
2353	2006	3.4102902374670183	758
2396	2006	3.5329736211031175	834
2539	2006	3.236914600550964	363
2541	2006	3.261006289308176	318
2571	2006	4.121363636363636	2200
2572	2006	3.3145363408521304	399
1	2006	3.700870646766169	1608
2	2006	2.850832266325224	781
19	2006	2.5197860962566847	935
32	2006	3.912609736632083	1253
111	2006	3.976875	800
153	2006	2.6859872611464968	785
165	2006	3.4069905213270144	844
253	2006	3.598176718092567	713
260	2006	4.028716216216216	1776
296	2006	4.229569093610698	2019
344	2006	2.9211206896551722	1160
364	2006	3.633995037220844	1209
367	2006	2.9972067039106145	1074
377	2006	3.1683501683501682	1188
410	2006	2.68125	560
541	2006	4.0318407960199005	1005
551	2006	3.8284313725490198	612
589	2006	3.750159134309357	1571
592	2006	3.4839769926047657	1217
595	2006	3.5033407572383073	898
741	2006	3.851437699680511	313
778	2006	3.9764044943820225	890
780	2006	3.0435196950444725	1574
858	2006	4.340974212034384	1396
1036	2006	3.7978003384094756	1182
1079	2006	3.7059701492537314	670
1101	2006	3.1276497695852536	1085
1136	2006	4.089508437270727	1363
1196	2006	4.106910809214412	1693
1198	2006	4.122528460155782	1669
1200	2006	3.863235294117647	1020
1210	2006	3.905919003115265	1605
1214	2006	3.9121503496503496	1144
1220	2006	3.7226651480637813	878
1221	2006	4.254571703561116	1039
1240	2006	3.6942945258288358	1297
1270	2006	3.8436761229314422	1692
1274	2006	3.6973684210526314	304
1291	2006	3.98295033358043	1349
1517	2006	3.2805782060785766	1349
1527	2006	3.686607142857143	1120
1610	2006	3.771077908217716	937
1721	2006	3.197144799456152	1471
1917	2006	2.772179155900086	1161
2012	2006	3.189512799339389	1211
2028	2006	3.920353982300885	1469
2329	2006	4.134677419354839	1240
2355	2006	3.4065762004175366	958
3	2006	2.814621409921671	383
16	2006	3.7379310344827585	725
52	2006	3.397196261682243	107
348	2006	3.5825242718446604	103
370	2006	2.779738562091503	765
412	2006	3.598360655737705	61
492	2006	3.6636363636363636	55
502	2006	2.0170454545454546	88
527	2006	4.127899271040424	1509
594	2006	3.3285302593659942	694
648	2006	3.316797214969539	1149
653	2006	2.9495798319327733	476
680	2006	3.84375	32
750	2006	4.1680851063829785	940
898	2006	4.0	155
902	2006	3.793286219081272	283
903	2006	4.064236111111111	576
904	2006	4.164650537634409	744
905	2006	4.149122807017544	114
908	2006	4.0828125	640
909	2006	3.964	125
910	2006	3.9588815789473686	304
912	2006	4.148769574944072	894
913	2006	4.05939226519337	362
914	2006	3.905357142857143	280
915	2006	3.8181818181818183	132
922	2006	4.27122641509434	212
923	2006	3.871927554980595	773
924	2006	3.820665083135392	842
926	2006	4.0528455284552845	123
928	2006	4.101503759398496	133
929	2006	3.625	32
930	2006	4.135294117647059	170
931	2006	3.681159420289855	69
933	2006	3.864864864864865	148
937	2006	4.0	7
940	2006	3.8893129770992365	131
946	2006	3.8214285714285716	28
947	2006	4.027777777777778	36
950	2006	4.118811881188119	101
951	2006	4.050925925925926	108
955	2006	3.9921259842519685	127
965	2006	4.025862068965517	116
969	2006	3.955357142857143	224
1057	2006	3.4625	80
1077	2006	3.7606837606837606	117
1078	2006	3.78125	80
1083	2006	3.625	20
1084	2006	3.8122270742358078	229
1086	2006	3.9270833333333335	192
1089	2006	4.031011045029737	1177
1097	2006	3.6483899042645778	1149
1125	2006	3.437037037037037	135
1178	2006	4.076388888888889	144
1193	2006	4.182065217391305	1104
1201	2006	4.170376712328767	584
1203	2006	4.199763593380615	423
1204	2006	4.059178743961352	414
1206	2006	3.99622030237581	926
1207	2006	4.053211009174312	545
1208	2006	3.963717693836978	1006
1209	2006	4.226027397260274	219
1212	2006	4.225877192982456	228
1213	2006	4.155139289145053	1041
1217	2006	4.107361963190184	163
1219	2006	3.933333333333333	795
1222	2006	4.0286697247706424	872
1226	2006	3.966666666666667	45
1227	2006	4.012903225806451	155
1228	2006	3.9942528735632186	348
1232	2006	4.263636363636364	55
1234	2006	4.0675	600
1244	2006	4.002857142857143	175
1247	2006	3.980769230769231	520
1248	2006	4.066115702479339	121
1252	2006	4.056971514242878	667
1253	2006	3.8867924528301887	159
1254	2006	4.080357142857143	168
1256	2006	4.086065573770492	122
1260	2006	4.203703703703703	135
1262	2006	4.028056112224449	499
1263	2006	3.858433734939759	332
1266	2006	3.9367924528301885	530
1269	2006	4.005263157894737	190
1281	2006	4.050675675675675	148
1283	2006	3.9335664335664338	143
1284	2006	4.134969325153374	163
1293	2006	4.0	323
1298	2006	3.827485380116959	171
1333	2006	3.6930894308943087	492
1343	2006	3.432098765432099	243
1348	2006	3.806122448979592	147
1387	2006	3.669344870210136	809
1391	2006	2.904874213836478	636
1544	2006	2.909456740442656	497
1617	2006	3.943796394485684	943
1701	2006	3.704225352112676	71
1722	2006	3.1772009029345374	443
1732	2006	4.033248081841432	782
1784	2006	3.7104994903160042	981
1934	2006	3.8142857142857145	35
1935	2006	3.6666666666666665	27
1938	2006	3.8974358974358974	39
1941	2006	3.760869565217391	23
1944	2006	3.8813559322033897	59
1945	2006	4.078313253012048	166
1963	2006	3.7222222222222223	54
1970	2006	2.7337662337662336	77
1971	2006	2.330508474576271	59
1972	2006	2.3255813953488373	43
2010	2006	4.010309278350515	194
2011	2006	3.4166666666666665	1002
2019	2006	4.1802197802197805	455
2022	2006	3.5775862068965516	116
2054	2006	2.5442396313364055	1085
2065	2006	3.704225352112676	71
2067	2006	3.691729323308271	133
2087	2006	3.4419889502762433	181
2115	2006	3.6987051792828685	1004
2176	2006	3.9306569343065694	137
2177	2006	3.0	16
2178	2006	3.6	55
2179	2006	2.875	12
2181	2006	3.481132075471698	53
2182	2006	3.789473684210526	19
2183	2006	3.733050847457627	118
2184	2006	3.605769230769231	52
2185	2006	3.85	10
2186	2006	4.0945273631840795	201
2194	2006	3.8514619883040937	855
2202	2006	3.6808510638297873	47
2203	2006	4.072289156626506	83
2204	2006	3.5689655172413794	29
2205	2006	3.3020833333333335	48
2206	2006	3.875	52
2207	2006	3.0	7
2208	2006	4.021428571428571	70
2209	2006	3.625	8
2210	2006	3.5681818181818183	22
2211	2006	3.3333333333333335	12
2212	2006	3.5638297872340425	47
2219	2006	3.5625	8
2221	2006	3.55	10
2227	2006	3.8181818181818183	11
2229	2006	3.5	1
2290	2006	3.736842105263158	19
2351	2006	3.9516129032258065	31
2356	2006	2.872093023255814	43
2366	2006	3.589108910891089	202
2376	2006	3.0821428571428573	140
2382	2006	1.9428571428571428	105
2420	2006	3.2940298507462686	335
2422	2006	2.09	150
2474	2006	3.548	125
163	2006	3.358578052550232	647
173	2006	2.2645631067961167	618
353	2006	3.4655172413793105	580
420	2006	2.4786689419795223	586
832	2006	3.1147672552166936	623
996	2006	3.011904761904762	84
1127	2006	3.6185031185031185	481
1215	2006	3.637323943661972	426
1233	2006	4.1017191977077365	349
1304	2006	3.8535353535353534	594
1370	2006	3.3408203125	512
1374	2006	3.4097222222222223	576
1485	2006	3.0654885654885655	962
2058	2006	3.591715976331361	338
2490	2006	3.376865671641791	268
6	2006	3.8552631578947367	608
95	2006	2.720125786163522	477
101	2006	3.8896103896103895	154
293	2006	4.133519553072626	895
329	2006	3.1027397260273974	438
434	2006	2.7064814814814815	540
608	2006	3.9627615062761508	1195
1092	2006	3.272727272727273	462
1276	2006	4.016556291390729	302
1303	2006	3.9367816091954024	87
1356	2006	3.450980392156863	510
1396	2006	3.6486486486486487	444
1466	2006	3.782051282051282	429
1625	2006	3.806206896551724	725
1921	2006	3.75	360
1997	2006	3.588785046728972	642
2231	2006	3.8701067615658364	281
2313	2006	3.915983606557377	244
2321	2006	3.5403337969401947	719
2395	2006	3.8587962962962963	432
2529	2006	3.3925399644760215	563
2542	2006	3.9482097186700766	782
290	2006	3.9047619047619047	105
1183	2006	3.3721804511278197	399
1199	2006	3.980549199084668	437
1245	2006	3.997549019607843	204
1251	2006	3.911111111111111	90
1265	2006	3.889173060528559	1173
1267	2006	3.9095744680851063	282
1300	2006	3.9649122807017543	57
2324	2006	4.0828530259366	694
2455	2006	3.3762214983713354	307
529	2006	3.8099547511312215	221
1060	2006	3.786764705882353	340
1242	2006	3.913265306122449	392
1257	2006	3.8384615384615386	195
1287	2006	3.7463503649635035	274
1797	2006	3.75	48
2248	2006	3.8333333333333335	243
2579	2006	3.767605633802817	71
337	2006	3.739130434782609	598
708	2006	2.972081218274112	394
1090	2006	3.8549337260677468	679
1225	2006	3.904918032786885	915
1272	2006	3.8878504672897196	214
1953	2006	3.767716535433071	254
1954	2006	3.5820770519262983	597
1955	2006	3.615625	160
29	2006	3.950854700854701	234
194	2006	3.7393617021276597	94
247	2006	3.667525773195876	194
300	2006	3.5304232804232805	378
431	2006	3.792	250
474	2006	3.4690949227373067	453
485	2006	2.6717171717171717	396
522	2006	3.5	62
599	2006	4.020408163265306	98
760	2006	3.4285714285714284	42
876	2006	2.4285714285714284	7
968	2006	3.792079207920792	202
1231	2006	3.827751196172249	209
1241	2006	3.530201342281879	149
1255	2006	3.454954954954955	111
1339	2006	3.505970149253731	335
1371	2006	3.0023364485981308	214
1376	2006	3.4216710182767622	383
1377	2006	3.25054704595186	457
1385	2006	2.8713235294117645	136
1635	2006	3.8422619047619047	168
1645	2006	3.4599109131403116	449
1755	2006	3.3793103448275863	29
1809	2006	3.9444444444444446	72
1827	2006	3.823529411764706	34
1882	2006	2.4274193548387095	248
2000	2006	3.5939153439153437	756
2023	2006	3.567448680351906	341
2064	2006	3.652046783625731	171
2105	2006	3.3214285714285716	294
2118	2006	3.68859649122807	114
2193	2006	3.4362068965517243	290
2278	2006	3.5809768637532136	389
2344	2006	3.6451612903225805	31
2488	2006	3.9326923076923075	52
21	2006	3.426056338028169	426
141	2006	3.340770791075051	493
223	2006	3.804659498207885	837
432	2006	2.3700564971751414	354
1639	2006	3.537890044576523	673
105	2006	3.233160621761658	193
1179	2006	3.6649484536082473	97
1552	2006	3.035667107001321	757
1608	2006	3.0130260521042085	499
2291	2006	3.7430555555555554	936
2407	2006	3.174137931034483	290
7	2006	2.9012987012987015	385
58	2006	3.7641196013289036	301
368	2006	3.1868770764119603	602
508	2006	3.6149732620320854	748
188	2006	3.1704545454545454	44
1676	2006	3.0801749271137027	686
2478	2006	3.2528735632183907	174
1321	2006	3.553370786516854	178
1616	2006	2.827272727272727	110
2401	2006	3.6470588235294117	102
2476	2006	3.287878787878788	33
2557	2006	3.7	15
246	2006	4.0094936708860756	158
303	2006	2.9430894308943087	123
546	2006	1.9210526315789473	133
553	2006	3.608651911468813	497
596	2006	3.2096385542168675	415
784	2006	2.6516172506738545	742
852	2006	3.0118577075098814	253
1061	2006	3.6180811808118083	271
1320	2006	3.1307339449541285	654
1358	2006	3.8287292817679557	543
1378	2006	3.3181818181818183	121
1499	2006	1.9121951219512194	205
1591	2006	2.538732394366197	142
1991	2006	2.9615384615384617	52
2001	2006	3.2494736842105265	475
2084	2006	3.5714285714285716	28
2134	2006	3.3058510638297873	188
2167	2006	3.27037037037037	540
2266	2006	2.75	8
70	2006	3.312877263581489	497
112	2006	3.1621621621621623	296
162	2006	3.71505376344086	93
170	2006	3.0028735632183907	174
180	2006	3.674626865671642	335
475	2006	3.8650306748466257	163
481	2006	3.1882352941176473	85
587	2006	3.1573383084577116	804
953	2006	3.9980988593155895	526
1218	2006	3.9330708661417324	127
1249	2006	3.794498381877023	309
1268	2006	3.5822784810126582	79
1275	2006	3.4863387978142075	366
1278	2006	3.7886115444617783	641
1297	2006	3.7477477477477477	111
1663	2006	3.5647058823529414	255
2100	2006	3.135174418604651	344
2268	2006	3.7603195739014645	751
2301	2006	3.6666666666666665	141
2428	2006	2.891304347826087	161
193	2006	1.9733333333333334	150
214	2006	3.92	25
306	2006	4.006756756756757	148
349	2006	3.4551020408163264	490
1224	2006	3.913978494623656	93
1693	2006	3.5345911949685536	159
1747	2006	3.575301204819277	332
2403	2006	3.3599137931034484	232
2470	2006	3.0655296229802516	557
2477	2006	2.6	5
25	2006	3.5641025641025643	390
161	2006	3.5589005235602094	382
225	2006	2.82312925170068	147
471	2006	3.8181818181818183	286
509	2006	3.57185628742515	501
515	2006	3.9186046511627906	172
520	2006	3.078740157480315	762
1094	2006	3.434090909090909	440
1573	2006	3.2142857142857144	700
1590	2006	2.9339080459770117	174
1641	2006	3.5264598540145986	548
1673	2006	3.638805970149254	670
1690	2006	2.901351351351351	370
1831	2006	2.5598086124401913	209
2003	2006	3.3003992015968064	501
2161	2006	3.503440366972477	436
2298	2006	1.25	4
2373	2006	2.369565217391304	46
2551	2006	3.8666666666666667	60
46	2006	3.28	25
230	2006	3.4210526315789473	95
299	2006	3.8636363636363638	33
307	2006	3.99645390070922	141
308	2006	3.9603174603174605	126
345	2006	3.4827586206896552	203
357	2006	3.5194805194805197	693
455	2006	2.454732510288066	243
1088	2006	3.1548856548856548	481
1246	2006	3.8605150214592276	932
1271	2006	3.6550522648083623	287
1416	2006	2.9213483146067416	89
1446	2006	3.8636363636363638	44
1572	2006	3.875	16
1665	2006	2.659090909090909	132
1674	2006	3.7476489028213167	319
1680	2006	3.50187265917603	267
1713	2006	2.7413793103448274	58
1727	2006	3.0692307692307694	65
1947	2006	3.6235955056179776	267
2124	2006	3.1966666666666668	300
2318	2006	3.9588607594936707	158
2357	2006	3.983050847457627	59
2424	2006	3.000891265597148	561
2431	2006	3.0441860465116277	215
762	2006	2.0241228070175437	228
1302	2006	3.6291079812206575	426
1918	2006	3.056363636363636	275
76	2006	2.966666666666667	45
172	2006	2.6607142857142856	420
196	2006	2.596296296296296	270
328	2006	2.7567567567567566	37
442	2006	2.732300884955752	678
519	2006	1.8411764705882352	85
611	2006	2.5625	32
724	2006	2.9973821989528795	191
849	2006	2.75	114
879	2006	2.5660377358490565	53
891	2006	2.1551724137931036	29
1345	2006	3.411552346570397	277
1603	2006	2.760869565217391	69
1623	2006	2.8863636363636362	22
1644	2006	2.3470394736842106	304
1762	2006	2.8333333333333335	30
1909	2006	3.167539267015707	382
1920	2006	2.70873786407767	103
2026	2006	2.9814814814814814	27
2094	2006	2.951388888888889	144
2107	2006	2.3445945945945947	74
2232	2006	3.597058823529412	340
2294	2006	3.2351543942992875	421
2311	2006	3.298076923076923	104
2322	2006	2.641025641025641	39
2448	2006	2.4827586206896552	29
2460	2006	2.0961538461538463	26
2461	2006	1.8461538461538463	13
2515	2006	1.3	25
2517	2006	3.037878787878788	66
288	2006	3.38659793814433	582
1407	2006	2.9452764976958523	868
562	2006	3.7007874015748032	127
1172	2006	4.041436464088398	181
2144	2006	3.607456140350877	228
2111	2006	3.313953488372093	43
48	2006	2.6774447949526814	634
158	2006	2.55625	480
745	2006	4.028318584070797	565
1148	2006	4.06404958677686	726
2081	2006	3.2795698924731185	744
2273	2006	3.3195402298850576	435
187	2006	3.107142857142857	14
1211	2006	4.053333333333334	75
2153	2006	1.9671052631578947	76
1777	2006	3.3771251931993818	647
2006	2006	3.1536624203821657	628
168	2006	2.7790055248618786	362
1282	2006	3.5135467980295565	406
18	2006	3.3857142857142857	140
1093	2006	3.373762376237624	202
1556	2006	1.7004716981132075	212
2302	2006	3.5310077519379846	645
44	2006	2.4528985507246377	276
282	2006	2.985042735042735	234
17	2006	3.794392523364486	321
440	2006	3.3721264367816093	348
543	2006	3.1881443298969074	388
1076	2006	3.675	20
1259	2006	3.9493927125506074	741
2288	2006	3.7346153846153847	260
2406	2006	3.3656597774244834	629
36	2006	3.7079889807162534	363
1173	2006	3.5454545454545454	66
1627	2006	3.1724137931034484	87
1952	2006	3.946236559139785	186
1223	2006	3.9575688073394497	436
720	2006	3.8978260869565218	230
1542	2006	3.4342105263157894	38
2467	2006	3.842741935483871	248
2580	2006	3.4741379310344827	290
12	2006	2.6153846153846154	78
147	2006	3.4127906976744184	86
181	2006	1.1547619047619047	42
256	2006	2.223756906077348	181
393	2006	1.7173913043478262	92
466	2006	2.833898305084746	590
487	2006	2.7083333333333335	12
552	2006	3.0796344647519582	383
555	2006	3.871584699453552	366
1029	2006	3.435593220338983	295
1429	2006	3.1538461538461537	65
1479	2006	3.069377990430622	209
1562	2006	2.1547029702970297	404
1589	2006	3.2131147540983607	122
1717	2006	2.6211453744493394	227
1729	2006	3.694015444015444	518
1760	2006	1.5961538461538463	104
1884	2006	3.877840909090909	352
2140	2006	3.572972972972973	185
2275	2006	3.6315789473684212	19
2421	2006	2.5346534653465347	202
11	2006	3.2941176470588234	425
1707	2006	1.7241379310344827	116
585	2006	2.4833333333333334	180
1237	2006	3.8962264150943398	106
1355	2006	2.9166666666666665	30
1801	2006	3.011520737327189	217
2025	2006	3.484848484848485	66
2501	2006	3.8496621621621623	296
428	2006	3.7547169811320753	159
1095	2006	3.8504273504273505	117
1261	2006	3.7370689655172415	232
1394	2006	3.819634703196347	438
1968	2006	3.7853368560105682	757
68	2006	3.2777777777777777	9
175	2006	3.4745222929936306	157
273	2006	2.941666666666667	120
489	2006	2.4404761904761907	42
514	2006	3.388888888888889	63
610	2006	3.198019801980198	101
921	2006	3.7777777777777777	27
1007	2006	3.0238095238095237	21
1009	2006	3.140625	32
1019	2006	3.412621359223301	103
1031	2006	3.38	75
1235	2006	4.044444444444444	135
1341	2006	3.5	8
1344	2006	3.627450980392157	102
1347	2006	3.1164658634538154	249
1419	2006	3.9473684210526314	38
1425	2006	2.955357142857143	56
1472	2006	3.0	4
1516	2006	2.9166666666666665	6
1586	2006	2.67	150
1615	2006	3.395348837209302	43
1619	2006	3.43	150
1689	2006	3.3292682926829267	41
1748	2006	3.7704545454545455	440
1792	2006	3.074561403508772	114
1799	2006	3.5533980582524274	103
1892	2006	3.1150442477876106	113
1924	2006	2.3358208955223883	67
1962	2006	3.5357142857142856	252
1994	2006	3.390566037735849	265
1998	2006	1.6590909090909092	22
1999	2006	2.7413793103448274	29
2009	2006	3.5277777777777777	90
2021	2006	3.3630573248407645	314
2085	2006	3.1877551020408164	245
2109	2006	3.721052631578947	190
2116	2006	2.9555555555555557	135
2119	2006	2.5	32
2148	2006	3.25	24
2149	2006	1.85	10
2336	2006	3.6653225806451615	248
2363	2006	3.2794117647058822	34
2371	2006	3.402684563758389	149
2375	2006	2.9831932773109244	119
2387	2006	2.866279069767442	86
2427	2006	3.6464435146443517	239
2471	2006	2.63031914893617	188
2527	2006	3.3943661971830985	71
2528	2006	3.330357142857143	112
2530	2006	2.6363636363636362	44
2531	2006	2.473684210526316	38
2532	2006	2.5606060606060606	33
2533	2006	2.9367088607594938	79
186	2006	2.5396825396825395	315
494	2006	2.925925925925926	243
581	2006	3.9393939393939394	33
73	2006	3.630434782608696	46
261	2006	3.425324675324675	154
281	2006	3.388888888888889	36
314	2006	3.6555555555555554	45
534	2006	3.8793103448275863	58
1096	2006	3.9583333333333335	72
1124	2006	3.764044943820225	89
1292	2006	3.8521739130434782	115
1301	2006	3.8072916666666665	96
1405	2006	2.9574468085106385	235
1959	2006	3.642105263157895	95
2070	2006	3.888888888888889	18
2076	2006	3.8098360655737706	305
2160	2006	3.732142857142857	252
2236	2006	3.4074074074074074	54
2303	2006	3.8369565217391304	46
2352	2006	3.597560975609756	123
5	2006	2.7184466019417477	206
9	2006	2.409090909090909	33
236	2006	2.9761904761904763	336
268	2006	2.5	4
516	2006	3.044642857142857	56
836	2006	2.7058823529411766	85
1375	2006	3.0782608695652174	230
2145	2006	3.2881773399014778	203
2150	2006	3.6267281105990783	217
2151	2006	3.2560975609756095	41
2378	2006	2.885593220338983	236
2540	2006	2.730769230769231	13
190	2006	3.3529411764705883	17
1016	2006	2.7	20
1171	2006	3.451923076923077	52
319	2006	3.66	125
441	2006	3.6778242677824267	239
1175	2006	3.925	220
1285	2006	3.654639175257732	291
342	2006	3.432758620689655	290
1028	2006	3.6051625239005736	523
72	2006	3.1363636363636362	44
216	2006	3.2991967871485945	249
317	2006	2.6635802469135803	324
616	2006	3.1476510067114094	149
783	2006	2.835249042145594	261
899	2006	3.933224755700326	307
1005	2006	2.37	50
1020	2006	3.194300518134715	193
1022	2006	3.4604810996563575	291
1025	2006	3.5792682926829267	164
1030	2006	3.1515151515151514	66
1032	2006	3.6529126213592233	206
1188	2006	3.604651162790698	172
1367	2006	2.772727272727273	242
1438	2006	2.5092024539877302	163
1513	2006	2.799145299145299	234
1566	2006	3.2148760330578514	121
1569	2006	3.0609756097560976	328
1702	2006	2.365625	160
1835	2006	3.1180904522613067	199
1907	2006	3.5445544554455446	303
2018	2006	3.411067193675889	253
2042	2006	2.572463768115942	69
2078	2006	3.5597269624573378	293
2080	2006	3.43	300
2082	2006	2.69364161849711	173
2083	2006	3.3980891719745223	157
2096	2006	3.4729064039408866	203
2099	2006	3.6724137931034484	29
2125	2006	3.506726457399103	223
2137	2006	3.321875	160
2253	2006	2.647727272727273	88
2335	2006	2.8817427385892116	241
2340	2006	3.169491525423729	236
2485	2006	2.74375	160
2581	2006	2.8957219251336896	187
627	2006	3.40625	32
1726	2006	2.8028169014084505	71
1883	2006	3.21875	112
2108	2006	3.463768115942029	138
2359	2006	3.7634730538922154	167
2570	2006	3.625	12
355	2006	2.2336601307189543	306
631	2006	2.05	30
661	2006	3.2142857142857144	189
1021	2006	2.519230769230769	78
1059	2006	3.5213270142180093	422
1064	2006	2.7288135593220337	59
1503	2006	2.9210526315789473	38
1592	2006	2.054054054054054	37
1688	2006	3.157142857142857	105
2123	2006	2.8793103448275863	58
2152	2006	1.84	25
14	2006	3.364406779661017	59
663	2006	3.650943396226415	53
743	2006	2.566666666666667	105
954	2006	3.9878048780487805	205
2138	2006	3.5595238095238093	84
1047	2006	3.168918918918919	222
1129	2006	3.3497757847533634	223
2005	2006	3.7300469483568075	426
1372	2006	3.3509174311926606	218
277	2006	3.2745901639344264	122
671	2006	3.763440860215054	93
1381	2006	2.0	87
2092	2006	2.4622641509433962	53
2394	2006	3.1508875739644973	169
204	2006	2.2095238095238097	105
379	2006	2.425438596491228	114
426	2006	2.4545454545454546	33
1010	2006	3.0543478260869565	46
1299	2006	4.029850746268656	134
1373	2006	2.7761194029850746	134
1518	2006	2.9508196721311477	61
1587	2006	3.1262135922330097	206
1928	2006	3.6	5
1949	2006	3.92	50
1956	2006	3.7058823529411766	102
1957	2006	3.592857142857143	140
1981	2006	1.6634615384615385	52
1996	2006	1.96875	32
2393	2006	3.2011494252873565	174
2405	2006	3.214689265536723	177
2408	2006	2.236842105263158	38
2409	2006	2.9775641025641026	156
2520	2006	3.45	20
262	2006	3.673076923076923	78
605	2006	2.8828125	64
435	2006	2.3276353276353277	351
674	2006	2.955357142857143	56
737	2006	1.797979797979798	99
1482	2006	3.5	4
1960	2006	3.691542288557214	201
1965	2006	3.6346153846153846	104
13	2006	2.7941176470588234	17
31	2006	2.9973958333333335	192
65	2006	2.1933333333333334	75
117	2006	3.730769230769231	13
327	2006	2.6513761467889907	109
673	2006	2.3908794788273617	307
705	2006	2.8333333333333335	6
799	2006	3.337579617834395	157
830	2006	2.8990384615384617	104
839	2006	2.5	62
1027	2006	3.259765625	256
1672	2006	3.5476190476190474	126
2002	2006	3.108540925266904	281
2004	2006	2.882183908045977	174
2053	2006	2.0625	144
2133	2006	3.0441176470588234	102
2143	2006	3.276315789473684	76
2279	2006	2.4894736842105263	95
2369	2006	2.6785714285714284	98
2381	2006	2.1508620689655173	116
2384	2006	2.574074074074074	135
2404	2006	2.34765625	128
2549	2006	2.1914893617021276	47
354	2006	3.1153846153846154	13
798	2006	2.4285714285714284	63
949	2006	3.9444444444444446	45
1103	2006	3.6777777777777776	135
1286	2006	3.7205882352941178	34
1678	2006	3.643835616438356	73
1873	2006	3.5642201834862384	109
23	2006	2.8395061728395063	81
449	2006	3.5	9
224	2006	3.259375	160
265	2006	3.622047244094488	127
1184	2006	3.3823529411764706	17
1754	2006	3.607476635514019	107
107	2006	3.252688172043011	93
413	2006	2.875	136
532	2006	2.8855421686746987	83
535	2006	3.7731481481481484	108
1051	2006	3.603448275862069	29
1334	2006	3.0	46
1350	2006	3.539325842696629	178
1388	2006	2.62992125984252	127
1464	2006	3.910326086956522	184
1588	2006	2.484848484848485	132
1772	2006	2.603448275862069	116
1810	2006	3.3846153846153846	91
1911	2006	2.4581151832460733	191
1974	2006	2.946564885496183	131
1975	2006	2.455357142857143	56
1976	2006	1.9886363636363635	44
1977	2006	2.3452380952380953	42
1979	2006	2.0375	40
1980	2006	1.837837837837838	37
1982	2006	3.4722222222222223	198
1983	2006	2.6551724137931036	58
1985	2006	2.2413793103448274	29
1986	2006	1.9696969696969697	33
1992	2006	2.3783783783783785	37
2088	2006	2.5078125	64
2121	2006	2.877551020408163	49
2126	2006	2.8045112781954886	133
2158	2006	3.5	2
2159	2006	3.125	48
2315	2006	2.5	52
2338	2006	1.9867724867724867	189
2361	2006	3.24	25
2362	2006	1.9642857142857142	14
2389	2006	2.5280898876404496	89
2402	2006	2.7083333333333335	180
2410	2006	2.8727810650887573	169
2411	2006	2.748792270531401	207
2412	2006	2.022727272727273	132
2454	2006	3.2098765432098766	81
2505	2006	2.9411764705882355	170
2513	2006	3.0330882352941178	136
2567	2006	2.846774193548387	124
135	2006	2.6210526315789475	95
765	2006	2.7757009345794392	107
1461	2006	2.6140350877192984	57
1687	2006	3.0766666666666667	150
2013	2006	3.2216494845360826	97
2413	2006	3.5528455284552845	123
20	2006	2.4805194805194803	77
41	2006	3.902439024390244	41
45	2006	3.354014598540146	137
78	2006	3.409090909090909	11
89	2006	2.9711538461538463	52
125	2006	3.575	60
132	2006	2.2857142857142856	28
144	2006	3.1964285714285716	28
159	2006	3.486111111111111	36
164	2006	3.5	38
176	2006	3.6363636363636362	33
198	2006	3.3376623376623376	154
237	2006	2.993150684931507	73
249	2006	3.669811320754717	53
259	2006	3.175	20
280	2006	3.34	50
358	2006	3.1346153846153846	26
365	2006	2.8214285714285716	14
372	2006	3.24	175
373	2006	3.5375	40
382	2006	2.756637168141593	113
383	2006	3.1666666666666665	66
436	2006	2.263157894736842	38
482	2006	3.1311475409836067	61
490	2006	2.893939393939394	33
491	2006	3.0	93
497	2006	3.6595174262734584	373
507	2006	3.521276595744681	94
517	2006	3.0492957746478875	71
521	2006	3.238095238095238	21
538	2006	3.5955882352941178	68
540	2006	2.3095238095238093	84
544	2006	2.2	25
550	2006	2.8043478260869565	46
628	2006	3.800829875518672	241
637	2006	2.611111111111111	72
640	2006	2.84	25
662	2006	2.577777777777778	45
678	2006	4.038461538461538	65
748	2006	2.9649122807017543	57
781	2006	3.4285714285714284	35
785	2006	3.1710526315789473	228
800	2006	3.933734939759036	83
802	2006	3.0076923076923077	260
835	2006	3.0294117647058822	17
842	2006	2.3823529411764706	34
851	2006	3.533333333333333	30
911	2006	4.064885496183206	131
999	2006	3.232142857142857	28
1003	2006	2.857142857142857	21
1004	2006	2.15	20
1037	2006	2.6578947368421053	133
1042	2006	3.292079207920792	202
1082	2006	3.5555555555555554	27
1091	2006	2.640909090909091	110
1100	2006	2.5964285714285715	140
1120	2006	3.5088652482269502	282
1147	2006	4.096153846153846	104
1186	2006	3.398496240601504	133
1243	2006	3.672566371681416	113
1273	2006	4.058441558441558	77
1305	2006	3.8636363636363638	55
1361	2006	3.9054054054054053	37
1365	2006	3.847826086956522	23
1379	2006	2.9344262295081966	61
1411	2006	3.77007299270073	137
1422	2006	2.683333333333333	60
1449	2006	3.825641025641026	195
1454	2006	3.34375	16
1476	2006	3.2830882352941178	136
1488	2006	2.8017241379310347	58
1498	2006	3.125	24
1611	2006	3.5080645161290325	62
1614	2006	2.8841463414634148	82
1647	2006	2.576923076923077	13
1648	2006	3.5833333333333335	18
1655	2006	2.861111111111111	18
1658	2006	3.0673076923076925	52
1711	2006	3.313131313131313	99
1719	2006	3.88	75
1779	2006	2.6903225806451614	155
1783	2006	3.0789473684210527	19
1791	2006	3.0384615384615383	13
1805	2006	3.0397489539748954	239
1834	2006	3.6	70
1840	2006	3.244186046511628	43
1845	2006	3.6315789473684212	57
1863	2006	1.9655172413793103	29
1885	2006	3.3688524590163933	61
1889	2006	3.5495049504950495	101
1912	2006	3.528888888888889	225
1964	2006	3.6710526315789473	38
1967	2006	3.607843137254902	255
2020	2006	3.7919254658385095	161
2072	2006	3.25	64
2112	2006	3.3295454545454546	44
2120	2006	2.9054054054054053	37
2139	2006	3.7058823529411766	153
2146	2006	3.139705882352941	68
2165	2006	3.1666666666666665	15
2169	2006	2.9444444444444446	36
2245	2006	3.042056074766355	107
2249	2006	3.2560975609756095	41
2261	2006	2.760869565217391	23
2265	2006	1.6875	24
2267	2006	3.2142857142857144	7
2289	2006	3.816546762589928	139
2333	2006	3.702127659574468	94
2334	2006	2.98125	80
2337	2006	3.6538461538461537	39
2348	2006	3.5609756097560976	41
2372	2006	3.2093023255813953	43
2374	2006	2.847826086956522	23
2379	2006	2.411949685534591	159
2391	2006	3.5833333333333335	156
2432	2006	3.108433734939759	83
2435	2006	3.2758620689655173	29
2496	2006	3.191666666666667	120
2500	2006	2.942857142857143	35
24	2006	2.9482758620689653	116
203	2006	2.9878048780487805	82
252	2006	3.14527027027027	148
276	2006	2.5283018867924527	53
333	2006	3.404081632653061	245
362	2006	3.03781512605042	119
376	2006	3.1122448979591835	147
524	2006	3.6348684210526314	152
719	2006	2.875	124
1409	2006	2.630081300813008	123
1441	2006	3.5463576158940397	151
2141	2006	3.2777777777777777	99
2280	2006	2.5416666666666665	12
2433	2006	3.3660714285714284	56
2511	2006	3.903225806451613	31
804	2006	2.8970588235294117	34
1753	2006	3.419811320754717	106
2447	2006	2.811224489795918	98
215	2006	3.9751243781094527	201
26	2006	3.5595238095238093	42
1131	2006	3.859375	64
1132	2006	3.824074074074074	54
1366	2006	3.235294117647059	34
2565	2006	3.6422413793103448	116
1012	2006	3.4657534246575343	73
2114	2006	3.630081300813008	123
2398	2006	3.723926380368098	163
1081	2006	3.3866666666666667	75
151	2006	3.3508474576271188	295
202	2006	4.0	5
1023	2006	3.3214285714285716	56
880	2006	2.225806451612903	93
2296	2006	2.8092105263157894	76
735	2006	3.630952380952381	42
2560	2006	3.125	36
554	2006	1.8333333333333333	3
1463	2006	3.25	2
1950	2006	3.849557522123894	113
2360	2006	4.2727272727272725	88
1013	2006	3.427350427350427	117
2089	2006	3.1176470588235294	51
533	2006	2.7454545454545456	55
810	2006	1.3877551020408163	49
1017	2006	3.4444444444444446	72
69	2006	3.4770992366412212	131
322	2006	3.635593220338983	59
2237	2006	3.3	15
2423	2006	3.6080246913580245	162
66	2006	1.9264705882352942	34
79	2006	2.75	40
360	2006	2.340909090909091	22
28	2006	4.0	44
1537	2006	3.930379746835443	79
315	2006	2.7085106382978723	235
346	2006	3.2142857142857144	14
971	2006	3.8333333333333335	69
1238	2006	4.076086956521739	46
728	2006	3.838235294117647	34
2450	2006	2.140625	96
15	2006	2.6538461538461537	65
82	2006	3.803030303030303	33
100	2006	2.8461538461538463	26
347	2006	3.3	40
415	2006	2.6621621621621623	37
746	2006	3.357142857142857	7
916	2006	3.984848484848485	132
948	2006	3.723684210526316	38
1068	2006	4.136363636363637	11
1104	2006	3.9274193548387095	124
1128	2006	3.2037037037037037	54
1176	2006	3.8055555555555554	54
1382	2006	2.6	15
1390	2006	3.111111111111111	18
1450	2006	3.5	7
1927	2006	3.8411764705882354	85
1958	2006	3.4959349593495936	123
2066	2006	4.079545454545454	44
2110	2006	3.5462962962962963	54
2252	2006	3.090909090909091	33
2300	2006	3.7524752475247523	202
2425	2006	4.2	10
2475	2006	3.125	4
2518	2006	3.0	33
2561	2006	3.1805555555555554	36
438	2006	2.588235294117647	17
1135	2006	3.035211267605634	71
1460	2006	2.7222222222222223	18
1629	2006	3.1470588235294117	17
1839	2006	2.4411764705882355	17
2014	2006	3.0510204081632653	49
2016	2006	2.642857142857143	7
2034	2006	2.986111111111111	36
2040	2006	2.5555555555555554	9
2059	2006	2.938775510204082	98
2090	2006	3.4692307692307693	65
2091	2006	2.8529411764705883	17
2095	2006	2.375	8
2163	2006	2.4875	40
381	2006	3.021276595744681	47
574	2006	2.973684210526316	19
1694	2006	3.558333333333333	60
1931	2006	3.75	54
1939	2006	4.173913043478261	46
2577	2006	2.8333333333333335	3
326	2006	4.1	20
1914	2006	3.5	38
63	2006	2.9404761904761907	42
93	2006	2.0921052631578947	38
248	2006	2.425925925925926	27
267	2006	2.680327868852459	61
493	2006	3.4925373134328357	67
537	2006	2.611111111111111	36
569	2006	2.72	25
725	2006	2.7777777777777777	18
818	2006	2.2872340425531914	47
861	2006	3.1842105263157894	57
866	2006	3.5993377483443707	151
886	2006	2.967741935483871	31
934	2006	3.3181818181818183	77
1194	2006	3.319277108433735	83
1457	2006	2.861842105263158	76
1468	2006	2.3636363636363638	22
1475	2006	2.9130434782608696	23
1541	2006	2.960526315789474	38
1895	2006	3.011627906976744	86
2416	2006	2.9609375	64
2463	2006	3.3229166666666665	48
4	2006	2.5357142857142856	14
122	2006	2.6363636363636362	55
222	2006	3.2868852459016393	61
575	2006	2.981132075471698	53
917	2006	3.25	20
2269	2006	2.660377358490566	106
2497	2006	2.7674418604651163	43
2504	2006	2.8875	40
213	2006	3.925925925925926	27
325	2006	2.409090909090909	11
1185	2006	3.81	100
1357	2006	3.8049450549450547	182
1893	2006	2.875	4
2243	2006	3.570588235294118	85
906	2006	3.9444444444444446	36
936	2006	4.0	40
1946	2006	3.9	20
1951	2006	3.6774193548387095	62
2071	2006	3.9634146341463414	41
174	2006	2.4583333333333335	24
829	2006	2.697674418604651	43
2325	2006	2.864864864864865	74
422	2006	3.264705882352941	17
548	2006	2.4574468085106385	47
1055	2006	2.6666666666666665	6
1480	2006	3.230769230769231	26
1593	2006	2.46	25
1671	2006	3.375	4
1715	2006	3.0	1
423	2006	2.688679245283019	53
1289	2006	3.9166666666666665	78
1793	2006	3.375	4
609	2006	2.1538461538461537	26
195	2006	2.985294117647059	34
1041	2006	3.8793103448275863	58
2015	2006	3.1153846153846154	39
1547	2006	3.1	5
2436	2006	3.388888888888889	18
414	2006	2.5	19
952	2006	3.425	40
1126	2006	2.9025974025974026	77
1202	2006	3.6875	32
1310	2006	3.857142857142857	7
1431	2006	2.3719512195121952	82
1888	2006	2.7083333333333335	60
2036	2006	2.4615384615384617	26
2060	2006	3.118556701030928	97
2117	2006	3.6227272727272726	110
2136	2006	2.6544117647058822	68
2188	2006	2.793103448275862	58
2259	2006	2.6346153846153846	26
149	2006	3.7222222222222223	9
567	2006	3.3529411764705883	17
1033	2006	3.331460674157303	89
1264	2006	4.018518518518518	27
2468	2006	2.661764705882353	68
1811	2006	1.0	1
2535	2006	2.8333333333333335	12
994	2006	3.8076923076923075	78
1483	2006	2.99438202247191	89
94	2006	3.492424242424242	66
450	2006	3.0921052631578947	38
477	2006	3.323529411764706	51
1442	2006	3.4705882352941178	17
2263	2006	3.380952380952381	21
942	2006	4.063380281690141	71
419	2006	2.191666666666667	60
943	2006	3.7962962962962963	27
1862	2006	1.9067796610169492	59
2162	2006	2.5821917808219177	73
2386	2006	1.65625	32
405	2006	2.0725806451612905	62
1973	2006	2.2111111111111112	45
2380	2006	2.2644628099173554	121
2383	2006	1.8468468468468469	111
838	2006	3.7682119205298013	151
1545	2006	4.25	8
1661	2006	2.6666666666666665	6
718	2006	3.2291666666666665	24
1191	2006	2.685185185185185	27
1681	2006	1.8313953488372092	86
60	2006	2.7777777777777777	90
709	2006	3.2209302325581395	43
828	2006	2.7	10
1015	2006	2.9927536231884058	69
1582	2006	2.8	10
1769	2006	2.7096774193548385	62
1858	2006	3.048780487804878	41
2043	2006	3.2083333333333335	12
2056	2006	3.0	4
2135	2006	2.945945945945946	37
2430	2006	3.0	20
1744	2006	2.5	4
227	2006	2.4166666666666665	24
459	2006	2.519230769230769	26
991	2006	3.3974358974358974	39
1279	2006	3.838235294117647	68
1389	2006	1.9761904761904763	42
1432	2006	2.4027777777777777	36
1515	2006	2.4019607843137254	102
1735	2006	3.358490566037736	53
1821	2006	3.026315789473684	38
1833	2006	3.0	73
1969	2006	2.283333333333333	60
2262	2006	2.9166666666666665	30
2312	2006	3.5543478260869565	46
2328	2006	2.4594594594594597	37
2414	2006	3.2127659574468086	47
2456	2006	2.1625	40
2473	2006	2.576923076923077	26
782	2006	2.661764705882353	68
941	2006	3.5	23
1342	2006	2.8191489361702127	94
2046	2006	3.3095238095238093	105
374	2006	2.3026315789473686	114
2489	2006	3.0	2
2367	2006	2.6091954022988504	87
74	2006	2.9074074074074074	27
86	2006	3.486111111111111	36
88	2006	3.0428571428571427	70
272	2006	3.7142857142857144	91
289	2006	3.183333333333333	30
361	2006	3.1041666666666665	72
707	2006	3.116279069767442	43
761	2006	2.3833333333333333	60
841	2006	4.035714285714286	14
1459	2006	3.2131147540983607	61
1631	2006	3.7	15
2122	2006	2.5652173913043477	69
2247	2006	2.769230769230769	39
2346	2006	3.1625	40
2459	2006	3.2459016393442623	122
27	2006	3.2413793103448274	29
42	2006	3.0641025641025643	39
61	2006	3.607142857142857	14
64	2006	2.6	15
81	2006	3.1363636363636362	33
92	2006	2.8846153846153846	39
97	2006	4.114754098360656	61
99	2006	2.375	4
102	2006	1.7857142857142858	14
123	2006	4.1688311688311686	77
152	2006	3.3	15
156	2006	3.2333333333333334	15
157	2006	2.7983870967741935	62
166	2006	3.4	15
177	2006	2.875	20
179	2006	2.3181818181818183	11
183	2006	2.888888888888889	9
205	2006	3.5	7
206	2006	3.5	3
219	2006	2.8	5
229	2006	3.375	24
233	2006	3.2051282051282053	39
234	2006	2.0789473684210527	19
239	2006	2.824074074074074	54
240	2006	2.5	6
241	2006	3.0625	8
295	2006	2.25	2
305	2006	2.606060606060606	33
312	2006	2.1	10
330	2006	2.6176470588235294	17
332	2006	2.4655172413793105	29
334	2006	4.178571428571429	14
335	2006	3.0	5
338	2006	2.8	55
366	2006	2.8125	48
397	2006	1.3333333333333333	3
407	2006	3.046875	32
427	2006	2.0166666666666666	30
443	2006	3.6666666666666665	6
444	2006	1.9375	16
456	2006	3.482142857142857	28
473	2006	2.4375	32
479	2006	2.975	20
495	2006	3.125	12
496	2006	3.5	1
511	2006	2.823529411764706	17
518	2006	2.7142857142857144	35
523	2006	3.357142857142857	7
528	2006	2.590909090909091	11
542	2006	2.786764705882353	68
556	2006	3.789473684210526	19
558	2006	3.12	25
565	2006	3.28125	16
612	2006	2.15625	16
614	2006	3.0	1
639	2006	3.1153846153846154	13
652	2006	3.375	4
665	2006	4.033333333333333	45
694	2006	2.7419354838709675	31
704	2006	2.5833333333333335	24
710	2006	2.423076923076923	13
712	2006	4.0	2
714	2006	3.9083969465648853	131
742	2006	2.689189189189189	37
766	2006	3.0789473684210527	19
801	2006	2.8421052631578947	38
833	2006	2.6956521739130435	23
848	2006	3.54	25
882	2006	3.125	8
1006	2006	3.1	15
1034	2006	3.3541666666666665	24
1049	2006	3.3541666666666665	72
1050	2006	3.8421052631578947	19
1111	2006	3.904255319148936	47
1130	2006	3.0921052631578947	38
1161	2006	3.8529411764705883	34
1169	2006	3.423076923076923	13
1189	2006	4.044117647058823	34
1190	2006	3.5675675675675675	37
1277	2006	3.8870967741935485	62
1295	2006	3.8859649122807016	57
1322	2006	1.75	10
1325	2006	1.6428571428571428	7
1326	2006	2.0588235294117645	17
1327	2006	2.6176470588235294	68
1328	2006	1.75	6
1329	2006	3.142857142857143	7
1330	2006	2.933333333333333	15
1331	2006	3.0	4
1332	2006	2.9	10
1335	2006	1.25	2
1337	2006	2.7142857142857144	14
1340	2006	3.8392857142857144	56
1346	2006	3.0535714285714284	28
1351	2006	2.888888888888889	9
1354	2006	3.9207920792079207	101
1359	2006	2.0618556701030926	97
1392	2006	3.628205128205128	39
1414	2006	3.25	8
1440	2006	3.0357142857142856	14
1445	2006	2.7	25
1447	2006	3.433333333333333	15
1484	2006	3.5294117647058822	17
1487	2006	3.0142857142857142	35
1546	2006	3.6785714285714284	14
1550	2006	2.735294117647059	17
1565	2006	3.2142857142857144	7
1570	2006	3.1538461538461537	13
1594	2006	3.6527777777777777	36
1598	2006	3.2083333333333335	12
1605	2006	2.5833333333333335	18
1633	2006	3.4107142857142856	28
1646	2006	2.54	25
1649	2006	3.5588235294117645	17
1660	2006	3.1666666666666665	15
1667	2006	2.78125	16
1699	2006	3.6153846153846154	13
1746	2006	2.423076923076923	13
1770	2006	2.5	6
1771	2006	2.8125	8
1812	2006	1.875	4
1824	2006	2.8333333333333335	9
1844	2006	3.857142857142857	35
1846	2006	3.4444444444444446	9
1848	2006	2.875	20
1854	2006	2.2142857142857144	7
1856	2006	2.9210526315789473	19
1870	2006	3.3	5
1875	2006	3.3823529411764706	17
1880	2006	3.7941176470588234	17
1887	2006	2.6666666666666665	24
1891	2006	3.5	2
1913	2006	3.5714285714285716	56
1916	2006	3.730769230769231	78
1984	2006	1.8717948717948718	39
1987	2006	2.566666666666667	15
1993	2006	2.0930232558139537	43
2024	2006	3.15	10
2029	2006	3.2857142857142856	14
2061	2006	3.3666666666666667	15
2068	2006	3.9913793103448274	58
2069	2006	3.7142857142857144	7
2075	2006	3.5	11
2077	2006	3.566666666666667	15
2093	2006	3.2	45
2097	2006	3.8	20
2102	2006	3.725806451612903	31
2113	2006	1.9230769230769231	13
2128	2006	3.1666666666666665	9
2130	2006	3.9310344827586206	29
2132	2006	4.045454545454546	66
2142	2006	2.8813559322033897	59
2155	2006	3.1785714285714284	42
2166	2006	3.269230769230769	13
2187	2006	3.8	10
2189	2006	3.1666666666666665	3
2195	2006	2.75	30
2238	2006	3.888888888888889	9
2239	2006	3.8	10
2282	2006	3.369565217391304	46
2283	2006	3.142857142857143	7
2292	2006	3.1666666666666665	3
2305	2006	2.875	4
2308	2006	2.5	1
2320	2006	3.1097560975609757	41
2327	2006	2.5833333333333335	12
2343	2006	2.25	2
2349	2006	3.4791666666666665	24
2354	2006	2.375	40
2377	2006	3.026315789473684	19
2390	2006	3.2830188679245285	53
2399	2006	2.6875	24
2438	2006	2.0	1
2439	2006	3.625	20
2443	2006	3.2903225806451615	31
2446	2006	2.710526315789474	19
2462	2006	1.2884615384615385	26
2469	2006	3.2083333333333335	72
2483	2006	3.769230769230769	13
2492	2006	2.3333333333333335	9
2499	2006	3.3333333333333335	3
2506	2006	2.9696969696969697	33
2509	2006	2.2	5
2519	2006	3.107142857142857	28
2548	2006	2.032258064516129	31
2550	2006	3.7	45
2553	2006	3.4	35
2555	2006	1.6710526315789473	38
2556	2006	2.5	1
2558	2006	2.6416666666666666	60
2566	2006	2.5	7
2568	2006	2.4615384615384617	26
2574	2006	2.8095238095238093	21
2583	2006	3.3076923076923075	26
371	2006	3.1379310344827585	29
2514	2006	2.2065217391304346	46
1739	2006	1.1956521739130435	23
1902	2006	3.75	4
1900	2006	4.369565217391305	23
668	2006	3.6153846153846154	13
670	2006	3.730769230769231	13
154	2006	3.8823529411764706	51
1757	2006	3.960526315789474	38
340	2006	3.0	13
343	2006	2.3823529411764706	17
2106	2006	3.1486486486486487	37
501	2006	3.893939393939394	33
1046	2006	3.671875	32
1296	2006	3.8058823529411763	85
1730	2006	3.6125	40
577	2006	2.3214285714285716	14
464	2006	2.5319148936170213	47
1759	2006	3.3214285714285716	14
1978	2006	1.9487179487179487	39
2364	2006	2.7666666666666666	15
446	2006	3.9615384615384617	52
900	2006	3.6370967741935485	62
1814	2006	2.5	4
30	2006	3.875	8
77	2006	4.166666666666667	3
85	2006	3.236842105263158	19
106	2006	4.0	2
199	2006	3.4864864864864864	37
232	2006	4.025252525252525	99
269	2006	3.0	1
352	2006	3.2777777777777777	9
363	2006	3.625	8
390	2006	3.4642857142857144	28
392	2006	3.642857142857143	7
506	2006	3.340909090909091	22
602	2006	4.0625	8
649	2006	3.875	4
722	2006	3.25	4
751	2006	3.4	5
757	2006	3.8214285714285716	14
846	2006	2.375	4
877	2006	3.5	2
907	2006	3.861111111111111	18
935	2006	3.6538461538461537	13
945	2006	3.883720930232558	43
956	2006	3.7	5
973	2006	3.8421052631578947	19
986	2006	3.1627906976744184	43
1054	2006	3.05	10
1066	2006	3.8870967741935485	31
1112	2006	3.3333333333333335	3
1290	2006	3.5135135135135136	37
1306	2006	3.3636363636363638	11
1401	2006	3.3157894736842106	19
1734	2006	4.1571428571428575	35
1836	2006	2.9242424242424243	33
512	2006	2.9166666666666665	12
2449	2006	1.0333333333333334	15
626	2006	2.0	4
2027	2006	2.3	35
1966	2006	3.8974358974358974	39
932	2006	3.897727272727273	44
210	2006	3.0	4
445	2006	2.409090909090909	22
478	2006	2.7	5
1352	2006	2.735294117647059	17
1752	2006	2.7115384615384617	52
1785	2006	3.3472222222222223	36
1804	2006	3.1818181818181817	11
2264	2006	2.5	14
2306	2006	2.3181818181818183	33
242	2006	3.3076923076923075	13
563	2006	3.15	10
641	2006	3.0	4
1216	2006	3.946969696969697	66
49	2006	3.8333333333333335	3
171	2006	3.1923076923076925	13
1280	2006	4.054945054945055	91
116	2006	3.25	12
747	2006	2.15625	16
2050	2006	2.159090909090909	22
2164	2006	2.5	4
468	2006	3.368131868131868	91
2385	2006	2.826923076923077	26
43	2006	3.111111111111111	9
1113	2006	2.269230769230769	13
1236	2006	3.875	16
1794	2006	3.25	8
2285	2006	3.55	10
2516	2006	1.588235294117647	17
80	2006	4.0625	8
488	2006	3.857142857142857	7
1822	2006	1.25	2
1495	2006	1.0892857142857142	28
408	2006	2.4	10
700	2006	3.03125	16
549	2006	3.8333333333333335	15
682	2006	3.0	2
1151	2006	3.5	8
1571	2006	3.8	10
2033	2006	2.84	25
2131	2006	4.033333333333333	15
711	2006	2.1785714285714284	28
2342	2006	3.5625	8
59	2006	3.6666666666666665	6
1829	2006	3.1	5
1915	2006	3.8333333333333335	3
2276	2006	3.1	5
1990	2006	0.7777777777777778	9
418	2006	2.0	3
809	2006	2.727272727272727	11
1866	2006	2.9479166666666665	48
169	2006	1.8928571428571428	84
1162	2006	3.5	13
191	2006	2.5961538461538463	26
666	2006	3.5	6
1554	2006	3.7916666666666665	24
2074	2006	3.611111111111111	9
57	2006	3.3157894736842106	19
182	2006	3.25	6
386	2006	3.1666666666666665	6
447	2006	3.0	3
451	2006	3.1	5
460	2006	2.4	10
465	2006	2.5625	8
484	2006	2.5714285714285716	7
695	2006	2.9375	8
840	2006	2.590909090909091	11
862	2006	3.75	4
893	2006	3.75	10
1043	2006	2.25	8
1426	2006	2.2857142857142856	7
1427	2006	1.75	14
1612	2006	3.25	4
1668	2006	3.1	5
1798	2006	2.7142857142857144	14
1855	2006	2.4411764705882355	17
2007	2006	3.25	6
2031	2006	2.625	4
2172	2006	3.25	4
2316	2006	3.123456790123457	81
2341	2006	2.75	4
2437	2006	3.519230769230769	26
2491	2006	2.966666666666667	15
2523	2006	2.8333333333333335	6
2524	2006	3.2	40
1881	2006	2.5416666666666665	12
2170	2006	2.546875	32
118	2006	3.090909090909091	11
580	2006	2.375	4
697	2006	2.2222222222222223	9
1187	2006	4.0	5
87	2006	2.423076923076923	26
1008	2006	3.2083333333333335	12
2038	2006	2.9285714285714284	7
2098	2006	1.6875	8
683	2006	1.5	2
857	2006	2.5	2
873	2006	0.5	1
321	2006	3.46875	16
617	2006	3.7222222222222223	9
632	2006	3.772727272727273	11
1417	2006	3.1818181818181817	11
1643	2006	3.9390243902439024	41
1904	2006	3.4444444444444446	9
126	2006	1.9166666666666667	30
217	2006	2.1666666666666665	6
713	2006	2.8333333333333335	3
824	2006	3.6666666666666665	6
1686	2006	2.772727272727273	11
1731	2006	2.1551724137931036	29
1929	2006	3.64	25
1933	2006	3.8	5
1936	2006	3.2142857142857144	14
1942	2006	3.738095238095238	21
1651	2006	2.875	4
2272	2006	3.6923076923076925	13
2445	2006	2.5454545454545454	22
990	2006	2.2941176470588234	17
1011	2006	2.64	25
2051	2006	2.48	25
927	2006	3.9722222222222223	18
1069	2006	4.025	20
1940	2006	3.6	15
404	2006	3.0	4
769	2006	5.0	1
1039	2006	3.75	2
1434	2006	4.0	1
1926	2006	3.125	4
1526	2006	2.45	20
1692	2006	2.6666666666666665	3
645	2006	3.8333333333333335	3
1415	2006	4.0	2
1399	2006	3.1041666666666665	24
8	2006	2.911764705882353	17
38	2006	2.533333333333333	15
54	2006	2.55	10
146	2006	2.625	8
201	2006	1.75	2
212	2006	2.111111111111111	9
228	2006	2.0	3
238	2006	2.409090909090909	11
244	2006	2.5	4
250	2006	3.45	10
258	2006	2.392857142857143	14
271	2006	2.625	12
313	2006	2.625	20
421	2006	3.109375	32
483	2006	4.055555555555555	9
505	2006	2.76	25
600	2006	3.1666666666666665	9
606	2006	1.7619047619047619	21
688	2006	2.2962962962962963	54
754	2006	2.8	5
808	2006	2.6666666666666665	9
867	2006	1.75	12
881	2006	2.4545454545454546	11
885	2006	1.8181818181818181	11
888	2006	1.4761904761904763	21
938	2006	3.6842105263157894	38
1000	2006	3.625	4
1018	2006	2.90625	16
1024	2006	3.3076923076923075	13
1167	2006	2.6875	8
1177	2006	3.6176470588235294	17
1398	2006	2.0	6
1453	2006	2.3333333333333335	21
1456	2006	1.6071428571428572	14
1474	2006	2.0	36
1489	2006	2.4	5
1490	2006	1.25	8
1525	2006	1.6666666666666667	3
1561	2006	3.0	3
1595	2006	1.7	35
1599	2006	1.3333333333333333	12
1600	2006	3.3181818181818183	11
1602	2006	2.2142857142857144	14
1621	2006	2.7083333333333335	12
1683	2006	3.6818181818181817	22
1767	2006	2.3333333333333335	3
1806	2006	2.4038461538461537	26
1807	2006	3.1666666666666665	3
1816	2006	3.2142857142857144	7
1843	2006	2.75	2
1857	2006	2.7777777777777777	9
1865	2006	3.5	6
1988	2006	1.5	7
2039	2006	3.0	2
2047	2006	2.0	3
2048	2006	3.125	32
2154	2006	2.5434782608695654	23
2168	2006	2.3125	8
2171	2006	3.78125	16
2190	2006	2.125	4
2271	2006	3.5625	8
2295	2006	3.375	8
2317	2006	1.6666666666666667	3
2331	2006	3.107142857142857	14
2365	2006	2.5	13
2392	2006	2.142857142857143	28
2400	2006	3.0	7
2442	2006	3.4482758620689653	29
2482	2006	2.75	4
2546	2006	2.1538461538461537	13
2554	2006	3.1666666666666665	12
2563	2006	3.5	23
985	2006	3.75	2
1099	2006	3.6142857142857143	35
1501	2006	2.375	4
1725	2006	4.25	2
1874	2006	3.6666666666666665	3
1932	2006	4.0	7
2101	2006	3.0	1
2233	2006	2.75	2
2240	2006	3.3157894736842106	19
2494	2006	3.625	4
417	2006	3.7045454545454546	22
1788	2006	3.7142857142857144	7
619	2006	2.1875	8
1604	2006	2.4583333333333335	12
1606	2006	1.8529411764705883	17
1626	2006	2.264705882352941	17
1703	2006	2.473684210526316	19
504	2006	3.15	20
564	2006	2.1	5
692	2006	2.2	10
1497	2006	2.4	15
1581	2006	3.25	8
2035	2006	3.3333333333333335	3
2196	2006	1.9722222222222223	18
2507	2006	1.4166666666666667	6
463	2006	2.857142857142857	7
1192	2006	3.55	10
1558	2006	3.2	5
396	2006	0.5	1
424	2006	2.85	10
458	2006	3.0416666666666665	12
865	2006	3.25	2
958	2006	2.0	2
974	2006	3.1666666666666665	3
1114	2006	3.3333333333333335	6
1152	2006	4.1	5
1154	2006	3.3	5
2444	2006	2.75	2
2575	2006	3.7333333333333334	15
963	2006	3.9375	8
207	2006	3.0655737704918034	61
448	2006	3.3857142857142857	35
635	2006	3.5	8
806	2006	3.1666666666666665	9
1085	2006	3.375	12
702	2006	4.2	10
331	2006	3.5	2
1943	2006	3.4166666666666665	12
55	2006	2.8333333333333335	6
1364	2006	3.0	2
1596	2006	3.5	4
1395	2006	3.2884615384615383	26
2453	2006	2.7916666666666665	12
1123	2006	3.75	6
2330	2006	3.96875	16
129	2006	1.5	2
2287	2006	3.267857142857143	28
2368	2006	1.7916666666666667	12
1538	2006	1.0	1
2057	2006	2.5	6
255	2006	2.1785714285714284	14
2495	2006	3.6785714285714284	14
384	2006	2.625	8
536	2006	3.392857142857143	14
638	2006	3.1818181818181817	11
1105	2006	1.75	12
1919	2006	3.2916666666666665	12
2310	2006	2.9285714285714284	14
2498	2006	2.3636363636363638	22
2562	2006	3.2083333333333335	12
2573	2006	3.3	5
211	2006	3.65	10
341	2006	2.875	4
430	2006	3.125	4
452	2006	3.8125	8
731	2006	2.9	5
1733	2006	3.388888888888889	9
71	2006	2.142857142857143	14
257	2006	2.9615384615384617	26
2235	2006	3.25	2
1937	2006	3.5	10
1363	2006	2.5294117647058822	17
1511	2006	2.75	2
98	2006	2.6	5
1841	2006	2.388888888888889	9
425	2006	2.857142857142857	7
1995	2006	2.4705882352941178	34
1430	2006	3.5416666666666665	12
1150	2006	3.65	10
1948	2006	3.717391304347826	23
1850	2006	2.5	1
579	2006	3.0	3
2037	2006	3.4166666666666665	6
2180	2006	3.380952380952381	21
2255	2006	2.5	6
2457	2006	3.433333333333333	15
892	2006	3.717391304347826	23
83	2006	3.1666666666666665	6
263	2006	3.8	5
970	2006	3.1666666666666665	6
1583	2006	2.857142857142857	7
1859	2006	3.4444444444444446	9
416	2006	2.5384615384615383	26
469	2006	3.3055555555555554	18
570	2006	3.2	5
715	2006	2.9375	8
1353	2006	3.03125	16
302	2006	4.115384615384615	13
2314	2006	3.6875	8
901	2006	3.68	25
2103	2006	2.875	4
2429	2006	2.96875	32
1601	2006	3.0	9
274	2006	2.5384615384615383	13
918	2006	3.7162162162162162	37
961	2006	3.0	1
1026	2006	2.5	1
2017	2006	2.772727272727273	11
845	2006	3.75	2
2197	2006	3.25	2
860	2006	3.357142857142857	7
1723	2006	1.8333333333333333	3
1493	2006	3.75	2
1684	2006	3.5555555555555554	9
189	2006	4.0	1
453	2006	3.5	7
603	2006	3.2857142857142856	7
2526	2006	2.9	5
1531	2006	4.25	2
184	2006	3.3333333333333335	3
1756	2006	2.7	10
2458	2006	2.21875	16
717	2006	2.75	4
807	2006	3.25	2
2440	2006	2.0	2
2441	2006	3.0	2
1574	2006	3.0	2
2173	2006	2.8333333333333335	6
530	2006	3.0	1
1579	2006	3.0	3
1768	2006	5.0	2
378	2006	2.4375	8
767	2006	0.5	1
988	2006	2.6	5
1477	2006	4.5	3
1564	2006	3.25	6
1749	2006	2.75	2
2388	2006	1.8333333333333333	3
1533	2006	3.9	5
944	2006	3.7916666666666665	12
571	2006	3.0	4
1437	2006	3.375	4
613	2006	3.264705882352941	17
84	2006	4.5	2
685	2006	3.25	4
1567	2006	3.25	2
573	2006	2.8333333333333335	3
650	2006	3.5	8
1698	2006	3.25	2
1826	2006	0.5	8
429	2006	2.4782608695652173	23
1925	2006	3.7857142857142856	7
1898	2006	2.0	2
2073	2006	3.3333333333333335	9
759	2006	3.625	4
787	2006	4.0	2
850	2006	4.071428571428571	7
2503	2006	3.4166666666666665	6
897	2006	3.2916666666666665	12
2045	2006	2.6	5
679	2006	4.0	1
1535	2006	3.5	8
510	2006	2.5357142857142856	14
113	2006	3.111111111111111	9
1168	2006	2.4	5
1323	2006	1.1818181818181819	11
2256	2006	3.25	2
2464	2006	3.0	5
2521	2006	2.433333333333333	15
2522	2006	2.5555555555555554	9
2525	2006	2.7222222222222223	9
1869	2006	2.272727272727273	11
2347	2006	3.2	10
2370	2006	3.727272727272727	11
1406	2006	4.125	4
1728	2006	3.8333333333333335	3
2147	2006	3.0	19
1153	2006	3.25	2
409	2006	3.388888888888889	9
275	2006	2.2857142857142856	21
2226	2006	2.8333333333333335	6
656	2006	2.125	16
2339	2006	1.9444444444444444	9
2214	2006	2.8	5
1318	2006	2.75	2
121	2006	3.5833333333333335	6
1896	2006	4.25	2
667	2006	1.8928571428571428	14
1738	2006	1.5	2
698	2006	2.75	2
2417	2006	3.1153846153846154	13
1897	2006	3.727272727272727	11
1070	2006	3.25	2
387	2006	2.4	5
621	2006	3.6666666666666665	3
1143	2006	5.0	1
2326	2006	3.0	1
756	2006	3.3333333333333335	3
568	2006	4.0	2
291	2006	1.9090909090909092	11
2079	2006	4.5	1
2481	2006	4.071428571428571	7
1324	2006	1.5	2
2451	2006	2.5	14
388	2006	2.25	2
939	2006	4.0	1
972	2006	3.875	4
2552	2006	2.6	10
472	2006	2.875	4
304	2006	3.125	4
2201	2006	2.75	2
875	2006	3.3846153846153846	13
178	2006	4.0	3
369	2006	3.369565217391304	23
1679	2006	0.875	4
467	2006	3.125	4
1044	2006	3.5	7
75	2006	1.6875	8
270	2006	3.2857142857142856	7
437	2006	2.375	8
486	2006	3.0	6
726	2006	3.375	4
1397	2006	2.9285714285714284	7
1864	2006	2.0	2
1502	2006	2.4	5
1879	2006	3.388888888888889	9
1413	2006	2.75	6
1696	2006	2.25	2
2241	2006	2.8	5
1144	2006	3.5	2
854	2006	3.5	1
2512	2006	2.6666666666666665	3
525	2006	4.1	5
716	2006	2.6	5
40	2006	3.5	6
103	2006	2.75	8
634	2006	1.8	5
976	2006	2.75	4
2536	2006	1.9	5
992	2006	2.75	4
1718	2006	3.8333333333333335	3
691	2006	3.0454545454545454	11
959	2006	2.7857142857142856	7
1336	2006	2.75	8
1539	2006	2.9166666666666665	6
1669	2006	3.5	4
1670	2006	3.392857142857143	14
1773	2006	3.2857142857142856	7
1780	2006	3.8333333333333335	6
2191	2006	3.5	2
2218	2006	1.5	3
2220	2006	4.0	1
2225	2006	3.0	1
2358	2006	3.1363636363636362	11
651	2006	2.0	2
1496	2006	2.7	5
526	2006	4.25	2
633	2006	2.6666666666666665	3
803	2006	3.5833333333333335	6
1119	2006	3.125	4
615	2006	4.083333333333333	6
1662	2006	3.0	4
1886	2006	2.1666666666666665	3
771	2006	3.8333333333333335	3
251	2006	4.0	1
1384	2006	3.0	1
1849	2006	3.5	1
598	2006	3.3333333333333335	6
1871	2006	3.0	3
1107	2006	2.0	2
1640	2006	2.4285714285714284	7
2319	2006	4.0	1
35	2006	2.75	4
1404	2006	2.5714285714285716	7
696	2006	3.3333333333333335	3
1180	2006	3.2	5
1170	2006	1.75	4
1117	2006	3.0	4
324	2006	3.5833333333333335	6
1423	2006	4.0	5
813	2006	2.0	4
1439	2006	3.0	3
1837	2006	2.75	8
433	2006	2.230769230769231	13
2582	2006	3.0714285714285716	7
1795	2006	3.5	2
1312	2006	3.0	2
960	2006	3.3333333333333335	3
964	2006	4.0	1
2299	2006	3.0	1
2418	2006	3.2857142857142856	7
625	2006	4.0	1
618	2006	2.75	4
1860	2006	4.111111111111111	9
1507	2006	2.3333333333333335	3
2510	2006	3.5	1
1121	2006	4.0	1
2157	2006	3.625	4
33	2006	4.25	2
690	2006	3.1666666666666665	3
1820	2006	3.0	3
869	2006	3.625	4
1609	2006	2.8214285714285716	14
2345	2006	3.5	4
2537	2006	2.875	4
1465	2006	3.409090909090909	11
310	2006	2.875	4
499	2006	2.9	5
298	2006	3.5	2
2215	2006	3.0	2
309	2006	1.75	2
1636	2006	1.5	1
503	2006	3.5	1
1906	2006	4.0	2
134	2006	3.5	2
659	2006	4.0	8
2129	2006	3.1666666666666665	3
561	2006	2.0	1
2493	2006	3.9	5
1899	2006	3.5	2
1063	2006	3.5	1
870	2006	2.0625	8
254	2006	2.875	4
1624	2006	2.6	5
1685	2006	3.3333333333333335	3
2242	2006	2.1666666666666665	3
2244	2006	2.6666666666666665	3
2257	2006	2.5	1
2260	2006	2.5	1
2465	2006	1.75	4
2198	2006	2.625	4
279	2006	3.5	2
359	2006	3.5	2
989	2006	3.3333333333333335	3
2569	2006	4.0	2
1585	2006	3.0	1
2397	2006	3.0	3
1654	2006	3.7857142857142856	7
1664	2006	3.8333333333333335	3
1743	2006	3.8333333333333335	3
582	2006	2.8333333333333335	3
1555	2006	3.25	2
109	2006	0.5	1
320	2006	0.5	1
375	2006	0.5	1
734	2006	3.1666666666666665	3
114	2006	3.6666666666666665	3
148	2006	3.5	2
301	2006	4.0	1
461	2006	2.857142857142857	7
2284	2006	3.5	4
1056	2006	3.2	10
753	2006	4.0	1
763	2006	4.0	1
2156	2006	2.75	2
2192	2006	3.25	2
847	2006	2.5	1
470	2006	1.5	4
155	2006	3.1	5
462	2006	1.6666666666666667	3
660	2006	2.5	1
703	2006	1.5	1
834	2006	0.5	1
1383	2006	1.5	4
1520	2006	3.5	1
1551	2006	1.75	4
1867	2006	2.1666666666666665	3
1930	2006	2.75	2
2062	2006	3.0	2
2559	2006	1.2	5
127	2006	2.75	2
966	2006	3.1666666666666665	3
209	2006	3.5	2
1523	2006	2.5	6
701	2006	4.25	2
2578	2006	3.25	4
128	2006	3.3333333333333335	3
1632	2006	2.5	1
1656	2006	2.5	1
403	2006	1.5	2
2044	2006	3.5	1
2286	2006	2.0	1
2332	2006	2.8	5
167	2006	3.5	1
297	2006	4.0	1
1444	2006	3.0	2
1509	2006	3.625	4
139	2006	3.0	2
220	2006	1.8	5
336	2006	2.25	4
547	2006	2.75	8
982	2006	3.2	5
1410	2006	2.5	5
1677	2006	1.75	2
1910	2006	2.6666666666666665	3
2199	2006	2.6666666666666665	3
2250	2006	3.75	6
2350	2006	2.1666666666666665	3
2472	2006	3.111111111111111	9
2487	2006	2.125	4
729	2006	4.0	2
294	2006	3.75	2
981	2006	2.5	3
1087	2006	3.5	2
1149	2006	2.5	3
498	2006	3.5	3
1853	2006	2.0	2
2534	2006	1.0	1
1098	2006	3.5	1
1877	2006	3.0	1
1642	2006	2.8333333333333335	3
2323	2006	3.875	4
137	2006	3.0	3
1742	2006	2.25	2
1776	2006	4.5	1
2508	2006	4.0	1
889	2006	2.5	2
896	2006	3.875	4
264	2006	2.75	2
1817	2006	0.5	1
998	2006	3.25	8
119	2006	3.75	2
243	2006	3.1666666666666665	3
278	2006	3.0833333333333335	6
439	2006	3.0	3
601	2006	3.0	3
993	2006	4.0	2
1038	2006	3.75	2
1508	2006	3.5	1
1528	2006	3.5	1
1549	2006	3.5	1
1628	2006	3.5	1
1650	2006	4.25	2
1750	2006	2.0	3
1796	2006	3.5	1
1815	2006	4.0	1
1852	2006	3.5	1
1878	2006	2.3333333333333335	3
1890	2006	3.25	2
2426	2006	4.0	1
2434	2006	2.3333333333333335	3
2545	2006	3.25	2
664	2006	3.3333333333333335	3
706	2006	3.0	1
764	2006	3.0	1
997	2006	4.0	2
1314	2006	2.5	1
1317	2006	3.0	2
1825	2006	2.25	2
2216	2006	2.0	2
2293	2006	4.0	1
681	2006	4.5	3
1443	2006	3.5	1
1695	2006	3.4166666666666665	6
1989	2006	0.8571428571428571	7
1473	2006	2.5	2
2479	2006	2.5	1
2041	2006	3.5	1
108	2006	2.75	2
1110	2006	2.5	1
872	2006	4.5	4
389	2006	4.0	2
777	2006	3.0	1
979	2006	4.0	1
1071	2006	1.0	1
583	2006	4.0	3
2544	2006	3.0	2
67	2006	2.75	2
402	2006	3.0	1
831	2006	4.0	2
1053	2006	2.0	1
1116	2006	2.5	2
1062	2006	0.5	1
1872	2006	2.5	3
2538	2006	4.0	2
823	2006	2.5	1
775	2006	5.0	1
394	2006	3.5	5
1040	2006	3.0	3
2223	2006	3.0	1
658	2006	0.5	1
115	2006	3.3333333333333335	3
2032	2006	2.5	1
1675	2006	5.0	1
789	2006	1.75	2
1458	2006	2.0	1
53	2006	3.25	2
1657	2006	2.75	2
2049	2006	5.0	1
629	2006	4.0	1
1164	2006	3.25	2
643	2006	2.5	1
2086	2006	3.0	1
1529	2006	3.0	1
1851	2006	1.5	2
1109	2006	3.0	1
1710	2006	0.5	1
2576	2006	3.0	1
1563	2006	3.0	1
2419	2006	4.0	1
124	2006	3.25	2
967	2006	3.25	2
1652	2006	3.25	2
513	2006	3.25	2
977	2006	3.0	1
1118	2006	3.25	2
1311	2006	1.75	2
1705	2006	3.0	1
2246	2006	2.0	1
2274	2006	3.5	1
2281	2006	3.5	3
957	2006	2.5	1
1067	2006	3.0	1
1789	2006	2.0	1
584	2006	3.0	2
620	2006	4.0	1
2008	2006	3.5	1
1045	2006	3.0	1
755	2006	2.5	1
2104	2006	3.5	1
2222	2006	3.0	1
1369	2006	4.25	2
391	2006	3.0	2
1349	2006	3.5	1
2484	2006	1.0	1
37	2006	2.5	1
96	2006	2.5	1
133	2006	2.0	1
136	2006	4.0	1
192	2006	3.0	1
398	2006	3.0	1
576	2006	2.5	1
758	2006	3.0	1
790	2006	2.0	1
791	2006	3.0	1
793	2006	3.0	1
797	2006	2.5	1
844	2006	2.0	1
855	2006	3.0	1
1058	2006	2.0	1
1075	2006	3.0	1
1106	2006	3.0	1
1134	2006	2.5	1
1163	2006	4.0	1
1174	2006	2.5	1
1315	2006	3.0	1
1412	2006	3.5	1
1420	2006	3.0	1
1421	2006	3.0	1
1428	2006	3.25	2
1448	2006	4.5	1
1467	2006	2.0	1
1470	2006	2.5	1
1486	2006	3.5	1
1504	2006	3.5	1
1514	2006	3.0	1
1575	2006	4.5	1
1577	2006	2.0	1
1724	2006	3.0	1
1861	2006	3.0	1
1901	2006	3.0	1
1905	2006	3.0	1
2030	2006	3.0	1
2063	2006	2.5	1
2304	2006	2.5	1
200	2006	2.0	1
864	2006	3.0	1
1819	2006	4.0	1
2127	2006	3.0	1