587	2008	3.195679012345679	810
648	2008	3.355443403028118	1387
1721	2008	3.2157805429864252	1768
267	2008	2.738970588235294	136
519	2008	2.114864864864865	148
1972	2008	2.3260869565217392	23
2447	2008	3.0454545454545454	66
356	2008	4.027657905060808	2549
1258	2008	4.038048780487805	1025
1959	2008	3.683206106870229	131
2150	2008	3.536082474226804	291
2202	2008	3.761904761904762	21
318	2008	4.413387423935092	2465
745	2008	3.835280373831776	428
750	2008	4.160955347871235	963
858	2008	4.315817984832069	1846
898	2008	3.9673202614379086	153
912	2008	4.105757931844888	851
913	2008	4.002604166666667	384
926	2008	3.9915254237288136	118
930	2008	4.028301886792453	106
1148	2008	3.909456740442656	497
1193	2008	4.1652735562310035	1316
1198	2008	4.129887520085699	1867
1207	2008	3.962882096069869	458
1212	2008	4.120689655172414	232
1221	2008	4.218458933107536	1181
1234	2008	4.134474327628362	409
1238	2008	3.8043478260869565	23
1252	2008	4.082781456953643	453
1267	2008	3.686241610738255	298
1284	2008	4.131578947368421	133
1380	2008	3.2160852713178296	516
2019	2008	4.185968819599109	449
2402	2008	3.075	180
2403	2008	3.732673267326733	202
2404	2008	2.97244094488189	127
253	2008	3.738255033557047	745
296	2008	4.273814268632922	2509
364	2008	3.711764705882353	1360
531	2008	3.3110687022900764	262
588	2008	3.5559670781893002	1215
595	2008	3.473047304730473	909
902	2008	3.756637168141593	226
917	2008	3.74	25
1028	2008	3.6275	400
1073	2008	3.7160621761658033	965
1293	2008	3.900990099009901	303
1517	2008	3.3647242455775235	961
1580	2008	3.4569741282339708	1778
1653	2008	3.9042089985486212	689
1884	2008	3.9555288461538463	416
1968	2008	3.8042944785276074	815
2291	2008	3.8231827111984282	1018
2389	2008	3.045918367346939	98
2571	2008	4.220795660036166	2765
28	2008	4.083333333333333	30
838	2008	3.4672619047619047	168
1586	2008	2.7956521739130435	230
1801	2008	3.1710526315789473	228
1888	2008	3.0113636363636362	44
1894	2008	2.836734693877551	147
2424	2008	3.0	456
215	2008	3.9640522875816995	153
265	2008	3.5970873786407767	103
1202	2008	3.88	50
1285	2008	3.6194690265486726	339
1295	2008	3.6875	40
1680	2008	3.3592436974789917	238
1	2008	3.7233115468409586	1836
10	2008	3.4441776710684273	833
47	2008	4.166290231507623	1771
107	2008	3.16046511627907	215
110	2008	3.8694871794871797	1950
185	2008	2.8088842975206614	484
224	2008	3.381720430107527	186
260	2008	4.044794794794795	1998
344	2008	3.0127175368139225	1494
382	2008	2.982456140350877	114
405	2008	2.563106796116505	103
475	2008	3.916376306620209	287
480	2008	3.548172757475083	2107
527	2008	4.165984804208065	1711
589	2008	3.8817966903073287	1692
590	2008	3.5644402634054564	1063
597	2008	3.2714025500910746	1098
736	2008	2.9307909604519775	1062
1097	2008	3.609775641025641	1248
1136	2008	4.14890180878553	1548
1196	2008	4.164440734557596	1797
1210	2008	4.004230118443316	1773
1214	2008	3.9217151848937846	1271
1240	2008	3.760014566642389	1373
1348	2008	3.9894736842105263	95
1610	2008	3.8316901408450703	710
1682	2008	3.816640378548896	1268
1957	2008	3.659313725490196	204
1960	2008	3.745798319327731	238
1961	2008	3.8797297297297297	1110
2028	2008	4.015324519230769	1664
2278	2008	3.768595041322314	363
2355	2008	3.369625520110957	721
2384	2008	2.363905325443787	169
2409	2008	3.288135593220339	177
21	2008	3.403225806451613	372
50	2008	4.321666666666666	1800
69	2008	3.4054054054054053	148
104	2008	3.4764309764309766	594
147	2008	3.7231404958677685	121
150	2008	3.6840989399293287	1415
165	2008	3.6502564102564103	975
180	2008	3.6890862944162435	394
208	2008	2.735754189944134	895
216	2008	3.2884615384615383	286
231	2008	3.113830613830614	1287
333	2008	3.427027027027027	185
377	2008	3.218149466192171	1405
380	2008	3.377062706270627	1212
454	2008	3.4609544468546636	461
500	2008	3.2083656080557708	1291
507	2008	3.520408163265306	49
586	2008	3.053763440860215	1116
608	2008	4.017647058823529	1360
733	2008	3.497081712062257	1028
1027	2008	3.279940119760479	334
1036	2008	3.926975259377494	1253
1089	2008	4.10374531835206	1335
1091	2008	2.9425675675675675	148
1213	2008	4.1779949022939675	1177
1265	2008	3.817454268292683	1312
1270	2008	3.8975583864118897	1884
1476	2008	3.055813953488372	215
1485	2008	3.191753926701571	764
1589	2008	3.120805369127517	149
1704	2008	4.012648809523809	1344
1717	2008	2.4146341463414633	246
1777	2008	3.388382687927107	439
1923	2008	3.419451585261354	1167
2011	2008	3.6228395061728396	810
2012	2008	3.401851851851852	810
2054	2008	2.809190031152648	642
2195	2008	3.6052631578947367	19
2273	2008	3.35546875	384
2422	2008	2.3818897637795278	127
2490	2008	3.453125	256
2502	2008	4.053191489361702	1081
2581	2008	2.889795918367347	245
173	2008	2.6644951140065145	307
367	2008	3.0253261703760552	1303
368	2008	3.413978494623656	279
741	2008	3.9876543209876543	324
998	2008	3.5833333333333335	6
1197	2008	4.136479591836735	1176
1302	2008	3.540268456375839	298
1438	2008	2.566	250
1582	2008	2.25	2
1687	2008	3.3710526315789475	190
1994	2008	3.2993079584775087	289
2501	2008	3.6805054151624548	277
6	2008	3.97	600
31	2008	3.074733096085409	281
39	2008	3.1372549019607843	663
111	2008	4.068985176738883	877
141	2008	3.446043165467626	417
153	2008	2.676695842450766	914
261	2008	3.26158940397351	302
288	2008	3.526890756302521	595
326	2008	4.304347826086956	23
348	2008	3.7642857142857142	70
410	2008	2.9619205298013247	302
509	2008	3.670955882352941	272
541	2008	4.046948356807512	1278
543	2008	3.1742424242424243	330
551	2008	3.892156862745098	612
552	2008	3.0550964187327825	363
592	2008	3.5520030816640986	1298
593	2008	4.070009242144177	2164
778	2008	4.047801147227533	1046
780	2008	3.2962566844919787	1870
899	2008	3.8566037735849057	265
923	2008	3.9592391304347827	552
942	2008	3.9857142857142858	35
953	2008	3.9723684210526318	380
1084	2008	3.6086065573770494	244
1183	2008	3.4	315
1189	2008	3.8777777777777778	45
1206	2008	4.0194518125552605	1131
1215	2008	3.7850574712643676	435
1219	2008	4.037190082644628	605
1220	2008	3.8636363636363638	572
1222	2008	4.078285181733458	1073
1230	2008	4.007352941176471	340
1246	2008	3.8740786240786242	814
1247	2008	3.861042183622829	403
1307	2008	3.6606822262118492	557
1387	2008	3.6465968586387434	764
1407	2008	3.057866184448463	553
1500	2008	3.7872340425531914	329
1527	2008	3.7587548638132295	1285
1597	2008	3.31029810298103	369
1617	2008	3.968601895734597	844
1639	2008	3.5964523281596454	451
1673	2008	3.755434782608696	368
1722	2008	3.1508810572687223	454
1732	2008	4.07636186770428	1028
1747	2008	3.5311614730878187	353
1784	2008	3.7411764705882353	765
1917	2008	3.046259842519685	1016
1945	2008	4.093984962406015	133
2023	2008	3.5671641791044775	402
2066	2008	4.153846153846154	39
2081	2008	3.3933649289099526	422
2174	2008	3.4891857506361323	786
2194	2008	3.904	500
2321	2008	3.5919540229885056	435
2395	2008	3.8518518518518516	432
2396	2008	3.5006587615283267	759
17	2008	3.7532894736842106	304
357	2008	3.4976340694006307	634
539	2008	3.2662517289073305	723
909	2008	3.978102189781022	137
1019	2008	3.4452054794520546	146
1283	2008	3.8333333333333335	114
1204	2008	4.001831501831502	273
1946	2008	3.6875	24
1947	2008	3.4881889763779528	254
2551	2008	3.661290322580645	31
12	2008	2.8012048192771086	83
193	2008	1.975438596491228	285
466	2008	2.9821917808219176	365
485	2008	2.728723404255319	376
760	2008	3.823529411764706	34
1080	2008	4.070802005012531	798
1178	2008	4.169014084507042	142
1208	2008	4.09234693877551	980
1217	2008	4.096153846153846	130
1233	2008	3.9811557788944723	398
1279	2008	3.9909090909090907	55
1281	2008	4.003937007874016	127
1450	2008	3.4444444444444446	9
1900	2008	3.8833333333333333	30
2009	2008	3.571969696969697	132
2010	2008	3.9322033898305087	177
2021	2008	3.3933933933933935	333
2301	2008	3.667832167832168	143
2325	2008	3.1742424242424243	66
79	2008	3.0	38
168	2008	2.7256317689530687	277
306	2008	4.0942408376963355	191
457	2008	3.7662771285475793	1198
555	2008	3.8656716417910446	402
720	2008	3.7214285714285715	280
904	2008	4.074074074074074	567
908	2008	4.084745762711864	413
1061	2008	3.7606382978723403	282
1203	2008	4.1439522998296425	587
1237	2008	4.057324840764331	157
1291	2008	4.042756183745583	1415
2115	2008	3.7245804540967424	1013
2268	2008	3.8325688073394497	436
2335	2008	3.073809523809524	210
2483	2008	3.6944444444444446	18
2542	2008	4.101234567901234	810
188	2008	3.378787878787879	33
370	2008	3.0716783216783217	286
1835	2008	3.299382716049383	162
2300	2008	3.580275229357798	218
2496	2008	3.1666666666666665	84
22	2008	3.1020408163265305	98
196	2008	2.741635687732342	269
735	2008	3.4838709677419355	31
1590	2008	3.184824902723735	257
1974	2008	2.813008130081301	123
1975	2008	3.125	24
2232	2008	3.6568047337278107	338
32	2008	3.9798945286750165	1517
290	2008	4.031578947368421	95
292	2008	3.215841584158416	505
413	2008	2.7	225
434	2008	2.796844181459566	507
1100	2008	2.939873417721519	158
1147	2008	3.8622448979591835	98
1200	2008	3.9330669330669332	1001
1927	2008	3.7094594594594597	74
2253	2008	3.1126126126126126	111
2359	2008	3.724537037037037	216
2380	2008	2.5720338983050848	118
2572	2008	3.41796875	384
5	2008	2.7302904564315353	241
19	2008	2.765193370165746	724
25	2008	3.6997245179063363	363
36	2008	3.726229508196721	305
44	2008	2.4250645994832043	387
62	2008	3.409221902017291	347
223	2008	3.8633501259445846	794
235	2008	3.6715328467153285	274
256	2008	2.2475247524752477	303
300	2008	3.5515695067264574	223
316	2008	3.4427083333333335	768
329	2008	3.2488636363636365	440
337	2008	3.7955665024630543	406
442	2008	3.0606407322654463	437
471	2008	3.7127659574468086	235
673	2008	2.5764119601328903	301
788	2008	2.4859437751004014	498
1079	2008	3.732	500
1090	2008	3.929111531190926	529
1127	2008	3.727272727272727	418
1225	2008	3.944353518821604	611
1257	2008	3.7203389830508473	118
1259	2008	3.945063694267516	628
1274	2008	3.888059701492537	335
1278	2008	3.9237288135593222	354
1282	2008	3.6514745308310994	373
1288	2008	3.976510067114094	447
1372	2008	3.188581314878893	289
1376	2008	3.3260869565217392	345
1377	2008	3.2843601895734595	422
1391	2008	3.0164359861591694	578
1393	2008	3.3532401524777637	787
1394	2008	3.7537537537537538	333
1405	2008	2.763265306122449	245
1544	2008	2.961934156378601	486
1562	2008	2.065281899109792	337
1584	2008	3.614825581395349	688
1625	2008	3.8700934579439252	535
1676	2008	3.346358792184725	563
1882	2008	2.4539473684210527	304
1909	2008	3.1739130434782608	391
1920	2008	2.748031496062992	127
1997	2008	3.635869565217391	460
2064	2008	3.616883116883117	154
2076	2008	3.829022988505747	348
2105	2008	3.3696969696969696	330
2189	2008	3.5	3
2288	2008	3.7551319648093844	341
2294	2008	3.0957178841309823	397
2302	2008	3.508557457212714	409
2329	2008	4.1874612042209804	1611
2428	2008	2.7759562841530054	183
2529	2008	3.626153846153846	325
965	2008	3.8620689655172415	87
969	2008	3.870848708487085	271
1250	2008	3.991638795986622	299
1254	2008	4.110619469026549	113
1949	2008	3.8048780487804876	41
2068	2008	3.953488372093023	43
2186	2008	3.9366666666666665	150
2324	2008	4.2008670520231215	692
866	2008	3.5555555555555554	108
1466	2008	3.8848484848484848	330
339	2008	3.2658959537572256	346
1280	2008	4.11864406779661	59
1678	2008	3.5543478260869565	92
1735	2008	3.5625	88
1892	2008	3.465909090909091	132
2269	2008	3.017391304347826	115
2369	2008	2.6838235294117645	136
232	2008	3.9464285714285716	84
163	2008	3.50125	400
170	2008	3.2595155709342563	289
293	2008	4.227443609022556	1064
372	2008	3.3214285714285716	252
1262	2008	4.061712846347607	397
1333	2008	3.55625	400
1356	2008	3.643765903307888	393
1912	2008	3.4909090909090907	165
2006	2008	3.3016627078384797	421
2579	2008	3.7753623188405796	69
441	2008	3.7049180327868854	305
529	2008	3.728187919463087	149
546	2008	2.1085972850678734	221
575	2008	2.869047619047619	42
861	2008	3.3125	32
1242	2008	3.914141414141414	297
1431	2008	2.8076923076923075	104
2231	2008	3.890845070422535	284
2427	2008	3.4640522875816995	306
280	2008	3.6724137931034484	29
678	2008	3.9714285714285715	35
2	2008	3.0236907730673317	802
3	2008	3.1203703703703702	162
11	2008	3.547752808988764	178
16	2008	4.005030181086519	497
20	2008	2.793103448275862	116
26	2008	3.426829268292683	41
48	2008	2.8780487804878048	246
112	2008	3.3136363636363635	110
160	2008	2.7	210
317	2008	2.827838827838828	273
379	2008	2.5644171779141103	163
435	2008	2.5258215962441315	213
553	2008	3.811023622047244	254
653	2008	3.15625	272
709	2008	3.2555555555555555	45
784	2008	2.7425287356321837	435
832	2008	3.287128712871287	303
1015	2008	3.299019607843137	102
1359	2008	2.5535714285714284	112
1552	2008	3.212290502793296	537
1573	2008	3.2215099715099713	702
1608	2008	3.1710239651416123	459
1954	2008	3.67619926199262	542
2353	2008	3.639830508474576	472
70	2008	3.469736842105263	380
95	2008	2.92548596112311	463
122	2008	2.5517241379310347	29
145	2008	3.217136150234742	426
158	2008	2.6654411764705883	272
161	2008	3.5836120401337794	299
236	2008	3.287313432835821	134
273	2008	3.2642276422764227	123
282	2008	3.259259259259259	108
315	2008	2.859375	128
327	2008	2.725206611570248	242
353	2008	3.633501259445844	397
355	2008	2.2354497354497354	189
420	2008	2.735042735042735	234
432	2008	2.539473684210526	152
440	2008	3.361344537815126	238
455	2008	2.385813148788927	289
474	2008	3.518292682926829	246
508	2008	3.742562929061785	437
520	2008	3.1910377358490565	424
762	2008	2.125668449197861	187
786	2008	2.8078125	320
852	2008	2.9818840579710146	276
920	2008	3.609230769230769	325
1020	2008	3.244360902255639	266
1092	2008	3.28988326848249	257
1093	2008	3.503787878787879	264
1101	2008	3.3396596858638743	764
1275	2008	3.6386861313868613	274
1287	2008	3.752232142857143	224
1320	2008	3.2687687687687688	333
1339	2008	3.428779069767442	344
1345	2008	3.3728813559322033	295
1367	2008	2.8157894736842106	266
1370	2008	3.4736363636363636	550
1371	2008	3.0657894736842106	228
1373	2008	2.826996197718631	263
1374	2008	3.7093023255813953	301
1375	2008	3.268348623853211	218
1396	2008	3.691029900332226	301
1408	2008	3.7315175097276265	257
1409	2008	2.755	200
1416	2008	2.878125	160
1479	2008	3.208984375	256
1499	2008	2.038659793814433	194
1587	2008	3.1547619047619047	252
1588	2008	2.5719424460431655	139
1690	2008	3.1059907834101383	434
1831	2008	2.454901960784314	255
1876	2008	2.8735224586288415	423
1907	2008	3.446768060836502	263
1911	2008	2.3930041152263373	243
1918	2008	3.1024734982332154	283
2000	2008	3.639554794520548	584
2001	2008	3.444927536231884	345
2002	2008	3.2353896103896105	308
2003	2008	3.377688172043011	372
2004	2008	2.7248322147651005	149
2005	2008	3.7752659574468086	376
2082	2008	2.9775280898876404	178
2116	2008	3.1095890410958904	146
2161	2008	3.523936170212766	376
2167	2008	3.418859649122807	456
2338	2008	2.13986013986014	143
2340	2008	3.3684210526315788	190
2378	2008	3.011737089201878	213
2393	2008	3.136206896551724	290
2407	2008	3.1294117647058823	340
2410	2008	3.098360655737705	183
2412	2008	2.3777777777777778	90
2459	2008	3.1344086021505375	93
2467	2008	3.9596774193548385	186
2470	2008	3.0317460317460316	441
2471	2008	2.7094594594594597	148
2505	2008	3.1194029850746268	134
169	2008	2.2045454545454546	88
688	2008	2.5303030303030303	33
737	2008	1.7352941176470589	68
1031	2008	3.418918918918919	74
1135	2008	2.7777777777777777	54
1201	2008	4.197346600331675	603
1263	2008	4.0046875	320
1457	2008	2.981818181818182	55
1556	2008	2.0359116022099446	181
1569	2008	3.1322115384615383	208
1641	2008	3.525900900900901	444
1702	2008	2.6861313868613137	137
2376	2008	3.189814814814815	108
2405	2008	3.1348837209302327	215
2406	2008	3.4206349206349205	252
2431	2008	3.2229965156794425	287
2539	2008	3.216867469879518	249
2541	2008	3.3955882352941176	340
7	2008	3.3015873015873014	126
18	2008	3.6455696202531644	158
27	2008	3.6470588235294117	17
45	2008	3.380281690140845	71
52	2008	3.423611111111111	72
58	2008	3.7474747474747474	99
74	2008	3.0384615384615383	13
89	2008	3.28125	32
92	2008	2.607142857142857	14
94	2008	3.4693877551020407	49
105	2008	3.2874015748031495	127
151	2008	3.2847682119205297	151
164	2008	2.892857142857143	14
179	2008	1.5	3
186	2008	2.6901840490797544	163
194	2008	3.8118279569892475	93
195	2008	2.9523809523809526	21
218	2008	3.0	11
225	2008	2.8855421686746987	83
247	2008	3.632142857142857	140
266	2008	3.5434782608695654	207
272	2008	3.5297619047619047	84
299	2008	3.769230769230769	13
307	2008	4.0553097345132745	226
342	2008	3.4075342465753424	146
345	2008	3.599290780141844	141
350	2008	3.3461538461538463	143
365	2008	3.1805555555555554	36
376	2008	3.0641025641025643	117
381	2008	3.238095238095238	63
412	2008	3.532608695652174	46
468	2008	3.1979166666666665	96
469	2008	3.1666666666666665	6
481	2008	3.3175675675675675	74
491	2008	3.3	75
497	2008	3.810344827586207	145
550	2008	2.85	20
605	2008	3.3191489361702127	47
628	2008	3.73972602739726	219
708	2008	3.074324324324324	148
724	2008	2.835907335907336	259
802	2008	3.1906976744186046	215
836	2008	2.952054794520548	146
991	2008	3.8823529411764706	34
1035	2008	3.6686746987951806	415
1041	2008	3.935185185185185	54
1047	2008	3.188380281690141	284
1056	2008	3.3125	8
1057	2008	3.755813953488372	43
1059	2008	3.5664451827242525	301
1088	2008	3.031328320802005	399
1094	2008	3.680379746835443	158
1120	2008	3.4492063492063494	315
1185	2008	3.8353293413173652	167
1186	2008	3.5283505154639174	194
1224	2008	3.6372549019607843	51
1245	2008	3.941860465116279	215
1268	2008	3.6666666666666665	42
1271	2008	3.608173076923077	208
1343	2008	3.5185185185185186	297
1354	2008	3.9941176470588236	85
1385	2008	2.8594771241830066	153
1441	2008	3.74	225
1488	2008	3.08974358974359	39
1498	2008	2.8461538461538463	13
1541	2008	3.3529411764705883	17
1611	2008	3.5384615384615383	52
1619	2008	3.4808917197452227	157
1645	2008	3.6952380952380954	420
1658	2008	3.314814814814815	27
1668	2008	3.375	4
1674	2008	3.6401869158878504	321
1752	2008	2.926470588235294	34
1805	2008	3.042372881355932	295
1844	2008	3.87	50
1873	2008	3.548611111111111	72
1916	2008	3.830357142857143	56
2020	2008	3.610215053763441	186
2025	2008	3.705357142857143	56
2052	2008	3.1769230769230767	65
2094	2008	2.919831223628692	237
2100	2008	3.114678899082569	218
2106	2008	3.340909090909091	22
2125	2008	3.4371428571428573	175
2133	2008	3.167883211678832	137
2144	2008	3.586319218241042	307
2145	2008	3.3526970954356847	241
2146	2008	3.3	40
2166	2008	3.875	8
2193	2008	3.552752293577982	218
2245	2008	3.1370967741935485	124
2272	2008	3.1923076923076925	13
2289	2008	3.7422680412371134	97
2318	2008	4.0	102
2387	2008	2.9	45
2420	2008	3.2259615384615383	416
2474	2008	3.5972222222222223	72
2497	2008	2.9814814814814814	27
2577	2008	3.6666666666666665	3
1232	2008	4.10126582278481	79
1713	2008	2.6818181818181817	66
1172	2008	4.118367346938776	245
1921	2008	3.768041237113402	388
2311	2008	3.494565217391304	92
2455	2008	3.353107344632768	354
599	2008	4.05	60
668	2008	4.323529411764706	17
670	2008	4.0	13
903	2008	4.0353881278538815	438
905	2008	4.012658227848101	79
919	2008	3.8060109289617485	732
922	2008	4.004878048780488	205
924	2008	3.8820652173913044	920
940	2008	3.5517241379310347	87
951	2008	4.0	70
1086	2008	3.9397163120567376	141
1104	2008	3.6484018264840183	219
1199	2008	4.016806722689076	476
1209	2008	4.133802816901408	213
1228	2008	4.040983606557377	305
1248	2008	4.121359223300971	103
1251	2008	3.9770114942528734	87
1253	2008	3.8341708542713566	199
1256	2008	4.127272727272727	110
1260	2008	3.9738805970149254	134
2366	2008	3.311320754716981	212
2077	2008	4.0	9
1064	2008	3.1979166666666665	96
162	2008	3.8640350877192984	114
255	2008	2.5	7
277	2008	3.0577617328519855	277
322	2008	3.6	25
349	2008	3.5600961538461537	416
428	2008	3.942073170731707	164
450	2008	3.59375	16
610	2008	3.217391304347826	92
637	2008	2.8134328358208953	67
671	2008	3.6595238095238094	210
719	2008	2.611464968152866	157
785	2008	3.2657004830917873	207
954	2008	3.8846153846153846	182
968	2008	3.5286195286195285	297
999	2008	2.7083333333333335	24
1032	2008	3.617437722419929	281
1060	2008	3.7705314009661834	207
1095	2008	3.873076923076923	130
1194	2008	3.719298245614035	57
1243	2008	3.795774647887324	71
1244	2008	3.9583333333333335	192
1249	2008	3.777586206896552	290
1276	2008	3.98828125	256
1298	2008	3.9270833333333335	240
1503	2008	2.5	9
1546	2008	3.772727272727273	11
1663	2008	3.5545112781954886	266
1729	2008	3.656448202959831	473
1753	2008	3.453333333333333	75
1779	2008	3.0223880597014925	268
1785	2008	3.3684210526315788	19
1792	2008	3.411949685534591	159
1855	2008	2.3636363636363638	11
1924	2008	2.6666666666666665	42
1962	2008	3.5239726027397262	292
1982	2008	3.36046511627907	215
2060	2008	3.105	100
2078	2008	3.4626436781609193	348
2109	2008	3.514705882352941	238
2124	2008	3.2295081967213113	305
2176	2008	3.880952380952381	84
2249	2008	3.022727272727273	22
2282	2008	2.9565217391304346	23
2320	2008	3.1	25
2336	2008	3.7249134948096887	289
2478	2008	3.290948275862069	232
2528	2008	3.4735099337748343	151
2580	2008	3.5046082949308754	217
1030	2008	2.861111111111111	36
1862	2008	2.1769230769230767	65
2042	2008	2.784090909090909	88
2107	2008	2.3583333333333334	60
2160	2008	3.712121212121212	264
2236	2008	3.1625	40
839	2008	3.1879194630872485	149
1300	2008	4.0875	40
1953	2008	3.8084291187739465	261
156	2008	4.125	8
910	2008	3.9012987012987015	385
1049	2008	3.3846153846153846	78
1125	2008	3.5487012987012987	154
1129	2008	3.4339622641509435	159
1175	2008	3.99163179916318	239
1227	2008	4.0646258503401365	147
1235	2008	3.8523985239852396	271
1266	2008	4.050632911392405	395
1272	2008	3.8955223880597014	268
1350	2008	3.5170068027210886	147
1357	2008	3.781779661016949	236
1378	2008	3.25	208
1748	2008	3.88641425389755	449
2134	2008	3.2382075471698113	212
2371	2008	3.34	225
2411	2008	3.188953488372093	172
2421	2008	2.62882096069869	229
2527	2008	3.53125	64
849	2008	2.6984126984126986	252
1591	2008	2.7948717948717947	156
1967	2008	3.684813753581662	349
2013	2008	3.1503496503496504	143
2140	2008	3.5784313725490198	306
1616	2008	3.076923076923077	91
24	2008	3.0823293172690764	249
562	2008	3.6690647482014387	139
1635	2008	3.701570680628272	191
2391	2008	3.565891472868217	129
914	2008	3.6375838926174495	298
1797	2008	3.65625	16
2565	2008	3.707317073170732	82
830	2008	2.808080808080808	198
1875	2008	2.642857142857143	7
204	2008	2.3715277777777777	144
870	2008	3.1666666666666665	3
1456	2008	2.25	14
1681	2008	2.1458333333333335	72
1973	2008	2.1875	24
1977	2008	2.7777777777777777	18
1978	2008	2.59375	16
1980	2008	2.71875	16
1981	2008	2.236842105263158	19
1985	2008	2.590909090909091	11
2119	2008	2.3846153846153846	13
2149	2008	2.5	6
2315	2008	2.442857142857143	35
2386	2008	1.4166666666666667	12
2548	2008	2.15	10
9	2008	2.576923076923077	26
34	2008	3.0586034912718203	802
60	2008	2.9716981132075473	53
172	2008	3.0093896713615025	213
303	2008	3.341463414634146	82
383	2008	3.3058823529411763	85
494	2008	2.8870967741935485	93
533	2008	3.022727272727273	22
540	2008	2.6333333333333333	75
748	2008	3.2903225806451615	31
761	2008	2.391304347826087	23
933	2008	3.902439024390244	82
947	2008	4.2368421052631575	19
955	2008	3.888888888888889	72
1037	2008	2.911764705882353	153
1077	2008	3.7346938775510203	98
1231	2008	3.7797202797202796	143
1297	2008	3.7338709677419355	62
1301	2008	3.835616438356164	73
1304	2008	4.065916398713826	311
1321	2008	3.389795918367347	245
1340	2008	3.7222222222222223	36
1347	2008	3.16079295154185	227
1422	2008	3.161290322580645	31
1449	2008	3.9161290322580644	155
1459	2008	3.2142857142857144	42
1495	2008	1.25	12
1513	2008	2.6788461538461537	260
1515	2008	2.65625	128
1566	2008	3.1481481481481484	162
1603	2008	2.6666666666666665	45
1644	2008	2.356115107913669	278
1826	2008	0.5833333333333334	12
1956	2008	3.9152542372881354	59
2046	2008	3.4838709677419355	155
2053	2008	2.179144385026738	187
2065	2008	3.8617021276595747	47
2108	2008	3.449438202247191	89
2110	2008	3.467741935483871	31
2118	2008	3.630434782608696	69
2136	2008	2.433333333333333	105
2143	2008	3.26271186440678	59
2162	2008	2.6419753086419755	81
2243	2008	3.5952380952380953	63
2313	2008	3.87007874015748	254
2334	2008	3.1666666666666665	54
2367	2008	2.6707317073170733	41
2394	2008	3.161290322580645	217
2414	2008	3.4107142857142856	28
2416	2008	3.109375	32
2450	2008	2.2125	80
2463	2008	3.4857142857142858	35
2469	2008	3.3026315789473686	38
2533	2008	3.175531914893617	94
23	2008	3.2867132867132867	143
140	2008	2.9	25
436	2008	2.625	16
516	2008	3.108695652173913	23
996	2008	3.33	50
1693	2008	3.622950819672131	122
1810	2008	3.5	43
2059	2008	3.1341463414634148	123
97	2008	4.154545454545454	110
72	2008	3.4047619047619047	21
76	2008	3.129032258064516	31
177	2008	2.625	8
308	2008	3.9345238095238093	168
332	2008	2.8823529411764706	17
346	2008	4.2	5
407	2008	3.25	22
431	2008	3.8545454545454545	275
492	2008	3.8076923076923075	39
517	2008	3.196969696969697	33
522	2008	3.4791666666666665	24
611	2008	2.892857142857143	14
800	2008	3.8958333333333335	48
928	2008	4.065217391304348	92
1078	2008	3.7241379310344827	58
1128	2008	3.0625	24
1176	2008	4.0	55
1218	2008	3.9393939393939394	66
1305	2008	4.082089552238806	67
1327	2008	3.2767857142857144	56
1341	2008	3.0	1
1342	2008	2.7556818181818183	88
1355	2008	3.1315789473684212	19
1461	2008	2.92	50
1464	2008	3.914772727272727	176
1593	2008	3.264705882352941	17
1623	2008	2.5526315789473686	19
1627	2008	3.2962962962962963	54
1701	2008	3.9431818181818183	44
1963	2008	3.8902439024390243	41
1979	2008	2.735294117647059	17
1999	2008	2.642857142857143	21
2121	2008	3.0277777777777777	18
2122	2008	2.858695652173913	46
2208	2008	4.159574468085107	47
2290	2008	3.891304347826087	23
2296	2008	3.1021505376344085	93
2356	2008	3.347826086956522	23
2413	2008	3.4371069182389937	159
2423	2008	3.6319796954314723	197
1432	2008	2.75	4
810	2008	1.5	38
175	2008	3.5209580838323356	167
374	2008	2.3819444444444446	144
994	2008	3.6	45
1292	2008	3.7870967741935484	155
524	2008	3.4377224199288254	281
743	2008	2.684090909090909	220
1952	2008	3.809090909090909	165
65	2008	2.284431137724551	167
198	2008	3.5572916666666665	96
203	2008	3.125	52
319	2008	3.769230769230769	91
390	2008	3.566666666666667	15
537	2008	3.238095238095238	21
594	2008	3.5185714285714287	350
596	2008	3.262108262108262	351
616	2008	3.232142857142857	280
661	2008	3.204204204204204	333
837	2008	3.2046783625730995	171
934	2008	3.161764705882353	136
1022	2008	3.3147590361445785	332
1025	2008	3.6017441860465116	172
1029	2008	3.2844827586206895	290
1033	2008	3.3846153846153846	156
1042	2008	3.3010752688172045	279
1126	2008	2.9456521739130435	46
1188	2008	3.5706521739130435	92
1223	2008	3.919141914191419	303
1241	2008	3.9952380952380953	105
1255	2008	3.363013698630137	73
1261	2008	3.816849816849817	273
1411	2008	3.4698795180722892	166
1483	2008	3.5970873786407767	103
1542	2008	3.1875	24
1688	2008	3.394230769230769	104
1760	2008	1.5735294117647058	102
1951	2008	3.5277777777777777	36
2018	2008	3.410344827586207	290
2033	2008	3.193548387096774	31
2080	2008	3.375748502994012	334
2083	2008	3.504166666666667	120
2087	2008	3.3726235741444865	263
2093	2008	3.272727272727273	22
2096	2008	3.3877551020408165	245
2117	2008	3.707317073170732	123
2123	2008	3.0694444444444446	72
2138	2008	3.653225806451613	62
2142	2008	3.097826086956522	46
2279	2008	2.7472527472527473	91
2297	2008	3.5126050420168067	119
2328	2008	3.022727272727273	22
2337	2008	3.870967741935484	31
2390	2008	4.016129032258065	31
2437	2008	3.6785714285714284	14
2485	2008	2.7109826589595376	173
2519	2008	3.1333333333333333	15
2524	2008	2.9722222222222223	18
88	2008	3.365771812080537	149
2379	2008	2.5825688073394497	109
361	2008	3.1493506493506493	77
1344	2008	3.7333333333333334	75
1594	2008	3.725	20
1845	2008	3.282608695652174	23
1860	2008	3.7777777777777777	9
2058	2008	3.457894736842105	285
2177	2008	3.4	10
2360	2008	4.186440677966102	118
1046	2008	3.574074074074074	27
101	2008	3.7890625	128
135	2008	2.8882978723404253	94
421	2008	2.95	20
423	2008	3.3157894736842106	19
464	2008	2.75	20
477	2008	3.4047619047619047	21
489	2008	2.3461538461538463	13
542	2008	2.566666666666667	30
783	2008	3.0517241379310347	145
818	2008	2.5416666666666665	24
1010	2008	3.1818181818181817	22
1013	2008	3.327338129496403	139
1381	2008	1.8564814814814814	108
1772	2008	2.8373493975903616	83
1895	2008	3.1020408163265305	49
2072	2008	3.3106060606060606	66
2085	2008	3.2028985507246377	276
2126	2008	2.8636363636363638	154
2375	2008	3.0821917808219177	73
2398	2008	3.4622093023255816	172
2462	2008	1.7666666666666666	15
2468	2008	2.9285714285714284	28
2567	2008	2.779310344827586	145
766	2008	3.566666666666667	15
851	2008	3.5	20
2443	2008	3.607142857142857	14
711	2008	2.3472222222222223	36
1289	2008	3.9722222222222223	90
1429	2008	3.238095238095238	105
2392	2008	2.14	25
2495	2008	4.0	19
459	2008	3.0	6
2183	2008	3.71875	64
2212	2008	3.3	30
29	2008	3.9594155844155843	308
2153	2008	2.0392156862745097	51
446	2008	3.9642857142857144	28
1131	2008	4.028985507246377	69
1132	2008	4.008620689655173	58
1388	2008	2.687074829931973	147
1719	2008	4.0	50
1955	2008	3.6090225563909772	133
1103	2008	3.7374429223744294	219
414	2008	2.75	8
585	2008	2.566666666666667	105
613	2008	3.4714285714285715	35
2022	2008	3.5681818181818183	66
2563	2008	3.65	10
15	2008	2.3043478260869565	23
73	2008	3.642857142857143	35
126	2008	1.8666666666666667	15
249	2008	3.6341463414634148	41
328	2008	3.21875	16
426	2008	2.8823529411764706	17
427	2008	2.423076923076923	13
482	2008	3.484375	32
493	2008	3.4693877551020407	49
502	2008	1.9791666666666667	48
506	2008	3.6818181818181817	11
515	2008	3.802752293577982	109
521	2008	2.875	4
532	2008	3.041176470588235	85
535	2008	3.673076923076923	78
544	2008	2.8	15
781	2008	3.642857142857143	21
798	2008	2.6315789473684212	38
799	2008	3.202970297029703	101
879	2008	2.735294117647059	17
948	2008	3.736842105263158	19
949	2008	3.8484848484848486	33
1004	2008	2.107142857142857	14
1096	2008	3.723404255319149	47
1216	2008	3.9682539682539684	63
1277	2008	3.545045045045045	111
1296	2008	3.5531914893617023	94
1334	2008	3.0535714285714284	28
1346	2008	2.8214285714285716	14
1379	2008	3.125	36
1389	2008	1.86	25
1554	2008	3.6875	24
1646	2008	2.9444444444444446	18
1672	2008	3.685840707964602	113
1707	2008	1.8786407766990292	103
1726	2008	2.935185185185185	54
1889	2008	3.6470588235294117	51
1969	2008	2.706896551724138	29
1970	2008	2.8979591836734695	49
1971	2008	2.869565217391304	23
1995	2008	2.642857142857143	21
1998	2008	2.26	25
2131	2008	3.86	25
2163	2008	2.95	20
2188	2008	3.1470588235294117	34
2263	2008	2.8529411764705883	17
2373	2008	2.4871794871794872	39
2381	2008	2.3476190476190477	105
2382	2008	2.238372093023256	86
2401	2008	3.8796296296296298	54
2408	2008	2.8214285714285716	28
2454	2008	3.4150943396226414	53
2456	2008	2.6538461538461537	26
2476	2008	3.3055555555555554	18
2530	2008	2.9390243902439024	41
2531	2008	2.75	26
2532	2008	2.9166666666666665	18
2550	2008	3.5238095238095237	21
2248	2008	3.7626262626262625	198
362	2008	3.0123456790123457	81
801	2008	3.25	14
2114	2008	3.5522388059701493	67
2205	2008	3.1666666666666665	27
2346	2008	3.370967741935484	31
1992	2008	2.3461538461538463	26
123	2008	4.016483516483516	91
213	2008	3.909090909090909	22
214	2008	4.333333333333333	15
583	2008	4.666666666666667	3
665	2008	4.336538461538462	52
916	2008	4.010526315789473	190
1161	2008	3.5625	24
1184	2008	4.0625	8
1190	2008	3.5675675675675675	37
1446	2008	3.8020833333333335	48
1859	2008	3.923076923076923	13
1944	2008	3.772727272727273	33
1950	2008	3.95	80
1958	2008	3.5223880597014925	67
2203	2008	3.975	60
2351	2008	4.338709677419355	31
2357	2008	3.6228070175438596	57
2388	2008	3.25	4
302	2008	3.6666666666666665	15
880	2008	2.4879518072289155	83
2322	2008	3.1379310344827585	29
448	2008	3.5625	24
1883	2008	3.107142857142857	70
230	2008	3.4384615384615387	65
805	2008	3.632258064516129	155
1173	2008	3.8854166666666665	48
1179	2008	3.56	50
1299	2008	3.9339622641509435	159
1358	2008	3.944933920704846	227
239	2008	3.138095238095238	105
952	2008	3.433333333333333	30
911	2008	4.042168674698795	83
1537	2008	3.6890243902439024	82
1734	2008	3.8	35
274	2008	2.7	10
152	2008	2.3333333333333335	3
285	2008	2.0	1
565	2008	3.3421052631578947	19
606	2008	2.2222222222222223	9
842	2008	3.0	12
1130	2008	3.375	16
1168	2008	3.25	2
1330	2008	2.7857142857142856	7
1332	2008	3.1666666666666665	3
1762	2008	2.911764705882353	17
1991	2008	3.05	50
2097	2008	3.15	10
2159	2008	3.5416666666666665	24
2517	2008	3.3666666666666667	30
2553	2008	3.107142857142857	14
2560	2008	3.425	20
782	2008	2.826530612244898	49
632	2008	4.5	6
828	2008	3.642857142857143	7
946	2008	4.368421052631579	19
1269	2008	3.855614973262032	187
1827	2008	3.5357142857142856	14
1417	2008	2.9	10
2283	2008	3.5	6
1123	2008	3.0	3
86	2008	3.108695652173913	23
257	2008	3.0294117647058822	17
259	2008	2.45	10
271	2008	3.3333333333333335	3
281	2008	3.8055555555555554	18
340	2008	3.642857142857143	7
373	2008	3.75	20
391	2008	3.1666666666666665	3
425	2008	3.0	3
453	2008	3.25	6
463	2008	3.5	1
490	2008	3.227272727272727	11
694	2008	2.95	10
706	2008	2.875	4
867	2008	2.375	4
941	2008	3.0	10
950	2008	4.163636363636364	55
992	2008	4.0	1
1008	2008	3.5	7
1017	2008	3.526315789473684	57
1211	2008	4.176470588235294	68
1226	2008	4.0	26
1264	2008	3.5416666666666665	12
1382	2008	2.3076923076923075	13
1398	2008	2.0	4
1465	2008	3.111111111111111	9
1507	2008	3.8	5
1518	2008	3.45	20
1604	2008	3.0625	8
1609	2008	3.8076923076923075	13
1615	2008	3.3125	32
1620	2008	3.2960526315789473	76
1631	2008	3.7	5
1744	2008	2.1	5
1754	2008	3.65	80
1833	2008	3.4473684210526314	38
1837	2008	2.1666666666666665	6
1914	2008	3.3333333333333335	18
2170	2008	2.7058823529411766	17
2237	2008	3.6052631578947367	19
2350	2008	3.25	4
2372	2008	3.1	25
2432	2008	3.276923076923077	65
2433	2008	3.217391304347826	23
2477	2008	1.75	2
2488	2008	3.2222222222222223	18
2506	2008	2.95	10
2522	2008	2.9375	8
2536	2008	2.5	2
2561	2008	3.125	12
46	2008	2.5294117647058822	17
714	2008	4.073170731707317	123
2348	2008	3.7	20
718	2008	3.0	8
1799	2008	3.365079365079365	63
419	2008	2.3177966101694913	118
1005	2008	2.551470588235294	68
347	2008	3.625	24
662	2008	2.7666666666666666	30
1427	2008	1.75	8
1757	2008	3.9693877551020407	49
1965	2008	3.5434782608695654	92
2513	2008	3.2072072072072073	111
2520	2008	2.9285714285714284	14
674	2008	3.197674418604651	43
2014	2008	2.9272727272727272	55
1000	2008	3.4	5
1083	2008	4.15	10
1290	2008	3.42	25
2041	2008	2.8	5
929	2008	3.8076923076923075	13
1099	2008	3.6296296296296298	27
1489	2008	3.142857142857143	7
1919	2008	2.611111111111111	9
2036	2008	2.282608695652174	23
2141	2008	3.347826086956522	161
2316	2008	3.088235294117647	68
1487	2008	2.566666666666667	15
915	2008	3.837121212121212	132
1739	2008	1.95	10
229	2008	3.642857142857143	14
647	2008	3.3529411764705883	68
1303	2008	3.9574468085106385	47
1730	2008	3.55	20
1846	2008	3.6666666666666665	6
338	2008	2.972972972972973	37
2498	2008	2.6363636363636362	11
252	2008	3.2971014492753623	69
351	2008	3.125	32
2206	2008	3.870967741935484	31
2383	2008	2.292682926829268	82
2067	2008	3.6553030303030303	132
2481	2008	3.388888888888889	9
1458	2008	2.5	1
2435	2008	3.0833333333333335	6
631	2008	2.38	25
41	2008	3.2777777777777777	18
986	2008	3.152173913043478	46
14	2008	3.3461538461538463	39
100	2008	3.14	25
1694	2008	3.625	16
291	2008	3.1666666666666665	3
626	2008	2.25	2
1526	2008	2.6666666666666665	9
1825	2008	3.25	2
1858	2008	3.1315789473684212	19
2252	2008	3.159090909090909	22
146	2008	1.75	2
2099	2008	3.576923076923077	13
2430	2008	3.0833333333333335	6
2504	2008	3.4047619047619047	21
765	2008	3.113013698630137	146
456	2008	4.041666666666667	12
358	2008	3.25	22
1361	2008	4.0	39
2333	2008	3.8846153846153846	39
1804	2008	2.9	5
932	2008	3.5833333333333335	36
1068	2008	3.6875	8
1124	2008	3.5714285714285716	56
1696	2008	3.2857142857142856	7
1885	2008	3.2934782608695654	46
393	2008	1.9647887323943662	71
403	2008	2.1666666666666665	3
1731	2008	2.1346153846153846	26
1984	2008	2.022727272727273	22
1076	2008	3.75	16
1180	2008	3.4	5
511	2008	3.2777777777777777	9
936	2008	4.125	20
121	2008	3.625	4
1326	2008	2.1	5
1976	2008	2.34375	16
2514	2008	2.676470588235294	17
1614	2008	3.0144927536231885	69
1711	2008	3.4523809523809526	84
1021	2008	2.7259615384615383	104
237	2008	3.3653846153846154	26
279	2008	3.8333333333333335	3
663	2008	3.4038461538461537	26
707	2008	3.183333333333333	30
1665	2008	2.869047619047619	126
1996	2008	1.90625	16
181	2008	2.1805555555555554	36
445	2008	2.5714285714285716	7
2148	2008	2.857142857142857	14
2182	2008	3.6666666666666665	18
2185	2008	3.25	8
2204	2008	3.5	13
2280	2008	3.4375	8
2549	2008	2.825	20
2169	2008	3.088235294117647	17
166	2008	3.1363636363636362	11
1727	2008	2.9722222222222223	36
2568	2008	2.0625	8
1171	2008	3.64	25
2137	2008	3.25	174
1807	2008	3.25	2
1880	2008	3.3333333333333335	9
462	2008	3.25	2
82	2008	3.8518518518518516	27
901	2008	3.603448275862069	29
937	2008	3.75	6
1502	2008	3.3	10
2330	2008	3.9	20
63	2008	3.142857142857143	28
154	2008	3.7613636363636362	44
829	2008	2.4130434782608696	23
1366	2008	3.5142857142857142	35
504	2008	3.0	7
2164	2008	3.75	2
1006	2008	3.1153846153846154	13
2132	2008	4.1125	40
35	2008	2.5714285714285716	7
87	2008	2.2058823529411766	17
117	2008	3.0	6
159	2008	3.6470588235294117	17
211	2008	3.125	8
627	2008	3.4285714285714284	14
921	2008	3.607142857142857	14
956	2008	3.375	8
1011	2008	3.0588235294117645	17
1162	2008	3.6666666666666665	3
1318	2008	3.0	2
1425	2008	2.85	20
1497	2008	1.5625	8
1572	2008	3.9375	24
1660	2008	2.875	4
1689	2008	3.28125	32
1699	2008	3.8076923076923075	13
1939	2008	3.9210526315789473	19
2035	2008	3.5	5
2048	2008	3.5135135135135136	37
2050	2008	2.575	20
2051	2008	3.227272727272727	11
2111	2008	3.026315789473684	19
2181	2008	3.689655172413793	29
2184	2008	3.56	25
2285	2008	3.6666666666666665	18
2303	2008	3.4642857142857144	28
2349	2008	3.25	8
2399	2008	2.65625	16
2436	2008	3.269230769230769	13
2449	2008	1.25	4
2453	2008	2.125	8
2511	2008	4.0625	16
2525	2008	1.9	5
85	2008	3.388888888888889	9
313	2008	2.25	10
650	2008	2.6666666666666665	3
54	2008	3.0	10
75	2008	2.0	1
209	2008	3.3333333333333335	3
250	2008	3.2222222222222223	18
275	2008	2.7	5
396	2008	3.5	1
418	2008	2.8333333333333335	3
424	2008	2.857142857142857	7
429	2008	2.1666666666666665	9
433	2008	2.5	1
538	2008	3.306451612903226	31
569	2008	3.0	9
697	2008	2.3	5
716	2008	2.5	1
809	2008	2.75	4
1119	2008	3.0	1
1121	2008	3.3333333333333335	3
1142	2008	2.25	2
1167	2008	3.25	2
1473	2008	3.0	1
1523	2008	3.5	1
1581	2008	1.5	2
1602	2008	2.6	5
1679	2008	1.5	2
1703	2008	2.9444444444444446	9
1806	2008	2.55	10
1839	2008	2.25	8
1857	2008	2.75	2
1878	2008	2.25	2
1908	2008	3.0	2
2027	2008	3.0	9
2044	2008	3.0	1
2103	2008	3.0	4
2112	2008	3.6923076923076925	13
2196	2008	2.0	3
2207	2008	3.0	6
2306	2008	2.05	10
2314	2008	2.9444444444444446	9
2332	2008	2.75	6
2361	2008	3.1052631578947367	19
2552	2008	2.125	4
2554	2008	2.125	4
2582	2008	3.0384615384615383	13
246	2008	3.819277108433735	83
2139	2008	3.720496894409938	161
1191	2008	2.3157894736842106	19
1419	2008	4.133333333333334	15
1809	2008	3.9069767441860463	43
1913	2008	3.8714285714285714	35
205	2008	3.0	1
210	2008	3.0	2
238	2008	3.4	5
354	2008	2.95	10
473	2008	2.107142857142857	14
534	2008	3.742857142857143	35
943	2008	3.611111111111111	18
944	2008	4.111111111111111	9
1007	2008	3.25	10
1012	2008	3.269230769230769	52
1040	2008	2.5	3
1151	2008	2.8333333333333335	6
1286	2008	3.09375	16
1317	2008	2.75	2
1390	2008	2.9583333333333335	12
1445	2008	1.9285714285714286	14
1654	2008	3.5	5
1686	2008	2.3125	8
1834	2008	3.5	48
1964	2008	3.8333333333333335	9
2015	2008	3.357142857142857	28
2016	2008	3.4166666666666665	6
2034	2008	2.7948717948717947	39
2037	2008	3.5	2
2038	2008	3.5	8
2043	2008	3.6153846153846154	13
2055	2008	3.0	1
2056	2008	3.5	2
2079	2008	3.5	2
2089	2008	3.409090909090909	44
2090	2008	3.490740740740741	54
2091	2008	3.0	10
2240	2008	3.05	10
2287	2008	3.5416666666666665	12
2344	2008	3.7222222222222223	9
2347	2008	2.7857142857142856	7
2352	2008	3.506666666666667	75
2363	2008	2.988372093023256	43
2364	2008	2.857142857142857	14
2377	2008	2.7222222222222223	18
2518	2008	3.269230769230769	13
2526	2008	2.7	5
906	2008	4.068965517241379	29
81	2008	3.6666666666666665	24
305	2008	2.75	16
498	2008	3.8333333333333335	3
617	2008	3.973684210526316	19
681	2008	3.85	10
1003	2008	2.7857142857142856	7
1395	2008	2.9583333333333335	12
1897	2008	3.75	10
1931	2008	3.5925925925925926	27
1983	2008	2.6923076923076925	26
2075	2008	4.111111111111111	9
2178	2008	3.9583333333333335	12
2180	2008	3.4375	16
2247	2008	3.0416666666666665	12
2312	2008	3.739130434782609	23
2535	2008	2.5833333333333335	6
2558	2008	2.5833333333333335	24
2583	2008	3.4545454545454546	11
1111	2008	3.9558823529411766	34
13	2008	3.25	24
2515	2008	2.75	8
276	2008	2.8142857142857145	35
1633	2008	3.5	7
2429	2008	2.891304347826087	23
835	2008	2.7	5
609	2008	2.7115384615384617	26
2482	2008	3.75	4
417	2008	3.5625	8
1066	2008	3.9761904761904763	21
704	2008	2.9166666666666665	18
1863	2008	2.1	5
2537	2008	3.0	1
536	2008	2.1666666666666665	3
808	2008	3.1875	8
1598	2008	2.8333333333333335	6
2154	2008	1.8	15
2358	2008	4.125	4
1024	2008	3.3181818181818183	11
1938	2008	4.071428571428571	21
2057	2008	3.5	9
2442	2008	3.566666666666667	15
495	2008	3.4583333333333335	12
931	2008	3.7	30
581	2008	4.052631578947368	19
1866	2008	3.53125	16
289	2008	3.2777777777777777	18
42	2008	3.5	14
1423	2008	3.875	4
570	2008	3.0	2
1392	2008	3.9375	8
833	2008	3.15	10
458	2008	3.2857142857142856	7
1840	2008	3.6842105263157894	19
2448	2008	2.6875	16
254	2008	4.0	1
1085	2008	3.5	10
371	2008	3.4375	16
1993	2008	2.5277777777777777	18
2516	2008	2.5625	8
125	2008	3.1875	24
176	2008	3.7857142857142856	14
501	2008	3.75	18
635	2008	3.3333333333333335	3
1365	2008	3.1666666666666665	12
2165	2008	3.625	4
2271	2008	2.3	5
2425	2008	4.071428571428571	7
174	2008	2.5454545454545454	11
1273	2008	4.191666666666666	60
667	2008	2.357142857142857	7
1698	2008	4.0	2
240	2008	2.5	5
976	2008	3.625	4
2417	2008	2.5	1
233	2008	3.75	28
1533	2008	4.125	4
199	2008	3.7051282051282053	39
43	2008	3.2	5
49	2008	3.8333333333333335	6
71	2008	2.3333333333333335	3
144	2008	3.3666666666666667	15
157	2008	2.77027027027027	37
222	2008	2.9444444444444446	45
341	2008	3.0	4
467	2008	3.0	2
615	2008	3.642857142857143	7
679	2008	4.0	1
698	2008	0.5	1
804	2008	3.25	14
1140	2008	3.0	2
1150	2008	3.65	10
1177	2008	3.8	10
1475	2008	3.6	5
1480	2008	3.0789473684210527	19
1519	2008	4.0	1
1629	2008	3.5625	8
1643	2008	3.6481481481481484	27
1656	2008	3.25	2
1755	2008	3.2222222222222223	9
1769	2008	3.1956521739130435	23
1821	2008	3.3529411764705883	17
1893	2008	3.5	6
1966	2008	4.0	6
2151	2008	3.522727272727273	22
2173	2008	3.75	4
2260	2008	4.0	1
2262	2008	3.111111111111111	18
2457	2008	3.2857142857142856	7
2575	2008	4.0	7
2120	2008	3.0714285714285716	21
366	2008	3.0952380952380953	21
567	2008	3.6785714285714284	14
1081	2008	3.6363636363636362	33
1881	2008	2.6875	8
415	2008	2.8214285714285716	14
2264	2008	3.0	9
2265	2008	2.4375	8
2327	2008	3.375	4
190	2008	3.75	14
1353	2008	2.95	10
2374	2008	2.857142857142857	7
80	2008	3.3333333333333335	6
4	2008	2.375	8
1709	2008	1.3333333333333333	3
314	2008	3.642857142857143	21
841	2008	4.214285714285714	14
1069	2008	3.5	6
1187	2008	4.1	5
1649	2008	4.045454545454546	11
2024	2008	3.125	4
620	2008	3.0	1
938	2008	3.4411764705882355	17
742	2008	2.4761904761904763	21
2197	2008	4.25	4
2135	2008	3.0754716981132075	53
2492	2008	2.875	4
757	2008	3.0625	8
1453	2008	2.361111111111111	18
68	2008	3.2142857142857144	7
1948	2008	3.9444444444444446	9
2250	2008	3.75	2
715	2008	4.166666666666667	3
900	2008	3.926470588235294	34
1695	2008	3.5	3
2026	2008	2.411764705882353	17
1529	2008	3.4	5
66	2008	2.3421052631578947	19
2310	2008	2.7857142857142856	7
30	2008	3.4375	8
124	2008	3.0	2
1595	2008	1.9523809523809523	21
1942	2008	3.675	20
1545	2008	3.4375	8
683	2008	3.5	1
897	2008	3.5	12
1940	2008	4.0	8
1856	2008	3.6	5
1034	2008	3.4166666666666665	18
1018	2008	3.4375	8
1460	2008	2.2	5
1474	2008	2.5	24
155	2008	3.5	3
132	2008	2.5714285714285716	7
262	2008	3.4909090909090907	55
710	2008	2.35	10
1051	2008	3.2142857142857144	14
1442	2008	3.3333333333333335	12
1599	2008	1.6875	8
1605	2008	1.3333333333333333	3
1671	2008	3.9166666666666665	6
1836	2008	2.9285714285714284	7
2500	2008	2.6176470588235294	17
2540	2008	3.7	5
680	2008	3.21875	16
1337	2008	3.4285714285714284	7
1570	2008	3.3333333333333335	3
1773	2008	4.166666666666667	3
2555	2008	1.5333333333333334	30
1447	2008	3.0	7
2130	2008	3.3846153846153846	13
891	2008	2.0952380952380953	21
2092	2008	2.776315789473684	38
1014	2008	3.588235294117647	17
93	2008	1.9375	8
638	2008	3.5	6
1756	2008	3.0	6
2199	2008	3.6666666666666665	3
1023	2008	3.648936170212766	47
695	2008	3.75	4
1105	2008	2.3	5
1170	2008	2.5	2
1987	2008	2.75	6
1988	2008	3.0	3
1989	2008	2.75	2
1990	2008	1.6666666666666667	3
2365	2008	2.875	8
566	2008	2.0	1
712	2008	3.5	1
823	2008	3.75	2
882	2008	2.75	2
1397	2008	2.625	4
1484	2008	3.6875	8
1601	2008	2.5	2
1906	2008	2.6666666666666665	3
2171	2008	3.9	5
2295	2008	3.75	4
78	2008	3.1875	8
242	2008	3.8333333333333335	9
1933	2008	3.0	4
556	2008	4.25	8
219	2008	2.75	2
1016	2008	2.5	8
907	2008	3.8333333333333335	6
286	2008	1.0	2
1612	2008	2.6666666666666665	3
1667	2008	2.8	5
2074	2008	3.6666666666666665	3
2460	2008	2.289473684210526	19
207	2008	3.157142857142857	70
2088	2008	2.980769230769231	26
220	2008	3.75	2
330	2008	2.9375	8
1331	2008	3.125	4
2158	2008	3.3333333333333335	3
2451	2008	3.0	6
971	2008	3.966666666666667	45
1776	2008	1.0	1
1520	2008	3.0	1
1564	2008	2.75	6
2362	2008	2.3333333333333335	3
2102	2008	3.5714285714285716	14
2345	2008	4.0	2
993	2008	2.875	4
753	2008	0.5	1
982	2008	3.1666666666666665	3
1082	2008	3.423076923076923	13
2573	2008	4.333333333333333	3
728	2008	3.392857142857143	14
843	2008	0.5	1
1708	2008	0.6666666666666666	3
2564	2008	1.5	2
2570	2008	3.8	5
2029	2008	3.5	3
514	2008	3.5517241379310347	29
1352	2008	2.8125	8
1440	2008	3.0	5
1879	2008	3.5	2
918	2008	3.7954545454545454	22
1043	2008	3.9	5
821	2008	0.5	1
1314	2008	0.5	1
574	2008	3.4285714285714284	7
2152	2008	1.263157894736842	19
38	2008	2.2857142857142856	7
227	2008	2.683333333333333	30
244	2008	2.0	2
324	2008	3.6666666666666665	6
505	2008	2.25	10
577	2008	2.25	8
612	2008	2.5	3
619	2008	1.25	2
886	2008	3.111111111111111	18
888	2008	2.3	5
1399	2008	3.0714285714285716	14
1565	2008	2.1666666666666665	3
1592	2008	2.109375	32
1670	2008	2.875	4
1767	2008	1.0	2
1798	2008	1.0	1
1841	2008	2.6	5
1848	2008	2.8	15
2007	2008	0.5	1
2354	2008	2.3043478260869565	23
2446	2008	2.6666666666666665	12
2546	2008	3.125	8
2557	2008	3.35	10
547	2008	2.375	4
118	2008	2.375	4
378	2008	3.0833333333333335	6
130	2008	3.0	4
813	2008	3.3333333333333335	3
881	2008	2.625	8
980	2008	3.0	1
241	2008	2.5	5
248	2008	2.3181818181818183	11
343	2008	2.8	5
935	2008	3.4375	8
945	2008	3.6136363636363638	22
1067	2008	3.25	2
1583	2008	2.25	2
2062	2008	3.0	2
2084	2008	3.380952380952381	21
369	2008	3.5	4
1986	2008	2.4615384615384617	13
1169	2008	3.4375	8
558	2008	2.9285714285714284	14
1936	2008	3.5714285714285716	7
243	2008	2.75	4
691	2008	2.5833333333333335	6
2439	2008	3.0	8
656	2008	2.2222222222222223	9
120	2008	2.5	2
1626	2008	2.5	7
1401	2008	2.8181818181818183	11
2341	2008	1.0	1
2440	2008	3.375	8
363	2008	3.9	5
672	2008	0.5	1
1424	2008	0.5	1
443	2008	3.8333333333333335	6
973	2008	4.222222222222222	9
959	2008	4.0	8
2426	2008	3.25	2
2275	2008	3.1	5
1413	2008	3.5	2
187	2008	3.8333333333333335	6
1648	2008	3.4285714285714284	7
1904	2008	3.642857142857143	7
2323	2008	5.0	1
1683	2008	3.625	8
2070	2008	3.6666666666666665	9
2175	2008	3.375	4
702	2008	3.9285714285714284	7
2503	2008	3.388888888888889	9
251	2008	3.0	5
1472	2008	3.25	2
754	2008	4.25	2
1426	2008	3.75	2
651	2008	0.5	1
1794	2008	3.25	4
149	2008	3.7	5
352	2008	3.8333333333333335	3
1414	2008	2.7857142857142856	7
1571	2008	3.25	4
416	2008	2.4375	8
483	2008	3.5	4
960	2008	3.5	2
964	2008	3.5	6
1113	2008	3.0	4
2259	2008	2.933333333333333	15
2370	2008	3.6	5
2466	2008	2.5	2
1351	2008	2.8333333333333335	3
191	2008	2.7916666666666665	12
53	2008	4.0	2
138	2008	3.0	1
184	2008	2.0	1
645	2008	3.625	4
705	2008	2.75	4
803	2008	2.5	1
807	2008	3.3333333333333335	3
827	2008	2.5	1
846	2008	2.0	1
869	2008	2.5	3
957	2008	3.3333333333333335	3
988	2008	2.75	2
1038	2008	2.25	2
1143	2008	3.0	2
1154	2008	2.5	1
1164	2008	2.625	4
1310	2008	3.375	4
1369	2008	2.75	2
1406	2008	3.5	3
1575	2008	3.2	5
1596	2008	3.8333333333333335	6
1664	2008	3.0	1
1733	2008	2.5	2
1842	2008	1.5	1
1898	2008	2.0	1
1915	2008	1.5	1
1937	2008	3.1666666666666665	6
2179	2008	2.7142857142857144	7
2276	2008	3.1666666666666665	3
2309	2008	2.0	1
2512	2008	3.0	4
59	2008	3.0	3
115	2008	3.5	2
630	2008	2.75	2
633	2008	3.5	1
639	2008	2.5	5
640	2008	2.5	14
666	2008	2.5	3
703	2008	2.4	5
726	2008	3.0	3
747	2008	2.7142857142857144	7
764	2008	3.8333333333333335	3
767	2008	2.3333333333333335	3
806	2008	3.25	4
865	2008	3.5	1
872	2008	2.5	2
893	2008	3.7142857142857144	7
1044	2008	2.3	5
1050	2008	2.9375	8
1053	2008	3.0	2
1054	2008	4.0	4
1062	2008	2.5	2
1114	2008	3.75	4
1116	2008	4.0	1
1117	2008	3.6666666666666665	6
1138	2008	3.1666666666666665	3
1312	2008	3.0	2
1313	2008	3.1666666666666665	3
1363	2008	2.9166666666666665	6
1404	2008	2.625	4
1412	2008	2.5	2
1415	2008	4.0	1
1444	2008	3.0	1
1454	2008	3.142857142857143	7
1482	2008	3.25	2
1493	2008	2.5	2
1514	2008	3.0	3
1516	2008	3.5	1
1539	2008	3.0	3
1548	2008	2.75	2
1563	2008	3.0	1
1600	2008	4.0	1
1613	2008	2.0	1
1622	2008	2.0	1
1650	2008	4.166666666666667	3
1651	2008	1.5	1
1669	2008	3.25	4
1728	2008	2.5	1
1746	2008	2.7	5
1749	2008	2.75	2
1759	2008	3.6666666666666665	3
1768	2008	2.5	1
1770	2008	2.25	2
1783	2008	2.6666666666666665	3
1788	2008	3.25	2
1791	2008	3.5	4
1816	2008	3.1666666666666665	3
1861	2008	2.0	1
1865	2008	4.166666666666667	3
1890	2008	3.0	3
1891	2008	3.0	1
1910	2008	3.75	4
1928	2008	3.0	1
2155	2008	3.425	20
2210	2008	3.5384615384615383	13
2305	2008	3.625	4
2317	2008	1.75	2
2331	2008	2.8333333333333335	3
2441	2008	3.25	2
2480	2008	3.5	1
2507	2008	3.1	5
2543	2008	2.0	1
2544	2008	3.5	1
2578	2008	3.75	4
1063	2008	3.5	1
2494	2008	4.0	2
51	2008	3.0	1
400	2008	2.5	1
572	2008	3.0	1
576	2008	1.5	1
657	2008	2.0	1
693	2008	3.0	1
812	2008	1.5	1
1157	2008	2.0	1
1524	2008	1.5	2
1577	2008	3.0	1
1692	2008	2.5	3
1697	2008	4.0	2
2270	2008	3.5	2
2308	2008	3.25	2
2343	2008	4.5	2
2458	2008	3.3333333333333335	3
2547	2008	3.0	1
512	2008	2.5625	8
408	2008	3.1363636363636362	11
114	2008	4.0	5
386	2008	3.25	4
449	2008	3.8333333333333335	3
2238	2008	4.1	5
2071	2008	3.3461538461538463	13
2239	2008	3.875	4
876	2008	2.0	3
1705	2008	0.5	1
2221	2008	3.4	5
461	2008	3.5	2
892	2008	3.923076923076923	13
927	2008	4.0	8
2069	2008	3.8	5
40	2008	3.5	5
217	2008	1.1666666666666667	3
974	2008	4.0	2
769	2008	3.8333333333333335	3
1158	2008	3.0	1
1159	2008	3.0	1
2201	2008	3.5714285714285716	7
2213	2008	2.5	1
486	2008	3.0	1
2045	2008	3.25	4
1430	2008	3.857142857142857	7
970	2008	3.375	4
1887	2008	3.125	12
2267	2008	3.5	3
2226	2008	3.5	4
2298	2008	1.5	3
487	2008	3.0	2
1655	2008	2.2142857142857144	7
1496	2008	3.1666666666666665	3
1009	2008	2.94	25
1812	2008	2.5	2
148	2008	2.75	2
2491	2008	3.0833333333333335	6
1677	2008	1.25	2
2445	2008	3.0833333333333335	6
438	2008	3.25	4
2172	2008	3.25	6
1551	2008	2.6666666666666665	3
8	2008	3.0555555555555554	9
360	2008	2.5	9
840	2008	3.0	3
1606	2008	1.8	5
2017	2008	3.3333333333333335	3
751	2008	3.5	2
1236	2008	4.166666666666667	9
2256	2008	4.0	1
394	2008	3.25	4
437	2008	2.4	5
2574	2008	3.0	7
2187	2008	3.625	8
2214	2008	3.75	2
528	2008	2.1666666666666665	3
1468	2008	2.8181818181818183	11
116	2008	3.5	8
1710	2008	1.25	2
99	2008	3.5	1
472	2008	3.5	1
591	2008	1.5	1
958	2008	2.75	2
1929	2008	4.125	8
2475	2008	2.8333333333333335	3
963	2008	3.5	3
212	2008	2.4166666666666665	6
312	2008	1.25	2
700	2008	2.9	10
1935	2008	3.923076923076923	13
1941	2008	3.227272727272727	11
2200	2008	3.25	2
2209	2008	3.25	4
2211	2008	3.5	3
734	2008	2.5	2
1793	2008	2.25	2
1925	2008	4.0	6
1926	2008	2.6666666666666665	3
1930	2008	2.0	1
2218	2008	2.5	1
1743	2008	2.75	2
1764	2008	0.5	1
1774	2008	0.5	3
392	2008	4.0	1
201	2008	2.5	1
430	2008	2.0	1
460	2008	1.5	3
692	2008	2.6666666666666665	3
885	2008	2.0833333333333335	6
1439	2008	2.0	1
1742	2008	1.5	1
1750	2008	1.8333333333333333	3
2113	2008	1.9	5
321	2008	3.0	7
1118	2008	3.5	1
444	2008	2.9	5
1789	2008	1.5	1
548	2008	2.6666666666666665	12
1853	2008	2.0	2
2339	2008	1.9285714285714286	7
1943	2008	3.0	3
2049	2008	3.75	2
1832	2008	3.25	2
2473	2008	2.3333333333333335	3
387	2008	2.75	2
510	2008	2.875	4
554	2008	0.5	1
2521	2008	2.0	5
1820	2008	3.0	1
598	2008	3.7142857142857144	7
990	2008	2.0555555555555554	9
268	2008	3.5	2
860	2008	2.75	4
525	2008	3.625	4
1869	2008	2.3	5
1642	2008	2.5	1
725	2008	3.5	2
549	2008	4.1	5
1661	2008	3.0833333333333335	6
967	2008	2.5	3
1867	2008	1.0	2
1144	2008	2.0	1
1324	2008	2.25	2
2061	2008	3.375	4
2461	2008	2.5	5
2464	2008	2.5	2
2499	2008	4.0	1
2241	2008	1.6666666666666667	3
2147	2008	2.45	10
479	2008	3.2857142857142856	7
102	2008	1.8333333333333333	3
848	2008	3.3333333333333335	6
234	2008	1.9	5
103	2008	3.0	1
1306	2008	4.0	7
731	2008	3.0	1
1055	2008	3.0	1
2073	2008	3.0	2
987	2008	2.5	1
1636	2008	2.0	1
1181	2008	3.75	2
1336	2008	3.0	1
334	2008	4.25	2
1780	2008	2.5	2
518	2008	2.375	4
258	2008	2.65	10
2385	2008	3.0833333333333335	6
2559	2008	3.5	3
1534	2008	3.5	2
202	2008	4.375	4
287	2008	3.5	1
2219	2008	2.0	1
1437	2008	4.25	4
1578	2008	1.0	1
824	2008	2.75	2
2566	2008	1.8571428571428572	7
409	2008	3.5	4
722	2008	3.0	1
2368	2008	2.25	2
1547	2008	2.3	5
961	2008	3.8333333333333335	3
850	2008	3.6666666666666665	3
2342	2008	3.375	4
1877	2008	4.5	1
422	2008	3.3333333333333335	3
451	2008	4.5	1
2418	2008	3.5	3
278	2008	2.5	1
488	2008	3.75	2
1087	2008	4.0	1
563	2008	4.5	4
2479	2008	4.5	2
171	2008	3.2142857142857144	7
57	2008	2.5714285714285716	7
1934	2008	3.75	6
2261	2008	3.0	5
634	2008	1.5	3
820	2008	2.75	2
1152	2008	3.75	2
2220	2008	3.0	2
2222	2008	2.6666666666666665	3
2223	2008	2.7	5
2227	2008	4.0	2
1864	2008	4.25	2
573	2008	3.5	3
2284	2008	3.875	4
625	2008	3.75	2
771	2008	3.75	4
384	2008	3.142857142857143	7
875	2008	3.25	2
1107	2008	4.0	1
325	2008	2.75	4
729	2008	2.0	2
1675	2008	3.3333333333333335	3
1843	2008	2.5	2
2307	2008	3.0	1
294	2008	3.0	2
659	2008	4.166666666666667	3
1149	2008	3.5	1
1360	2008	3.5	1
1192	2008	3.625	4
1509	2008	3.4166666666666665	6
1579	2008	3.5	1
206	2008	3.875	4
582	2008	4.25	2
831	2008	2.5	1
1137	2008	4.0	1
1535	2008	3.75	2
264	2008	3.5	1
134	2008	4.0	1
1851	2008	3.5	1
564	2008	2.0	1
2156	2008	3.5	1
717	2008	2.5	2
2168	2008	2.5	2
2493	2008	4.0	2
2031	2008	2.5	1
2098	2008	3.0	2
2444	2008	3.8333333333333335	3
1329	2008	1.75	2
447	2008	3.8333333333333335	3
2538	2008	0.5	2
2286	2008	3.75	2
484	2008	2.6666666666666665	9
61	2008	3.3333333333333335	3
1115	2008	3.75	2
1765	2008	0.5	1
2047	2008	4.0	1
2086	2008	4.0	1
2304	2008	0.5	1
33	2008	3.5	1
1621	2008	2.75	2
2292	2008	2.5	5
746	2008	4.0	1
1156	2008	4.0	1
183	2008	2.5	2
1383	2008	2.625	4
2562	2008	3.625	4
779	2008	3.0	2
649	2008	3.0	1
2192	2008	4.0	2
618	2008	5.0	1
983	2008	0.5	1
602	2008	4.0	1
2157	2008	0.5	1
470	2008	5.0	1
2095	2008	3.6666666666666665	3
1849	2008	3.0	1
309	2008	1.5	1
1421	2008	4.5	1
1647	2008	2.75	2
701	2008	4.0	1
2509	2008	3.5	1
1822	2008	2.5	3
2128	2008	3.5	3
1874	2008	3.0	1
1932	2008	4.0	1
2008	2008	2.0	1
310	2008	2.5	1
1531	2008	5.0	1
2434	2008	3.5	1
1685	2008	2.0	1
2465	2008	2.75	2
1829	2008	4.5	1
1470	2008	1.0	1
1410	2008	3.5	1
1323	2008	0.75	2
896	2008	4.0	1
981	2008	2.75	2
127	2008	4.5	1
1901	2008	3.0	1
385	2008	4.0	1
756	2008	4.0	1
1471	2008	3.5	1
1624	2008	3.0	2
1684	2008	3.25	2
37	2008	4.0	1
568	2008	3.0	1
1886	2008	1.75	2
2255	2008	4.5	1
182	2008	2.75	2
752	2008	3.0	1
791	2008	3.5	1
796	2008	2.5	1
1420	2008	3.5	1
2216	2008	3.0	2
2229	2008	2.25	2
2397	2008	3.0	1
64	2008	2.0	1
1322	2008	0.5	1
2486	2008	0.5	1
600	2008	3.0	1
2545	2008	3.5	1
2198	2008	4.5	1
269	2008	2.0	1
375	2008	3.0	1
411	2008	3.5	1
478	2008	1.0	1
513	2008	3.0	1
603	2008	2.75	2
1508	2008	3.0	1
2040	2008	3.0	2
2472	2008	2.5	1
2523	2008	3.0	1
1160	2008	5.0	1
763	2008	2.0	1
2233	2008	2.0	1
96	2008	3.0	1
245	2008	2.75	2
864	2008	2.5	1
966	2008	3.5	1
1364	2008	3.0	1
1386	2008	3.0	1
113	2008	4.0	1
1490	2008	1.5	2
2266	2008	3.5	2
1550	2008	2.25	2
1854	2008	3.0	1
1903	2008	5.0	1
1902	2008	2.25	2
2400	2008	3.25	2
523	2008	3.0	1
301	2008	3.5	1
1311	2008	1.0	1
1640	2008	3.0	1
1662	2008	3.5	1
2224	2008	2.0	1
2225	2008	2.0	1
2228	2008	2.0	1
129	2008	2.0	1
682	2008	2.5	1
862	2008	3.5	1
774	2008	3.0	1
83	2008	3.5	1
137	2008	4.0	1
685	2008	3.0	1
465	2008	5.0	1
1585	2008	2.5	1
452	2008	3.0	1
1165	2008	1.5	1
192	2008	0.5	1
985	2008	0.5	1
1852	2008	2.0	1