5349	2008	3.5174714104193137	1574
6266	2008	3.1875	32
5401	2008	2.6203703703703702	54
7022	2008	3.7463976945244957	347
5299	2008	3.283203125	512
6993	2008	3.953271028037383	107
5747	2008	3.7253521126760565	71
5995	2008	4.0758258258258255	666
6104	2008	3.838582677165354	127
6502	2008	3.8325554259043173	857
6787	2008	3.904166666666667	240
7153	2008	4.08628417749888	2231
5218	2008	3.6331658291457285	796
5296	2008	2.792452830188679	53
5377	2008	3.57648401826484	438
5446	2008	3.761111111111111	90
5618	2008	4.142445213379469	867
5669	2008	3.6191744340878826	751
5952	2008	4.036453645364537	2222
6350	2008	4.053846153846154	260
6377	2008	3.8189389265885256	1621
6539	2008	3.79176267281106	1736
6863	2008	3.415525114155251	657
6874	2008	3.86472602739726	1752
7161	2008	2.765151515151515	66
7293	2008	3.372750642673522	389
7361	2008	4.107123583378305	1853
7438	2008	3.8074694140373473	1553
6952	2008	2.9945054945054945	91
5602	2008	3.5106382978723403	47
6218	2008	3.3903133903133904	351
7367	2008	2.900709219858156	141
5378	2008	3.040909090909091	1100
5445	2008	3.624221453287197	1445
6365	2008	3.3249619482496193	1314
7143	2008	3.612685560053981	741
5502	2008	3.199127906976744	688
5541	2008	3.25	126
6793	2008	2.7	60
6794	2008	2.240740740740741	54
6944	2008	3.3508771929824563	114
7147	2008	3.8275862068965516	899
5690	2008	3.9935064935064934	231
6857	2008	3.885869565217391	92
7373	2008	3.4091858037578286	479
5119	2008	3.8823529411764706	17
5304	2008	4.134615384615385	26
5418	2008	3.984185733512786	1486
5991	2008	3.4883116883116885	385
6333	2008	3.6252535496957403	986
6380	2008	3.855421686746988	83
6711	2008	3.732340425531915	1175
6783	2008	4.216216216216216	37
6870	2008	3.8215031315240084	479
6987	2008	3.8333333333333335	84
7096	2008	3.9166666666666665	18
7254	2008	3.7101024890190337	683
7493	2008	3.9545454545454546	11
7564	2008	3.9761904761904763	21
5613	2008	3.4875	40
5741	2008	3.3333333333333335	3
6729	2008	3.5	3
6743	2008	3.4555555555555557	45
6828	2008	3.9	5
5325	2008	3.693877551020408	49
5333	2008	4.090909090909091	22
6467	2008	3.911764705882353	17
6576	2008	3.8333333333333335	3
7116	2008	3.8421052631578947	57
7234	2008	4.269230769230769	52
7382	2008	3.673076923076923	26
7587	2008	4.117647058823529	51
7769	2008	3.1666666666666665	3
5194	2008	5.0	1
5291	2008	4.18141592920354	226
5373	2008	4.239130434782608	23
5856	2008	2.8333333333333335	3
6098	2008	5.0	1
6666	2008	3.9727272727272727	55
6807	2008	3.8552158273381294	556
6818	2008	4.017241379310345	29
7099	2008	4.09375	240
7317	2008	3.289473684210526	133
7756	2008	3.6666666666666665	24
5319	2008	3.8402777777777777	72
6016	2008	4.258231420507996	1063
6188	2008	3.5808823529411766	340
6953	2008	3.724747474747475	396
6482	2008	2.0792682926829267	82
6220	2008	3.0	20
6290	2008	3.119047619047619	42
6707	2008	2.5846153846153848	65
7646	2008	3.588235294117647	17
5989	2008	3.839685169842585	1207
7445	2008	3.869209809264305	367
5171	2008	2.986842105263158	152
5459	2008	3.0801282051282053	624
5481	2008	2.992407809110629	461
5679	2008	3.3296795952782463	593
5879	2008	2.6447368421052633	38
5902	2008	3.7744510978043913	501
5971	2008	4.147058823529412	340
6408	2008	3.4444444444444446	9
6534	2008	2.6693811074918568	307
6713	2008	3.6363636363636362	33
6773	2008	3.9171122994652405	187
6934	2008	3.2262952101661777	1023
7228	2008	2.5	28
5105	2008	3.6714285714285713	35
5603	2008	3.909090909090909	22
6881	2008	3.6226415094339623	53
7139	2008	3.873684210526316	95
7489	2008	4.0	8
7836	2008	4.0	51
7073	2008	3.8870967741935485	31
5135	2008	3.7670454545454546	88
5693	2008	3.2473684210526317	95
6378	2008	3.563402889245586	623
6776	2008	4.0	44
6942	2008	3.7880434782608696	552
6669	2008	3.8951612903225805	62
7023	2008	3.878787878787879	33
7063	2008	3.9069767441860463	86
5816	2008	3.4319767441860467	860
5444	2008	3.28743961352657	207
6297	2008	3.5472972972972974	74
6331	2008	3.8666666666666667	135
6889	2008	3.223404255319149	47
6936	2008	3.368951612903226	248
7263	2008	3.8686868686868685	99
5219	2008	3.2234726688102895	311
5254	2008	3.201550387596899	258
5266	2008	3.2171052631578947	304
5507	2008	2.8822314049586777	242
5620	2008	3.220833333333333	120
5630	2008	3.4961977186311786	263
5810	2008	3.151111111111111	225
5872	2008	3.0940959409594098	271
5944	2008	3.2706766917293235	133
5956	2008	3.5690476190476192	420
5970	2008	3.4285714285714284	70
6157	2008	2.603896103896104	308
6383	2008	2.5751295336787563	193
6503	2008	2.5080645161290325	186
6535	2008	2.3385416666666665	96
6537	2008	3.120242214532872	578
6541	2008	2.8737024221453287	289
6548	2008	3.155844155844156	154
6564	2008	2.8333333333333335	156
6595	2008	2.982142857142857	140
6754	2008	3.271784232365145	241
6893	2008	3.5806451612903225	93
6979	2008	3.7140221402214024	271
7324	2008	3.310344827586207	87
7325	2008	3.0315533980582523	206
7360	2008	3.5894736842105264	285
7387	2008	3.8689320388349513	206
7454	2008	2.7951807228915664	249
7458	2008	3.3917410714285716	448
5890	2008	3.675	40
6620	2008	3.710059171597633	169
5134	2008	3.391304347826087	23
5151	2008	2.845833333333333	120
5152	2008	3.5801526717557253	131
5283	2008	3.156862745098039	102
5312	2008	3.0476190476190474	42
5463	2008	3.2543103448275863	116
5464	2008	3.67027027027027	370
5574	2008	3.454301075268817	186
5621	2008	2.466666666666667	75
5782	2008	4.2073170731707314	246
5785	2008	2.9420289855072466	138
5900	2008	3.067901234567901	81
5901	2008	3.0625	8
5903	2008	3.805871212121212	528
5942	2008	2.852272727272727	44
6059	2008	3.522727272727273	110
6155	2008	3.1125	160
6156	2008	3.0	91
6287	2008	3.057603686635945	217
6294	2008	2.8536585365853657	82
6322	2008	3.4069767441860463	43
6323	2008	3.6736401673640167	239
6367	2008	3.25	66
6373	2008	3.2031484257871066	667
6550	2008	2.9513274336283186	113
6618	2008	3.686046511627907	129
6708	2008	3.645098039215686	255
6709	2008	3.34375	176
6755	2008	3.3636363636363638	110
6873	2008	3.232142857142857	84
6879	2008	3.5384615384615383	117
6880	2008	3.1690140845070425	71
7000	2008	2.9270833333333335	48
7149	2008	3.4705882352941178	119
7163	2008	3.302721088435374	147
7173	2008	2.91025641025641	156
7346	2008	3.3091603053435112	131
5225	2008	3.869485294117647	272
5245	2008	2.5	2
5265	2008	3.25	68
5269	2008	3.554054054054054	37
5316	2008	3.2857142857142856	35
5334	2008	2.75	10
5364	2008	3.2903225806451615	62
5379	2008	3.6842105263157894	38
5380	2008	3.75	80
5388	2008	3.4594017094017095	234
5415	2008	3.0142857142857142	35
5505	2008	3.0948275862068964	58
5527	2008	2.6	10
5530	2008	2.9313725490196076	51
5553	2008	3.1470588235294117	17
5617	2008	3.723529411764706	255
5625	2008	3.1818181818181817	11
5668	2008	3.8815789473684212	38
5673	2008	3.583720930232558	215
5791	2008	3.7229299363057327	157
5812	2008	3.6037735849056602	53
5817	2008	2.9545454545454546	11
5878	2008	4.0186170212765955	188
5881	2008	3.246153846153846	130
5943	2008	2.5634920634920637	63
5945	2008	3.314070351758794	199
5954	2008	3.8869731800766285	261
5957	2008	3.1184210526315788	76
5992	2008	3.608695652173913	161
6003	2008	3.5833333333333335	120
6006	2008	2.7708333333333335	48
6027	2008	3.3076923076923075	13
6041	2008	3.6	15
6060	2008	2.6904761904761907	21
6187	2008	3.8846153846153846	104
6202	2008	3.857142857142857	7
6215	2008	3.3333333333333335	12
6235	2008	3.945945945945946	37
6252	2008	2.736842105263158	19
6281	2008	3.3445945945945947	296
6493	2008	2.8076923076923075	26
6614	2008	3.388888888888889	9
6687	2008	2.32	25
6763	2008	2.608695652173913	46
6770	2008	3.9166666666666665	48
6810	2008	3.317073170731707	41
6832	2008	3.4655172413793105	29
6890	2008	3.495575221238938	113
6927	2008	3.125	20
6932	2008	3.5121951219512195	41
6950	2008	3.326923076923077	26
7018	2008	3.554054054054054	37
7034	2008	3.829896907216495	97
7048	2008	3.3181818181818183	22
7090	2008	3.90997830802603	461
7151	2008	3.5853658536585367	123
7154	2008	3.2074468085106385	94
7158	2008	3.7117117117117115	111
7162	2008	3.5618279569892475	186
7169	2008	3.142857142857143	21
7285	2008	3.358695652173913	92
7347	2008	3.342948717948718	156
7349	2008	3.8333333333333335	9
7371	2008	3.948087431693989	183
7372	2008	3.0833333333333335	12
7377	2008	3.727272727272727	33
7444	2008	3.0107913669064748	139
7451	2008	3.370242214532872	289
7767	2008	3.8846153846153846	39
5608	2008	3.794776119402985	134
7481	2008	3.6015625	64
5121	2008	4.074074074074074	27
5147	2008	4.12	100
5177	2008	3.5833333333333335	24
5489	2008	3.702127659574468	47
6433	2008	4.096774193548387	31
6460	2008	3.977272727272727	22
6643	2008	4.018518518518518	54
6981	2008	4.25	14
6985	2008	3.9895833333333335	48
6988	2008	2.7	10
7013	2008	4.068965517241379	87
7043	2008	4.0625	16
7070	2008	3.7037037037037037	27
7072	2008	3.8421052631578947	38
7091	2008	4.043478260869565	46
7132	2008	4.059701492537314	67
7210	2008	3.5476190476190474	21
7327	2008	4.2625	80
5108	2008	3.6779661016949152	59
5572	2008	2.64	50
6679	2008	3.5833333333333335	12
6721	2008	3.8095238095238093	42
6887	2008	3.391304347826087	46
6957	2008	3.436868686868687	198
5095	2008	3.3636363636363638	11
5110	2008	3.7590361445783134	166
5293	2008	3.175675675675676	74
5528	2008	3.1975	200
5680	2008	2.857142857142857	14
5792	2008	3.611111111111111	18
5809	2008	3.0576923076923075	26
5955	2008	3.510869565217391	46
5980	2008	3.2142857142857144	14
5999	2008	2.6666666666666665	9
6001	2008	3.9140625	64
6193	2008	3.53125	16
6440	2008	3.8253968253968256	189
6448	2008	3.5689655172413794	29
6645	2008	3.4903846153846154	52
6659	2008	3.3733333333333335	150
6780	2008	4.071428571428571	14
6811	2008	3.1176470588235294	17
6867	2008	3.9171122994652405	187
6868	2008	3.0714285714285716	14
6947	2008	3.6947194719471947	303
6977	2008	3.3333333333333335	15
6997	2008	3.1944444444444446	18
7005	2008	2.1904761904761907	21
7137	2008	3.426470588235294	68
7160	2008	3.53021978021978	182
7204	2008	2.25	8
7294	2008	2.5	14
7319	2008	2.92	25
7362	2008	3.0416666666666665	36
7439	2008	3.160377358490566	106
7460	2008	3.56	100
7581	2008	3.4545454545454546	11
7708	2008	3.6176470588235294	17
5525	2008	4.0	24
7815	2008	3.5625	8
6250	2008	2.738095238095238	84
6753	2008	3.623076923076923	130
7156	2008	4.045454545454546	132
7320	2008	3.140625	32
5500	2008	3.488372093023256	86
6662	2008	3.7182539682539684	126
7004	2008	2.803738317757009	214
7046	2008	3.2285714285714286	70
7323	2008	3.8241758241758244	273
7728	2008	3.775	20
6587	2008	1.027027027027027	37
5103	2008	3.736111111111111	144
5267	2008	3.289855072463768	69
5414	2008	2.7777777777777777	27
6374	2008	2.7777777777777777	9
6593	2008	3.0670103092783507	97
5248	2008	2.8125	8
5310	2008	2.0	5
5323	2008	2.369565217391304	46
5432	2008	2.5	3
5442	2008	2.3181818181818183	11
5476	2008	2.425	20
5523	2008	2.3157894736842106	19
5918	2008	1.6666666666666667	3
6152	2008	1.625	4
6628	2008	2.6666666666666665	3
6827	2008	1.9166666666666667	6
6899	2008	1.5	2
6995	2008	1.4	15
7117	2008	2.5	17
7166	2008	1.25	2
7292	2008	2.3333333333333335	3
5222	2008	3.397727272727273	44
5308	2008	2.935	100
5313	2008	2.4909090909090907	110
5400	2008	3.225	120
5419	2008	2.2662337662337664	77
5449	2008	2.9539877300613497	163
5540	2008	3.1527777777777777	36
5544	2008	3.5555555555555554	18
5647	2008	2.0	8
5672	2008	1.6379310344827587	29
6058	2008	2.9485981308411215	107
6264	2008	2.7421052631578946	95
6303	2008	3.7162162162162162	74
6357	2008	3.96875	16
6371	2008	1.4523809523809523	21
6565	2008	3.482456140350877	171
6615	2008	2.698529411764706	68
6663	2008	3.4285714285714284	63
6664	2008	3.28	75
7001	2008	3.3333333333333335	84
7027	2008	3.5657894736842106	38
7076	2008	3.6604938271604937	81
7386	2008	3.6705882352941175	85
7482	2008	3.7861635220125787	159
7569	2008	3.7109375	128
7570	2008	3.3146067415730336	89
5139	2008	3.2941176470588234	34
5292	2008	3.6511627906976742	86
5915	2008	3.375	8
6263	2008	3.4615384615384617	39
6424	2008	2.909090909090909	11
6996	2008	2.240740740740741	54
7007	2008	3.3492063492063493	63
7016	2008	2.588235294117647	17
7036	2008	2.925	40
7101	2008	3.189655172413793	29
7381	2008	2.918181818181818	55
5159	2008	3.22972972972973	37
7577	2008	3.764705882352941	17
5120	2008	3.8	40
5125	2008	3.142857142857143	7
5247	2008	3.2934782608695654	46
5339	2008	3.8392857142857144	28
5348	2008	3.1333333333333333	30
5385	2008	4.225	40
5522	2008	3.1481481481481484	27
5606	2008	3.0	6
5784	2008	2.5754716981132075	53
5909	2008	3.7962962962962963	27
6100	2008	3.5625	24
6140	2008	3.0	10
6242	2008	3.5753968253968256	126
6243	2008	3.5294117647058822	17
6283	2008	3.857594936708861	158
6296	2008	3.730392156862745	102
6337	2008	3.4310344827586206	29
6530	2008	3.9107142857142856	28
6653	2008	3.0	3
6750	2008	2.980769230769231	26
6909	2008	3.25	28
7002	2008	4.1	5
7044	2008	3.75	98
7084	2008	3.921875	32
7115	2008	3.4761904761904763	21
7235	2008	3.623456790123457	81
7334	2008	3.272727272727273	11
7419	2008	3.764705882352941	68
7573	2008	2.990566037735849	53
7175	2008	2.074074074074074	27
7028	2008	3.676470588235294	17
5128	2008	2.7313432835820897	67
5309	2008	2.5306122448979593	49
5452	2008	2.123456790123457	81
5478	2008	2.480769230769231	52
5508	2008	3.7527472527472527	91
5569	2008	2.84375	16
5666	2008	3.534090909090909	44
5833	2008	3.4468085106382977	47
5853	2008	3.554054054054054	37
6132	2008	3.2	5
6731	2008	3.6363636363636362	66
6774	2008	3.657142857142857	105
6798	2008	3.4166666666666665	12
6820	2008	3.3333333333333335	45
7045	2008	3.3815789473684212	38
7069	2008	3.923076923076923	26
7164	2008	3.3214285714285716	56
7247	2008	3.4298245614035086	57
7355	2008	3.1538461538461537	13
7394	2008	3.1666666666666665	6
7701	2008	2.255952380952381	84
7757	2008	3.2666666666666666	45
7764	2008	2.25	4
7781	2008	2.9375	24
5959	2008	3.4919354838709675	62
6280	2008	3.3	25
7170	2008	2.0	4
6166	2008	2.59375	48
6519	2008	3.1	15
6888	2008	2.412280701754386	171
6005	2008	2.8846153846153846	26
5353	2008	4.5	1
5938	2008	3.3333333333333335	12
6032	2008	3.409090909090909	11
6300	2008	3.3214285714285716	14
6454	2008	3.75	8
6990	2008	3.7333333333333334	15
7613	2008	3.357142857142857	7
6123	2008	4.285714285714286	14
7265	2008	3.6923076923076925	91
5524	2008	2.7023809523809526	42
5096	2008	2.4583333333333335	24
5255	2008	2.323529411764706	17
5529	2008	2.8	15
5548	2008	3.2	10
5804	2008	2.477272727272727	44
6013	2008	2.032258064516129	31
6249	2008	2.3	25
6686	2008	2.45	20
6765	2008	3.408333333333333	60
6771	2008	2.4444444444444446	9
6785	2008	3.4838709677419355	31
6796	2008	3.741477272727273	176
6951	2008	2.425	40
7437	2008	3.076923076923077	13
5391	2008	3.361111111111111	18
5515	2008	3.8333333333333335	12
5643	2008	3.9615384615384617	13
5684	2008	3.4444444444444446	9
6299	2008	4.0	55
7167	2008	2.9166666666666665	6
5485	2008	2.7142857142857144	14
5852	2008	2.0	3
6407	2008	4.0	1
7583	2008	3.875	4
7822	2008	2.9166666666666665	6
5796	2008	3.0135135135135136	37
6650	2008	4.083333333333333	42
7256	2008	4.049180327868853	122
6056	2008	3.1666666666666665	6
6760	2008	3.5625	8
6954	2008	3.8225806451612905	62
7365	2008	3.86	25
6788	2008	2.25	2
7190	2008	3.4	5
7364	2008	3.6136363636363638	22
7579	2008	3.8191489361702127	47
5146	2008	3.7466666666666666	75
5294	2008	3.826923076923077	78
5383	2008	2.95	10
5470	2008	3.847826086956522	23
5633	2008	3.82	25
5799	2008	3.3666666666666667	15
5847	2008	3.5	7
6239	2008	3.52	25
6291	2008	3.9382716049382718	81
6552	2008	3.6739130434782608	92
6790	2008	3.4516129032258065	31
6882	2008	3.5	15
6986	2008	3.7941176470588234	34
7035	2008	4.0	5
7042	2008	3.413793103448276	29
7079	2008	3.65625	16
7123	2008	3.835294117647059	85
7303	2008	3.772727272727273	33
7318	2008	3.2093023255813953	172
7649	2008	3.6953125	64
7698	2008	3.5405405405405403	37
7802	2008	3.740506329113924	79
7810	2008	3.5428571428571427	35
7811	2008	3.5555555555555554	27
7812	2008	3.4642857142857144	28
6385	2008	3.7411347517730498	141
6636	2008	3.6041666666666665	24
7003	2008	3.6153846153846154	13
7030	2008	3.5	15
5318	2008	2.888888888888889	9
6298	2008	2.1739130434782608	23
6586	2008	3.0348837209302326	86
6764	2008	3.4193548387096775	62
5300	2008	3.72	75
6214	2008	3.6666666666666665	84
6461	2008	4.055555555555555	45
6959	2008	2.8773584905660377	53
7704	2008	1.5625	8
7827	2008	3.5303030303030303	66
5422	2008	4.0	5
5216	2008	4.25	4
5272	2008	3.9	10
5526	2008	3.3461538461538463	13
5607	2008	3.5	7
5614	2008	3.5	4
5632	2008	3.641025641025641	39
5794	2008	3.75	8
5939	2008	2.2857142857142856	7
6151	2008	4.666666666666667	3
6211	2008	2.75	6
6286	2008	3.774390243902439	82
6526	2008	3.75	8
6542	2008	3.6470588235294117	34
6571	2008	3.8095238095238093	21
6611	2008	4.142857142857143	21
6945	2008	4.071428571428571	14
6971	2008	4.043478260869565	23
7037	2008	3.75	6
7067	2008	3.3846153846153846	13
7089	2008	3.6142857142857143	35
7172	2008	3.7	5
7299	2008	3.923076923076923	26
7700	2008	4.2	45
7745	2008	3.59375	16
7785	2008	4.0	9
7789	2008	3.0	4
5479	2008	3.3796296296296298	54
5882	2008	3.4603174603174605	63
5888	2008	3.4545454545454546	11
6213	2008	3.0634920634920637	63
6567	2008	3.6875	24
6734	2008	2.888888888888889	9
6808	2008	3.8515625	64
7562	2008	3.5833333333333335	6
6670	2008	3.375	4
5968	2008	3.5833333333333335	6
6802	2008	3.0	1
7440	2008	3.9545454545454546	11
5238	2008	3.8333333333333335	6
5477	2008	3.627659574468085	47
5480	2008	2.176470588235294	34
6616	2008	2.5833333333333335	6
5555	2008	3.2	5
5588	2008	2.8333333333333335	9
5715	2008	2.875	4
5726	2008	2.5	4
5731	2008	3.7	5
5749	2008	3.5	5
5764	2008	3.0	3
5797	2008	2.7857142857142856	14
6304	2008	3.5	1
6602	2008	3.25	4
6748	2008	3.65	10
6803	2008	3.3333333333333335	6
6835	2008	2.7857142857142856	7
6966	2008	2.909090909090909	55
6976	2008	2.875	8
7024	2008	3.264705882352941	17
7029	2008	3.0	7
7202	2008	3.4	5
7492	2008	3.625	4
7561	2008	2.4166666666666665	6
7784	2008	2.6666666666666665	6
5564	2008	2.0294117647058822	17
6040	2008	2.6176470588235294	17
6379	2008	3.125	40
6538	2008	3.3934426229508197	61
7369	2008	2.3378378378378377	37
6008	2008	3.590909090909091	22
6591	2008	3.8157894736842106	38
6695	2008	2.391891891891892	37
5264	2008	2.90625	32
5609	2008	1.984375	32
5628	2008	3.421875	32
5424	2008	2.5	10
6182	2008	2.9166666666666665	6
7085	2008	3.875	4
7109	2008	2.857142857142857	7
5226	2008	3.1363636363636362	11
5237	2008	3.5	14
5107	2008	3.2261904761904763	42
5127	2008	3.108695652173913	23
5187	2008	3.6	10
5224	2008	4.0	15
5357	2008	3.1363636363636362	11
5420	2008	3.009259259259259	54
5440	2008	2.9545454545454546	11
5453	2008	3.375	4
5497	2008	3.375	8
5597	2008	1.875	8
5692	2008	3.6875	8
5786	2008	3.5	1
5803	2008	2.388888888888889	36
5815	2008	2.357142857142857	14
5826	2008	3.2857142857142856	14
5873	2008	3.4	10
5876	2008	3.642857142857143	49
5893	2008	3.25	22
6031	2008	2.8	10
6077	2008	3.2857142857142856	7
6080	2008	1.5	2
6164	2008	2.6666666666666665	6
6168	2008	1.5	3
6185	2008	2.7222222222222223	18
6186	2008	3.125	8
6394	2008	3.6	10
6400	2008	3.5	12
6435	2008	2.4166666666666665	6
6457	2008	3.3636363636363638	11
6459	2008	2.9	5
6497	2008	3.0	3
6506	2008	3.5454545454545454	11
6617	2008	3.6048387096774195	62
6691	2008	3.75	2
6768	2008	3.7580645161290325	31
6777	2008	3.8214285714285716	42
6948	2008	3.6538461538461537	13
6998	2008	3.2222222222222223	9
7010	2008	3.5	10
7017	2008	2.796875	32
7039	2008	3.5	8
7062	2008	3.5	27
7215	2008	3.8958333333333335	48
7309	2008	3.1	5
7312	2008	2.6666666666666665	3
7321	2008	3.2083333333333335	12
7326	2008	2.9166666666666665	6
7376	2008	2.933333333333333	45
7379	2008	2.96875	16
7560	2008	3.8375	40
7723	2008	2.0	2
7725	2008	2.15	10
7787	2008	2.7142857142857144	7
7791	2008	3.2941176470588234	17
5611	2008	2.925925925925926	27
6063	2008	3.575	20
7193	2008	3.0714285714285716	14
5560	2008	3.5625	8
5465	2008	3.78125	16
6672	2008	3.6875	16
5212	2008	2.2	10
5217	2008	2.6666666666666665	3
5482	2008	1.4	5
5556	2008	1.8653846153846154	26
5665	2008	3.2333333333333334	15
6014	2008	2.484848484848485	33
7008	2008	3.6145833333333335	48
7134	2008	3.642857142857143	7
5302	2008	2.6666666666666665	3
5329	2008	3.6666666666666665	33
5395	2008	3.2	5
5859	2008	3.5	11
6238	2008	2.94	25
6301	2008	3.522727272727273	44
6965	2008	3.375	4
6978	2008	3.7857142857142856	21
7236	2008	3.6666666666666665	18
7351	2008	3.4	5
7484	2008	3.6346153846153846	26
7541	2008	3.349056603773585	53
5504	2008	2.3085106382978724	47
6862	2008	3.375	36
6093	2008	3.59375	48
6181	2008	3.8333333333333335	6
5843	2008	2.923076923076923	13
7316	2008	2.159090909090909	22
5137	2008	3.736842105263158	19
6914	2008	3.6666666666666665	3
5198	2008	3.45	10
5752	2008	3.3181818181818183	11
5899	2008	3.727272727272727	33
7195	2008	3.5	9
7566	2008	3.683333333333333	60
5836	2008	3.4615384615384617	13
5662	2008	2.0	3
5577	2008	3.434065934065934	91
7420	2008	2.9482758620689653	29
5570	2008	3.9125	40
5838	2008	4.5	1
6366	2008	2.9166666666666665	6
6540	2008	4.0	3
6876	2008	3.3333333333333335	3
6975	2008	3.9545454545454546	55
5827	2008	2.25	2
6279	2008	3.2142857142857144	14
6471	2008	3.75	2
6486	2008	3.1666666666666665	3
6759	2008	2.3333333333333335	3
6370	2008	3.7890625	64
7773	2008	3.5294117647058822	34
5728	2008	3.25	8
6212	2008	2.72	25
5170	2008	2.5833333333333335	6
5220	2008	2.903225806451613	31
5363	2008	2.7794117647058822	34
5438	2008	3.0357142857142856	14
5513	2008	2.875	8
6122	2008	3.913793103448276	29
6992	2008	3.4615384615384617	13
7354	2008	3.0	14
7448	2008	2.359375	32
5468	2008	3.2	5
5472	2008	3.4375	8
5483	2008	3.5526315789473686	19
7064	2008	3.701923076923077	52
5763	2008	4.0	9
5114	2008	3.9	15
5498	2008	4.151515151515151	33
5825	2008	3.6470588235294117	17
6254	2008	3.8815789473684212	38
6409	2008	3.642857142857143	7
6412	2008	3.25	14
6639	2008	4.108108108108108	37
6852	2008	4.0	36
6920	2008	3.891304347826087	23
6967	2008	3.85	10
6984	2008	3.75	12
7056	2008	3.78	25
7121	2008	3.8125	48
7135	2008	4.038461538461538	26
7216	2008	3.75	18
7706	2008	3.6511627906976742	43
7766	2008	4.222972972972973	74
7834	2008	3.823529411764706	34
5734	2008	2.9375	8
6195	2008	3.1666666666666665	6
5251	2008	3.7	5
5298	2008	3.35	40
7102	2008	2.7954545454545454	22
6487	2008	3.3333333333333335	3
7456	2008	3.5555555555555554	9
7616	2008	3.357142857142857	14
5374	2008	3.0	3
6305	2008	3.6986301369863015	73
6872	2008	1.25	28
7282	2008	1.0	7
7065	2008	3.15625	16
5864	2008	2.642857142857143	7
6624	2008	2.477272727272727	44
6991	2008	2.8529411764705883	17
6892	2008	3.15	10
5932	2008	3.7222222222222223	18
5604	2008	3.8181818181818183	11
5682	2008	3.875	8
5685	2008	3.4210526315789473	19
6335	2008	3.25	16
6858	2008	4.270833333333333	24
7088	2008	4.181818181818182	11
7572	2008	3.7916666666666665	24
7584	2008	3.888888888888889	18
6223	2008	3.5555555555555554	36
7041	2008	2.3	5
6204	2008	2.4	10
5430	2008	5.0	1
5883	2008	3.25	6
6376	2008	3.7	5
6566	2008	2.1818181818181817	33
6958	2008	2.45	20
5753	2008	3.0	3
5104	2008	3.5	4
6146	2008	3.3333333333333335	3
5822	2008	2.625	4
6341	2008	3.4583333333333335	12
7009	2008	3.5526315789473686	19
7138	2008	3.4	5
7177	2008	3.58	25
5195	2008	2.0	2
5898	2008	2.0	3
6022	2008	3.0	10
6255	2008	2.75	2
6257	2008	2.8333333333333335	3
6392	2008	3.1	5
6410	2008	3.25	4
6463	2008	4.25	2
7157	2008	2.2916666666666665	12
7219	2008	3.0	4
7223	2008	3.533333333333333	15
7336	2008	3.3333333333333335	3
5282	2008	3.0277777777777777	18
5387	2008	2.7291666666666665	24
5610	2008	2.230769230769231	13
6326	2008	3.1	5
6795	2008	2.5	4
6800	2008	2.7758620689655173	29
7112	2008	3.0	3
5969	2008	2.4	15
5677	2008	2.5	6
5912	2008	3.6666666666666665	6
6732	2008	4.045454545454546	11
5605	2008	3.35	10
6292	2008	3.5	2
6791	2008	4.129032258064516	31
6197	2008	3.3375	40
7618	2008	3.2837837837837838	37
7306	2008	3.75	8
7300	2008	3.4583333333333335	24
7786	2008	4.166666666666667	18
6270	2008	3.8636363636363638	33
5874	2008	3.026315789473684	19
7782	2008	3.0454545454545454	11
5367	2008	3.6176470588235294	17
5499	2008	3.0	6
5517	2008	3.0	4
6023	2008	4.203125	32
6062	2008	3.71875	32
6273	2008	4.0	18
6581	2008	3.25	14
6720	2008	2.375	4
6724	2008	3.7790697674418605	43
6727	2008	3.0714285714285716	7
7019	2008	2.6666666666666665	6
7126	2008	3.75	8
7155	2008	3.3947368421052633	57
7222	2008	2.230769230769231	13
7389	2008	2.75	2
7486	2008	3.638888888888889	36
7749	2008	3.576923076923077	13
7817	2008	2.4375	16
6551	2008	3.0	5
7026	2008	3.1875	8
7624	2008	3.260869565217391	23
5161	2008	3.3	5
5172	2008	2.9	10
5211	2008	2.8333333333333335	3
5256	2008	3.3	5
5331	2008	2.5	3
5436	2008	3.6	5
5454	2008	2.375	4
5456	2008	1.5	3
5462	2008	2.5	7
5582	2008	2.607142857142857	14
5612	2008	3.25	16
5657	2008	3.3333333333333335	6
5700	2008	1.25	6
5717	2008	3.5	5
5766	2008	2.0	1
5768	2008	3.2	5
5908	2008	2.3	5
5984	2008	3.1666666666666665	3
6010	2008	2.375	4
6066	2008	3.6666666666666665	6
6086	2008	2.5	3
6159	2008	3.7045454545454546	22
6203	2008	3.7	5
6208	2008	2.0	5
6210	2008	2.9375	8
6456	2008	2.5	1
6465	2008	3.25	2
6517	2008	2.7142857142857144	7
6523	2008	2.5	4
6559	2008	3.1818181818181817	22
6610	2008	2.75	4
6625	2008	2.8	5
6642	2008	2.6	5
6646	2008	2.7857142857142856	7
6657	2008	3.0	1
6665	2008	2.8125	8
6736	2008	3.5	1
6746	2008	1.8333333333333333	6
6840	2008	3.8333333333333335	6
6910	2008	3.25	2
7021	2008	2.2	5
7103	2008	3.0	1
7142	2008	2.880952380952381	21
7191	2008	2.3333333333333335	3
7208	2008	3.0	14
7259	2008	2.2037037037037037	27
7262	2008	2.4166666666666665	6
7730	2008	3.6666666666666665	3
7395	2008	3.4038461538461537	26
5994	2008	3.361111111111111	18
5667	2008	3.5217391304347827	23
5118	2008	3.0	10
5410	2008	3.40625	32
5506	2008	3.263157894736842	19
6809	2008	3.25	8
5160	2008	2.6363636363636362	11
6113	2008	3.375	4
5099	2008	2.875	12
5115	2008	3.5	2
5199	2008	3.0	3
5214	2008	3.1923076923076925	13
5232	2008	2.75	2
5234	2008	4.0	2
5250	2008	3.7	10
5336	2008	3.0	1
5437	2008	3.25	2
5493	2008	3.0	4
5568	2008	3.5	10
5638	2008	2.730769230769231	13
5640	2008	2.9	10
5642	2008	3.4444444444444446	9
5644	2008	3.46875	16
5646	2008	3.5714285714285716	14
5650	2008	3.466666666666667	60
5651	2008	3.35	10
5699	2008	3.6666666666666665	3
5707	2008	2.84375	16
5723	2008	3.0	2
5732	2008	3.7222222222222223	9
5765	2008	3.4	5
5801	2008	3.272727272727273	11
5830	2008	3.25	6
5845	2008	3.0	1
5867	2008	3.3076923076923075	13
5924	2008	3.0	1
5928	2008	3.0	3
5941	2008	2.8421052631578947	38
6048	2008	4.0	1
6052	2008	3.0	1
6078	2008	3.340909090909091	22
6087	2008	2.5	2
6149	2008	2.6666666666666665	3
6170	2008	3.453125	32
6180	2008	3.25	4
6232	2008	3.3333333333333335	6
6237	2008	3.7142857142857144	14
6259	2008	3.8333333333333335	3
6289	2008	2.8	5
6386	2008	4.0	1
6391	2008	3.5	1
6398	2008	2.5	3
6401	2008	3.45	10
6405	2008	3.533333333333333	15
6413	2008	2.6666666666666665	3
6422	2008	3.3684210526315788	19
6426	2008	3.142857142857143	7
6428	2008	3.26	25
6436	2008	3.8260869565217392	23
6437	2008	3.625	4
6438	2008	4.0	1
6439	2008	3.6666666666666665	3
6441	2008	3.2666666666666666	15
6446	2008	2.8636363636363638	11
6450	2008	3.6153846153846154	13
6451	2008	3.375	4
6452	2008	3.8333333333333335	12
6458	2008	4.0	5
6462	2008	3.25	4
6469	2008	3.0	3
6470	2008	3.6	10
6478	2008	3.375	8
6498	2008	3.3333333333333335	6
6518	2008	3.0714285714285716	7
6533	2008	3.96875	16
6562	2008	3.75	4
6582	2008	3.2222222222222223	9
6613	2008	3.0	4
6652	2008	3.142857142857143	7
6681	2008	3.5	6
6735	2008	2.9	5
6797	2008	3.3	20
6813	2008	3.4	5
6826	2008	2.875	4
6841	2008	3.25	2
6849	2008	3.6875	8
6850	2008	3.1875	8
6854	2008	3.8333333333333335	3
6900	2008	3.0	5
6974	2008	3.526315789473684	19
6980	2008	4.0	10
6989	2008	3.475	20
7012	2008	3.9	5
7040	2008	3.75	18
7060	2008	3.7419354838709675	31
7104	2008	2.5952380952380953	21
7107	2008	3.8461538461538463	13
7178	2008	3.1666666666666665	18
7205	2008	3.5	5
7212	2008	3.823529411764706	17
7214	2008	2.25	2
7218	2008	3.9047619047619047	21
7239	2008	3.5	1
7279	2008	3.5	1
7341	2008	5.0	1
7374	2008	2.3666666666666667	15
7405	2008	2.8	5
7410	2008	3.6	5
7580	2008	3.5833333333333335	6
7617	2008	3.5416666666666665	12
7638	2008	3.5	1
7702	2008	3.625	12
7714	2008	3.3076923076923075	13
7720	2008	3.4642857142857144	14
7743	2008	3.4565217391304346	23
7762	2008	4.018518518518518	27
7790	2008	3.5555555555555554	9
7792	2008	3.5625	16
7826	2008	3.769230769230769	13
7832	2008	3.65625	16
5341	2008	3.8	20
6271	2008	3.892857142857143	14
7335	2008	3.9375	16
7396	2008	4.080645161290323	31
5145	2008	3.6818181818181817	11
5204	2008	3.0	2
5249	2008	2.0	1
5307	2008	3.25	2
5346	2008	2.9166666666666665	12
5355	2008	3.1666666666666665	3
5359	2008	3.1	5
5516	2008	3.4545454545454546	11
5711	2008	3.75	2
5712	2008	3.6136363636363638	22
5762	2008	3.75	2
5910	2008	4.0	4
5936	2008	4.5	2
5962	2008	2.0	11
5965	2008	3.966666666666667	15
6021	2008	3.6666666666666665	9
6039	2008	2.9444444444444446	9
6107	2008	3.4	5
6108	2008	4.0	1
6109	2008	3.0	2
6121	2008	4.5	2
6176	2008	4.0	4
6184	2008	3.537037037037037	27
6206	2008	4.0	3
6226	2008	3.5833333333333335	6
6332	2008	2.2058823529411766	17
6473	2008	3.5	2
6504	2008	2.0	1
6525	2008	4.25	2
6599	2008	3.2	10
6609	2008	4.136363636363637	11
6671	2008	3.5714285714285716	7
6815	2008	2.9444444444444446	9
6961	2008	3.5	8
6973	2008	2.875	4
7031	2008	2.9	5
7033	2008	3.3529411764705883	17
7038	2008	3.4166666666666665	12
7068	2008	3.789473684210526	19
7095	2008	3.5	3
7307	2008	2.8333333333333335	6
7480	2008	3.3	5
7487	2008	3.4545454545454546	11
7563	2008	3.4285714285714284	7
7626	2008	2.5	4
7716	2008	3.3	5
5818	2008	3.4722222222222223	18
6690	2008	3.375	8
6584	2008	3.4444444444444446	9
7574	2008	4.2	5
6938	2008	2.8333333333333335	3
5841	2008	2.4	20
5303	2008	2.8152173913043477	46
5996	2008	2.75	4
6162	2008	3.3333333333333335	15
7150	2008	2.5714285714285716	49
5324	2008	2.9583333333333335	12
6886	2008	3.4375	16
7057	2008	3.0	13
7276	2008	1.625	4
5600	2008	3.35	10
6338	2008	2.7058823529411766	51
5279	2008	4.0	4
5244	2008	3.7083333333333335	24
6963	2008	3.6875	24
6306	2008	4.0	13
6375	2008	3.8636363636363638	11
7331	2008	3.9285714285714284	7
6344	2008	3.55	40
6163	2008	3.3636363636363638	22
6358	2008	3.8333333333333335	12
6722	2008	3.7777777777777777	18
6723	2008	3.4583333333333335	12
6192	2008	3.576923076923077	13
6772	2008	3.675	20
6442	2008	3.4411764705882355	17
7192	2008	3.5833333333333335	6
5102	2008	2.625	28
5140	2008	2.1666666666666665	6
5141	2008	3.1666666666666665	3
6885	2008	2.625	16
7340	2008	3.3333333333333335	3
5573	2008	2.736842105263158	19
6222	2008	3.0476190476190474	21
7257	2008	2.7	15
7258	2008	2.9130434782608696	23
7366	2008	2.889705882352941	68
7450	2008	3.05	30
6883	2008	3.0357142857142856	14
5616	2008	3.5	1
6655	2008	3.375	4
5824	2008	2.5	4
7521	2008	3.125	8
6236	2008	3.0	3
6983	2008	3.8181818181818183	11
7206	2008	3.9761904761904763	21
7352	2008	3.7777777777777777	18
5352	2008	3.9166666666666665	6
5397	2008	3.142857142857143	7
6183	2008	3.8461538461538463	26
6516	2008	4.0	12
6923	2008	4.0	2
6924	2008	4.0	3
6925	2008	3.875	4
7831	2008	4.0	21
7833	2008	4.0	20
7835	2008	3.4444444444444446	9
5450	2008	3.3333333333333335	9
5670	2008	3.272727272727273	11
6778	2008	4.5	2
6856	2008	3.4705882352941178	17
6935	2008	3.8846153846153846	26
7054	2008	3.2857142857142856	7
7059	2008	3.227272727272727	11
7571	2008	3.25	6
7775	2008	3.3333333333333335	12
7818	2008	3.0714285714285716	7
6075	2008	3.625	4
6356	2008	3.25	12
7820	2008	4.065789473684211	38
5421	2008	3.433333333333333	30
5563	2008	2.90625	16
6285	2008	3.125	4
7165	2008	2.65	10
7418	2008	2.8333333333333335	6
7348	2008	3.5	28
6484	2008	2.5526315789473686	19
5829	2008	2.8	5
6196	2008	2.5689655172413794	29
5678	2008	2.8666666666666667	30
5106	2008	1.7878787878787878	33
6070	2008	3.0	7
5714	2008	3.75	2
5691	2008	3.1	10
5736	2008	3.75	2
5737	2008	3.75	4
5738	2008	3.5	4
5739	2008	2.0714285714285716	7
5740	2008	4.0	2
6348	2008	3.3	5
6464	2008	2.2291666666666665	24
7453	2008	2.1333333333333333	15
6429	2008	3.1818181818181817	11
5423	2008	2.7777777777777777	9
5839	2008	3.8846153846153846	13
5840	2008	3.8333333333333335	15
6368	2008	3.5	17
6751	2008	2.3666666666666667	15
5288	2008	3.8703703703703702	27
5425	2008	3.65	10
6244	2008	4.076923076923077	13
5389	2008	2.9375	16
5689	2008	2.5	5
6002	2008	3.8125	16
6561	2008	3.65	10
5743	2008	2.75	2
5846	2008	1.5	2
7122	2008	4.0	8
7274	2008	2.5	1
5417	2008	3.892857142857143	14
6546	2008	5.0	1
6898	2008	3.59375	16
6118	2008	3.95	10
6126	2008	4.038461538461538	13
6660	2008	3.7	15
7238	2008	3.816666666666667	30
7328	2008	3.6153846153846154	13
7759	2008	4.3	10
5314	2008	3.5833333333333335	6
5484	2008	3.4285714285714284	7
5637	2008	3.9545454545454546	11
5848	2008	3.0	3
5885	2008	4.0	3
6160	2008	4.3	5
6216	2008	3.6041666666666665	24
6295	2008	2.5	1
6382	2008	3.45	10
6545	2008	3.5555555555555554	9
6608	2008	3.0	2
6623	2008	3.0	3
6658	2008	2.65625	16
6678	2008	3.45	10
6699	2008	2.7857142857142856	7
6700	2008	3.1666666666666665	3
6710	2008	3.55	10
6756	2008	2.857142857142857	7
6946	2008	2.738095238095238	21
7020	2008	3.3181818181818183	22
7025	2008	3.6666666666666665	15
7097	2008	3.5	2
7113	2008	2.6666666666666665	6
7229	2008	3.0	4
7297	2008	4.15	20
7645	2008	2.375	4
6119	2008	4.333333333333333	3
7011	2008	3.5	29
5757	2008	2.5	1
6705	2008	3.2045454545454546	22
6801	2008	3.5	5
7383	2008	2.5	4
6918	2008	3.388888888888889	9
5593	2008	2.75	2
5834	2008	3.3333333333333335	3
6842	2008	2.75	4
6919	2008	2.5	1
7071	2008	4.076923076923077	13
5828	2008	3.5	4
7124	2008	3.3181818181818183	11
5426	2008	3.3333333333333335	3
5960	2008	2.75	2
5981	2008	2.9444444444444446	9
6520	2008	3.0	2
7748	2008	3.588235294117647	17
5769	2008	3.625	4
7181	2008	3.625	4
6228	2008	4.071428571428571	14
6970	2008	4.055555555555555	18
7241	2008	4.375	12
7075	2008	3.921875	32
7302	2008	3.7083333333333335	12
6339	2008	3.642857142857143	14
6579	2008	4.1875	8
6668	2008	3.9166666666666665	24
7647	2008	4.0	11
6402	2008	2.5	1
6969	2008	3.875	4
7809	2008	3.09375	16
6200	2008	3.1666666666666665	3
7713	2008	3.7	15
5868	2008	3.2142857142857144	7
6042	2008	3.8333333333333335	3
7055	2008	4.230769230769231	13
5223	2008	3.0	4
5696	2008	3.4166666666666665	6
5820	2008	3.7083333333333335	12
6268	2008	3.5	6
5963	2008	3.7777777777777777	9
5111	2008	2.8666666666666667	15
6248	2008	3.125	4
6425	2008	2.5	7
6572	2008	2.1666666666666665	3
6817	2008	3.6666666666666665	6
7771	2008	3.761904761904762	21
5458	2008	2.3125	16
5165	2008	3.3214285714285716	14
5542	2008	3.0	2
5774	2008	3.5	3
6035	2008	3.9285714285714284	7
6269	2008	3.4722222222222223	18
6395	2008	3.75	4
6638	2008	3.0	6
6804	2008	2.5	4
7114	2008	3.2857142857142856	7
7260	2008	3.4166666666666665	12
7301	2008	4.0	11
7485	2008	4.083333333333333	6
5142	2008	4.0	8
6051	2008	4.5	6
6219	2008	3.0476190476190474	21
6592	2008	3.5	7
7345	2008	2.0238095238095237	21
5649	2008	3.4375	8
6597	2008	3.2	5
6789	2008	2.923076923076923	13
5180	2008	2.9	5
5109	2008	2.8076923076923075	13
5150	2008	3.75	2
6145	2008	3.1666666666666665	3
6577	2008	2.25	8
6627	2008	2.1666666666666665	3
6629	2008	3.45	10
6916	2008	2.8333333333333335	3
7308	2008	3.25	10
7403	2008	2.25	4
6485	2008	1.9583333333333333	12
6481	2008	3.625	4
5112	2008	3.3	5
6949	2008	3.3333333333333335	3
6667	2008	3.7857142857142856	14
7380	2008	3.3529411764705883	51
5434	2008	3.4285714285714284	7
5587	2008	3.0	5
6194	2008	3.2	5
6902	2008	3.975	40
7565	2008	3.5	6
5721	2008	3.6666666666666665	6
6630	2008	3.625	8
7058	2008	3.9166666666666665	6
7211	2008	3.5	7
7255	2008	2.2708333333333335	24
5639	2008	2.6875	8
6703	2008	3.5	9
7197	2008	2.7	5
7310	2008	2.7083333333333335	12
5416	2008	3.25	2
5451	2008	3.0454545454545454	11
5501	2008	2.033333333333333	30
5615	2008	1.625	4
5729	2008	1.3333333333333333	3
6510	2008	3.0	3
6626	2008	2.5	3
7270	2008	4.25	2
5169	2008	3.4	10
5937	2008	3.6666666666666665	6
6351	2008	3.0	3
7442	2008	2.85	10
6775	2008	3.4	5
6907	2008	2.5	3
7050	2008	4.0	5
7619	2008	3.6724137931034484	29
7248	2008	3.0	3
5681	2008	2.6875	8
6607	2008	3.5	2
5260	2008	4.5	1
6725	2008	2.2	10
7253	2008	3.5	2
5188	2008	3.5	1
6037	2008	4.25	2
6148	2008	3.1875	8
7449	2008	2.71875	16
5097	2008	1.75	2
5153	2008	2.5	3
5460	2008	2.423076923076923	13
5413	2008	2.75	2
5653	2008	3.0	13
5998	2008	3.125	4
6505	2008	3.125	4
7614	2008	3.5625	16
5947	2008	3.5714285714285716	7
7179	2008	3.3	5
7753	2008	4.0	7
5949	2008	3.6	15
7459	2008	3.6136363636363638	22
5958	2008	2.0	9
5263	2008	3.6666666666666665	3
7357	2008	3.375	4
5858	2008	3.75	2
7246	2008	3.0	3
7699	2008	2.0	3
5978	2008	3.3333333333333335	6
5143	2008	4.0	1
6511	2008	4.3	5
6573	2008	3.5	4
5635	2008	3.1666666666666665	6
5694	2008	3.0	6
5951	2008	3.25	8
6568	2008	3.1	5
7086	2008	4.266666666666667	15
5208	2008	3.3	5
5802	2008	2.7857142857142856	7
7082	2008	3.423076923076923	13
6172	2008	3.0	2
7621	2008	3.0	2
5412	2008	1.875	4
6329	2008	3.1	15
6714	2008	3.357142857142857	7
6884	2008	3.5	16
5835	2008	3.625	4
7209	2008	3.7666666666666666	15
5725	2008	3.8333333333333335	3
7388	2008	3.5	3
5210	2008	1.8333333333333333	3
5788	2008	3.533333333333333	15
6509	2008	3.4285714285714284	21
7478	2008	3.9375	16
6692	2008	3.7777777777777777	9
5976	2008	3.5	2
6784	2008	3.3333333333333335	3
5280	2008	2.1666666666666665	3
7615	2008	3.4285714285714284	7
5946	2008	3.3333333333333335	3
6869	2008	3.823529411764706	17
5155	2008	2.75	2
5164	2008	2.5	8
5448	2008	1.8571428571428572	7
5808	2008	2.357142857142857	7
6067	2008	3.28125	16
6114	2008	2.5	7
6251	2008	2.5416666666666665	12
6558	2008	2.090909090909091	11
7171	2008	3.78125	16
7408	2008	2.6666666666666665	3
7488	2008	4.333333333333333	3
7311	2008	4.104166666666667	24
6701	2008	3.3	10
6631	2008	2.8333333333333335	3
6761	2008	3.7857142857142856	7
5168	2008	3.1875	8
5372	2008	4.25	4
6201	2008	3.5714285714285716	7
6390	2008	3.6666666666666665	3
6999	2008	2.9444444444444446	9
7053	2008	3.5	5
7080	2008	4.0	8
7375	2008	2.891304347826087	23
5342	2008	3.0	4
6604	2008	3.25	6
5914	2008	4.0625	8
6786	2008	3.6818181818181817	22
5443	2008	1.6875	16
6325	2008	1.5	6
5496	2008	4.5	1
6055	2008	3.0	3
7457	2008	2.5	3
5930	2008	3.5	2
6099	2008	2.5	1
6680	2008	2.9	5
5975	2008	3.625	4
7201	2008	3.5	2
6319	2008	3.0	3
6864	2008	4.1	5
6011	2008	3.0	4
6178	2008	4.25	4
6345	2008	3.0	5
6532	2008	0.5	1
6453	2008	2.8333333333333335	9
6578	2008	3.75	2
6816	2008	3.5833333333333335	12
7168	2008	3.111111111111111	9
6088	2008	2.0	3
6427	2008	3.4	5
5580	2008	3.0	2
6598	2008	3.9615384615384617	13
5780	2008	3.888888888888889	9
7333	2008	4.075	20
6388	2008	3.3333333333333335	3
6536	2008	3.392857142857143	14
5101	2008	3.9166666666666665	6
5287	2008	4.0	2
5340	2008	3.5	2
6466	2008	3.8	5
6612	2008	3.6333333333333333	15
7705	2008	4.277777777777778	9
7186	2008	2.0	1
5619	2008	3.6666666666666665	9
7821	2008	3.5	5
5760	2008	3.0	2
5993	2008	3.2	5
7417	2008	3.357142857142857	7
5557	2008	2.5714285714285716	7
5688	2008	3.5	2
6744	2008	2.6666666666666665	9
6861	2008	3.8333333333333335	3
7623	2008	5.0	1
6968	2008	2.5833333333333335	6
6094	2008	3.875	4
6583	2008	4.0	7
5591	2008	2.5	7
5997	2008	4.0	2
6749	2008	3.142857142857143	7
5427	2008	3.25	4
7051	2008	3.3636363636363638	11
6417	2008	2.4	5
5705	2008	2.433333333333333	15
6308	2008	2.9	5
6779	2008	3.9285714285714284	7
6622	2008	3.5	1
7758	2008	4.0	3
5162	2008	2.5	1
5228	2008	3.0	2
5230	2008	2.875	4
5231	2008	2.75	2
5382	2008	2.966666666666667	15
5392	2008	3.2	5
5396	2008	2.5	4
5399	2008	2.875	4
5406	2008	3.5	1
5708	2008	3.25	2
5709	2008	1.75	2
5964	2008	2.6666666666666665	3
6455	2008	3.625	4
6814	2008	2.25	2
6830	2008	3.5	5
6320	2008	3.0	1
7198	2008	2.625	4
5136	2008	2.8	5
5179	2008	3.625	4
5184	2008	2.5714285714285716	7
5258	2008	3.730769230769231	13
5268	2008	3.25	2
5286	2008	3.0	2
5297	2008	2.875	8
5321	2008	2.625	4
5327	2008	2.25	2
5328	2008	3.1666666666666665	3
5351	2008	3.2	5
5365	2008	3.0	2
5381	2008	2.875	4
5384	2008	3.875	4
5403	2008	2.5	2
5439	2008	2.5	1
5447	2008	3.388888888888889	9
5488	2008	3.5714285714285716	7
5509	2008	2.9	5
5514	2008	2.6666666666666665	3
5531	2008	3.125	4
5535	2008	2.5	2
5575	2008	3.0	2
5599	2008	3.5	6
5636	2008	3.0	11
5641	2008	4.5	1
5656	2008	2.5	1
5674	2008	3.1666666666666665	3
5686	2008	3.7777777777777777	9
5772	2008	4.0	8
5783	2008	3.5714285714285716	7
5787	2008	2.1	5
5806	2008	2.5	1
5953	2008	4.0	4
5982	2008	3.25	2
6004	2008	2.0	2
6009	2008	2.75	2
6017	2008	3.0	4
6061	2008	2.5	1
6161	2008	3.125	4
6230	2008	2.8	10
6262	2008	2.75	2
6267	2008	3.3333333333333335	3
6336	2008	2.5	1
6340	2008	2.5	1
6404	2008	3.0	6
6434	2008	3.5	2
6544	2008	3.0	2
6553	2008	1.5	1
6555	2008	3.3333333333333335	6
6569	2008	2.5	6
6594	2008	2.25	2
6596	2008	2.7916666666666665	12
6641	2008	3.5	9
6673	2008	2.1666666666666665	3
6733	2008	2.8333333333333335	3
6757	2008	3.3333333333333335	3
6855	2008	3.625	4
6859	2008	3.0	3
6940	2008	3.125	4
6956	2008	3.3333333333333335	3
7074	2008	3.8214285714285716	14
7078	2008	3.75	12
7176	2008	3.75	6
7264	2008	3.125	4
7272	2008	3.125	4
7278	2008	2.5	1
7295	2008	3.0	3
7368	2008	2.2142857142857144	7
7385	2008	2.125	8
7443	2008	2.5	2
7461	2008	3.375	4
7490	2008	3.6666666666666665	3
7578	2008	4.0	3
7582	2008	2.5	2
7637	2008	3.75	4
7650	2008	3.3	5
6513	2008	3.25	4
5173	2008	3.0	2
5229	2008	3.0	1
5233	2008	3.75	2
5354	2008	3.25	2
5390	2008	3.5	3
5461	2008	3.1666666666666665	3
5494	2008	4.0	2
5495	2008	2.5	2
5512	2008	2.0	1
5586	2008	3.5	1
5645	2008	2.75	2
5687	2008	3.5	2
5770	2008	2.8333333333333335	3
5861	2008	3.0	1
5875	2008	3.625	4
5906	2008	3.5	1
5986	2008	5.0	2
6018	2008	2.5	1
6057	2008	1.75	8
6069	2008	2.5	1
6190	2008	3.25	2
6191	2008	3.5	3
6207	2008	3.0	3
6258	2008	3.625	4
6272	2008	3.6666666666666665	3
6288	2008	3.3	5
6330	2008	3.0833333333333335	6
6334	2008	3.0	4
6381	2008	2.75	2
6393	2008	3.0	1
6524	2008	3.3	5
6528	2008	3.5	4
6547	2008	4.0625	8
6563	2008	2.4285714285714284	7
6621	2008	3.5	1
6648	2008	2.5	1
6792	2008	2.9	5
6806	2008	3.3333333333333335	3
6837	2008	3.6666666666666665	6
6982	2008	4.75	4
7092	2008	4.0625	8
7130	2008	3.1666666666666665	6
7194	2008	2.875	4
7221	2008	3.8333333333333335	6
7232	2008	3.75	2
7243	2008	3.75	12
7266	2008	4.0	4
7384	2008	3.5	6
7415	2008	3.5	1
7761	2008	4.0	2
5124	2008	3.5	3
5626	2008	3.0	1
6073	2008	2.25	2
6198	2008	3.0	2
6247	2008	3.3	5
7474	2008	4.166666666666667	6
5207	2008	3.5	2
5398	2008	3.5714285714285716	7
5435	2008	3.5	8
5475	2008	3.823529411764706	17
5850	2008	3.0	1
6101	2008	3.9615384615384617	13
6125	2008	2.875	4
7337	2008	3.0	3
5129	2008	2.5	1
5130	2008	3.75	2
5176	2008	2.6666666666666665	3
5326	2008	1.5	3
5407	2008	3.0	1
5411	2008	2.5	1
5511	2008	2.5	6
5551	2008	2.5	2
5554	2008	2.6666666666666665	3
5571	2008	2.3333333333333335	3
5592	2008	2.0	2
5661	2008	2.5	1
5671	2008	3.3333333333333335	3
5713	2008	3.0	1
5746	2008	1.6666666666666667	3
5750	2008	1.5	2
5775	2008	3.5	2
5776	2008	2.75	2
5793	2008	2.0	1
5823	2008	2.6666666666666665	3
5844	2008	3.5	3
5895	2008	3.25	2
5907	2008	3.75	4
5931	2008	3.1666666666666665	3
5967	2008	2.0	1
6046	2008	3.0	1
6097	2008	2.5	2
6142	2008	0.8333333333333334	3
6227	2008	2.5	2
6275	2008	3.5	1
6421	2008	2.6666666666666665	3
6447	2008	2.1666666666666665	3
6490	2008	3.5	1
6507	2008	2.5	1
6570	2008	3.0	1
6589	2008	3.0	1
6605	2008	3.25	2
6637	2008	2.1666666666666665	3
6654	2008	4.0	1
6656	2008	3.25	2
6688	2008	2.75	2
6715	2008	2.0	3
6719	2008	4.0	1
6737	2008	1.8333333333333333	3
6836	2008	2.5	2
6853	2008	1.3333333333333333	3
6878	2008	2.5	1
6901	2008	1.25	2
6908	2008	2.0	4
6972	2008	2.0	2
7100	2008	2.5	2
7140	2008	3.5	1
7187	2008	3.0	1
7225	2008	3.75	4
7227	2008	3.3333333333333335	6
7240	2008	2.5	2
7242	2008	3.25	2
7291	2008	3.5	1
7329	2008	2.5	1
7330	2008	3.5	2
7332	2008	3.0714285714285716	7
7342	2008	3.25	2
7370	2008	3.0	1
7390	2008	2.5	2
7393	2008	2.25	2
7401	2008	2.5	1
7407	2008	3.25	2
7413	2008	2.75	2
7416	2008	3.4166666666666665	6
7441	2008	1.5	1
7446	2008	1.375	4
7455	2008	2.0	3
7479	2008	3.75	4
7483	2008	3.5	1
7648	2008	3.25	2
7813	2008	3.1666666666666665	3
5596	2008	3.25	2
6153	2008	2.388888888888889	9
7047	2008	3.375	4
7133	2008	3.0	1
7314	2008	3.4	5
7217	2008	3.7857142857142856	14
5622	2008	4.333333333333333	3
6173	2008	3.875	4
5623	2008	2.5	1
6419	2008	3.75	4
5404	2008	3.642857142857143	7
5821	2008	2.75	4
5911	2008	3.5	1
5933	2008	2.875	4
7742	2008	3.642857142857143	7
6483	2008	0.7	20
5241	2008	3.4444444444444446	9
7284	2008	3.0	2
7586	2008	3.9166666666666665	6
5243	2008	3.0	1
7108	2008	3.6666666666666665	3
6619	2008	3.375	16
5503	2008	3.9	5
6717	2008	3.6	5
7286	2008	2.375	4
5356	2008	1.1666666666666667	3
7244	2008	1.0	2
5735	2008	2.9166666666666665	6
6314	2008	2.8	5
7093	2008	3.4285714285714284	7
5974	2008	3.8333333333333335	9
6260	2008	3.75	2
7697	2008	2.75	4
6284	2008	0.5	1
5246	2008	3.3636363636363638	11
6730	2008	3.3	5
6926	2008	3.0833333333333335	6
5358	2008	3.5	2
5133	2008	3.0	1
5196	2008	4.0	6
5295	2008	2.5	2
5301	2008	2.0	2
5350	2008	3.0	1
5467	2008	3.0	1
5532	2008	3.8333333333333335	3
5534	2008	3.0	1
5558	2008	2.5	2
5559	2008	3.0	1
5624	2008	3.0	1
5832	2008	2.0	3
5870	2008	3.0	1
5990	2008	2.3333333333333335	6
6012	2008	3.2222222222222223	9
6047	2008	3.5	8
6154	2008	2.125	4
6158	2008	2.375	8
6167	2008	3.0	1
6276	2008	2.5	10
6324	2008	2.75	2
6369	2008	2.5	1
6416	2008	2.9	5
6488	2008	2.9285714285714284	7
6549	2008	2.5555555555555554	9
6554	2008	1.9285714285714286	7
6685	2008	2.0	1
6911	2008	3.6666666666666665	3
6912	2008	3.0	4
6931	2008	3.0	1
7081	2008	3.0	6
7148	2008	2.1666666666666665	3
7261	2008	3.0	8
7315	2008	1.8333333333333333	6
7378	2008	1.9	5
7625	2008	3.0	2
7675	2008	2.5	3
7751	2008	3.0	1
5777	2008	2.5	7
6316	2008	2.2142857142857144	7
7707	2008	2.5	7
6939	2008	3.3125	8
5156	2008	2.8333333333333335	3
5590	2008	3.1	5
7159	2008	4.0	3
7353	2008	2.6666666666666665	3
5663	2008	2.875	8
7152	2008	3.0	1
6955	2008	2.8	5
5584	2008	2.15	10
5181	2008	3.25	2
6026	2008	3.0	1
6110	2008	2.5	1
7203	2008	3.0	3
7639	2008	2.0	1
6387	2008	3.0	3
6651	2008	2.0	2
5369	2008	2.0	1
6135	2008	2.0	1
6171	2008	3.0	1
6527	2008	4.0	2
6822	2008	2.25	2
6848	2008	3.0	1
7703	2008	3.0	2
5521	2008	2.6666666666666665	3
7087	2008	3.576923076923077	13
7585	2008	4.2	5
6233	2008	2.8333333333333335	3
6698	2008	2.0	2
6702	2008	2.111111111111111	9
6994	2008	2.9	5
6875	2008	3.3333333333333335	3
6081	2008	0.5	1
6896	2008	4.333333333333333	6
5362	2008	3.0	2
5880	2008	3.4166666666666665	6
5983	2008	2.7	5
5585	2008	2.75	16
5428	2008	0.5	2
7015	2008	3.4	5
7252	2008	1.5	1
6430	2008	3.5	2
6318	2008	2.8333333333333335	3
7032	2008	3.5	2
5767	2008	3.611111111111111	9
6091	2008	3.5	5
6217	2008	3.0	4
6871	2008	3.25	2
6265	2008	2.607142857142857	14
6716	2008	4.0	1
7119	2008	4.125	4
5492	2008	3.0	1
6072	2008	3.5833333333333335	6
6116	2008	3.0	2
7110	2008	2.5	1
6225	2008	1.5	3
6307	2008	3.0	1
6812	2008	2.888888888888889	9
7049	2008	3.8	5
7477	2008	3.25	2
5166	2008	4.0	1
5966	2008	2.6666666666666665	3
6020	2008	3.75	4
6245	2008	3.6	5
6928	2008	4.0	1
7061	2008	3.8333333333333335	6
7182	2008	4.166666666666667	3
6762	2008	3.3333333333333335	3
6805	2008	3.75	2
7014	2008	2.25	4
5332	2008	4.5	1
6769	2008	3.5	4
5771	2008	3.75	2
6500	2008	2.75	2
6327	2008	3.0	8
6139	2008	2.0	1
5138	2008	2.0	1
5305	2008	2.7	5
5985	2008	3.125	4
6315	2008	3.0	2
6557	2008	1.6	5
6740	2008	2.0	1
7338	2008	3.5	6
5948	2008	3.25	2
7322	2008	2.5	1
5201	2008	2.25	4
5720	2008	3.25	2
6025	2008	2.5833333333333335	6
7131	2008	3.5	1
7136	2008	3.857142857142857	7
5487	2008	3.0	1
5239	2008	3.5	2
5889	2008	4.5	2
6689	2008	2.75	2
5710	2008	2.9	5
5629	2008	3.5	8
7141	2008	3.3333333333333335	12
5285	2008	3.3333333333333335	3
6782	2008	3.9166666666666665	6
5648	2008	2.7777777777777777	9
5744	2008	4.0	1
6033	2008	3.3333333333333335	3
5368	2008	4.166666666666667	6
5754	2008	2.75	2
5660	2008	4.0	4
7128	2008	3.1666666666666665	6
6684	2008	3.75	6
5236	2008	3.5	3
6241	2008	4.1	5
6644	2008	3.5	3
6479	2008	2.0	1
7066	2008	3.0	6
6600	2008	3.75	2
7620	2008	3.5	8
5862	2008	2.25	2
5855	2008	2.5	2
7118	2008	3.7777777777777777	9
5561	2008	3.3333333333333335	3
6396	2008	3.0	1
6741	2008	4.166666666666667	3
7636	2008	3.25	4
6921	2008	4.0	3
5913	2008	3.5	2
5284	2008	4.5	2
7185	2008	2.75	2
7199	2008	3.423076923076923	13
5431	2008	3.0	1
7523	2008	2.8333333333333335	3
6531	2008	3.1666666666666665	3
5275	2008	2.8333333333333335	3
6115	2008	3.1666666666666665	3
6683	2008	3.75	8
7281	2008	2.25	2
5675	2008	2.0	6
6092	2008	2.6666666666666665	3
5227	2008	3.75	2
6781	2008	3.0	1
6024	2008	3.1	5
5221	2008	3.8333333333333335	3
5546	2008	1.1666666666666667	3
5601	2008	3.5	5
7184	2008	3.5	1
6728	2008	3.5	3
6712	2008	2.0	1
5631	2008	3.5	1
7491	2008	3.125	4
6480	2008	3.75	4
5979	2008	4.0	1
6120	2008	2.6666666666666665	3
6601	2008	4.0	1
7770	2008	3.0714285714285716	7
5290	2008	3.75	2
6844	2008	2.0	1
6064	2008	3.625	4
5598	2008	2.625	4
5896	2008	2.8333333333333335	3
6930	2008	0.5	1
5552	2008	4.0	1
5891	2008	3.2	5
5116	2008	3.75	2
6144	2008	3.75	2
6179	2008	3.5	2
6704	2008	4.375	4
5654	2008	3.0	2
5789	2008	2.0	4
5122	2008	3.5	6
5375	2008	3.642857142857143	7
7200	2008	3.75	2
5722	2008	3.5	1
6432	2008	3.5	1
5473	2008	3.5	2
7267	2008	4.0	1
6134	2008	2.5	2
5163	2008	2.5	1
6406	2008	3.0	3
5361	2008	3.0	6
7189	2008	1.5	2
5337	2008	2.3333333333333335	3
6133	2008	4.0	2
7237	2008	2.0	1
7763	2008	4.0	4
6234	2008	3.8	5
6682	2008	4.5	3
6515	2008	3.75	2
5192	2008	3.125	4
5466	2008	3.5	2
5215	2008	3.0	2
5433	2008	3.25	4
5926	2008	3.0	1
6143	2008	2.8	5
7359	2008	3.0	1
5929	2008	2.25	2
5987	2008	3.5	1
7094	2008	3.25	2
5779	2008	1.1666666666666667	3
7125	2008	2.875	4
6147	2008	3.0	1
5701	2008	2.75	2
6696	2008	3.5	1
6839	2008	3.0833333333333335	6
5376	2008	2.0	1
5863	2008	3.0	1
6044	2008	2.5	2
6076	2008	3.75	2
6174	2008	3.0	1
6240	2008	3.1666666666666665	3
6575	2008	2.75	2
6718	2008	3.125	4
6834	2008	3.5	2
7220	2008	2.6666666666666665	3
7313	2008	2.8333333333333335	3
7402	2008	3.0	1
6962	2008	2.6666666666666665	3
5158	2008	4.5	1
5510	2008	2.5	2
5759	2008	3.25	2
6328	2008	3.0	1
6068	2008	3.25	2
5916	2008	4.0	4
5370	2008	2.0	1
5940	2008	3.25	2
7287	2008	2.0	1
7304	2008	3.875	4
7392	2008	3.0	1
6472	2008	3.0	1
6508	2008	3.6	5
6105	2008	3.0	3
7343	2008	5.0	1
6676	2008	4.0	2
7196	2008	2.0	2
5589	2008	3.5	3
6475	2008	2.75	4
5842	2008	2.0	2
5311	2008	2.5	1
5235	2008	3.7	5
5240	2008	3.5	2
5409	2008	4.0	1
5935	2008	3.75	2
7006	2008	3.0	2
6231	2008	3.75	2
5270	2008	2.0	1
5347	2008	1.5	1
6585	2008	2.5	1
7409	2008	2.5	1
7724	2008	2.0	2
5652	2008	1.5	1
5538	2008	2.2	10
5539	2008	2.1666666666666665	3
7174	2008	2.0	1
7814	2008	4.0	2
5202	2008	4.5	2
6917	2008	4.0	1
5919	2008	3.25	2
6019	2008	2.25	2
5386	2008	0.5	1
5519	2008	2.625	4
5549	2008	2.75	2
5562	2008	0.5	1
5860	2008	0.5	1
6029	2008	3.0	2
6414	2008	3.5	1
6905	2008	1.0	3
7298	2008	1.5	2
5543	2008	2.25	2
6866	2008	3.5	1
6049	2008	3.75	2
5745	2008	3.75	2
6397	2008	2.25	2
5289	2008	4.0	1
5773	2008	3.25	2
5189	2008	3.0	2
6606	2008	1.0	1
6964	2008	2.75	2
6860	2008	4.0	1
6102	2008	2.5	1
5698	2008	3.5	1
5178	2008	0.5	1
6065	2008	2.6666666666666665	3
6649	2008	2.6666666666666665	3
5751	2008	4.0	1
6529	2008	3.5	2
5182	2008	4.5	1
6349	2008	3.5	2
6477	2008	3.8333333333333335	3
7398	2008	3.75	2
5205	2008	5.0	1
6106	2008	3.5	1
6229	2008	4.5	2
5634	2008	2.0	1
5869	2008	3.1666666666666665	3
6474	2008	3.0	1
5730	2008	0.5	1
6224	2008	4.0	1
7052	2008	2.5	2
5719	2008	3.0	1
5961	2008	2.75	2
6128	2008	3.0	1
6311	2008	2.4	5
6833	2008	4.0	2
7250	2008	4.5	2
5486	2008	3.5	4
6752	2008	2.25	4
6082	2008	5.0	1
5457	2008	4.0	1
6127	2008	2.0	1
5144	2008	4.0	1
6246	2008	3.1666666666666665	3
7105	2008	4.0	1
7397	2008	3.25	2
6403	2008	3.5	2
6824	2008	3.0	1
7188	2008	2.5	1
7568	2008	3.5	1
5897	2008	1.5	1
5306	2008	1.1666666666666667	3
5837	2008	1.5	1
6960	2008	4.0	1
6045	2008	5.0	1
7768	2008	3.5	2
5157	2008	3.0	1
5203	2008	2.75	2
5581	2008	5.0	1
7411	2008	2.5	1
5394	2008	2.75	2
6895	2008	3.0	1
5884	2008	2.5	1
5550	2008	2.0	1
6028	2008	2.0	1
6030	2008	2.0	1
6034	2008	2.0	1
6138	2008	4.0	1
6492	2008	2.5	1
5706	2008	0.5	1
5813	2008	3.0	2
7106	2008	4.5	1
5335	2008	3.25	2
6111	2008	4.0	1
6522	2008	4.333333333333333	3
7077	2008	3.7	5
6169	2008	3.0	1
5811	2008	4.0	1
6261	2008	3.0	1
6352	2008	2.25	2
6747	2008	3.0	1
5756	2008	3.0	1
5123	2008	4.0	1
5491	2008	3.0	1
5800	2008	2.625	4
5923	2008	4.25	2
6278	2008	4.25	2
6449	2008	3.5	2
7111	2008	4.25	2
6000	2008	5.0	1
6499	2008	3.875	4
7288	2008	3.75	2
5922	2008	1.5	1
5781	2008	5.0	1
6036	2008	3.25	2
5131	2008	3.0	1
6897	2008	2.5	2
6738	2008	3.0	1
6937	2008	2.5	1
5113	2008	0.5	1
5920	2008	0.5	1
6346	2008	0.5	1
6355	2008	4.0	1
6661	2008	3.0	1
6347	2008	3.75	2
6494	2008	4.5	1
5345	2008	2.5	1
5360	2008	2.5	1
6137	2008	2.5	1
6309	2008	3.5	2
6313	2008	3.0	1
6423	2008	3.0	1
6476	2008	3.5	1
6819	2008	2.5	1
6829	2008	2.0	1
7251	2008	3.0	1
7268	2008	3.0	1
7400	2008	3.0	1
7280	2008	1.75	2
6293	2008	3.5	1
5126	2008	0.5	1
6556	2008	5.0	1
7754	2008	2.5	1
6053	2008	2.75	2
6877	2008	3.5	1
5117	2008	4.0	1
6084	2008	3.0	1
5213	2008	4.0	2
6141	2008	3.0	1
5567	2008	1.0	1
6739	2008	2.5	1
5703	2008	3.5	1
5927	2008	3.5	1
5278	2008	3.0	1
5338	2008	3.5	1
6038	2008	2.5	1
6634	2008	2.0	1
7275	2008	1.5	2
7305	2008	3.0	1
5973	2008	3.5	1
7180	2008	0.5	1
6694	2008	4.0	1
6083	2008	3.0	1
5366	2008	1.5	1
5193	2008	4.5	1
7727	2008	3.5	1