48385	2008	3.537440758293839	1055
48394	2008	4.066906474820144	1390
49272	2008	3.8718626155878466	1514
54286	2008	3.962857142857143	1750
47200	2008	3.539473684210526	190
49651	2008	3.387218045112782	133
54272	2008	3.5701107011070112	1084
54775	2008	3.1197916666666665	96
8132	2008	4.057584269662922	356
8208	2008	3.7083333333333335	12
8464	2008	3.522482014388489	556
8781	2008	3.2398373983739837	123
25777	2008	4.108695652173913	23
25856	2008	3.6578947368421053	19
25996	2008	3.8333333333333335	12
26116	2008	3.433333333333333	15
26491	2008	3.71875	16
31617	2008	3.2666666666666666	15
32598	2008	3.1721311475409837	61
33237	2008	3.7142857142857144	7
34437	2008	3.591743119266055	218
36517	2008	3.7314814814814814	270
39292	2008	3.71280276816609	289
39419	2008	3.090909090909091	22
40583	2008	3.488593155893536	263
44694	2008	3.878205128205128	234
45730	2008	2.9119718309859155	142
45950	2008	3.6496913580246915	324
46578	2008	3.954063604240283	1415
47610	2008	3.7531468531468533	715
49932	2008	3.67816091954023	87
50064	2008	2.943396226415094	53
53322	2008	3.4374009508716323	631
8228	2008	3.9813432835820897	134
8491	2008	3.9302325581395348	43
8783	2008	3.2996941896024463	327
8784	2008	3.7632293080054273	737
48516	2008	4.111876075731497	1743
48738	2008	3.9181654676258995	556
50068	2008	3.7904191616766467	334
53123	2008	4.021621621621621	370
53956	2008	3.667315175097276	257
54190	2008	3.6325088339222615	283
8360	2008	3.4545454545454546	1188
8376	2008	3.3292910447761193	536
8866	2008	3.2625	80
8961	2008	3.854089219330855	1614
8969	2008	3.036764705882353	136
8970	2008	3.7655310621242486	499
30793	2008	3.2865412445730824	691
31658	2008	4.039194915254237	472
31685	2008	3.408682634730539	334
33004	2008	3.3321033210332103	542
33615	2008	3.364912280701754	285
34048	2008	3.07398753894081	642
39231	2008	3.088888888888889	90
40278	2008	3.446360153256705	261
41566	2008	3.3878787878787877	660
41569	2008	3.2821612349914235	583
41571	2008	3.6324324324324326	185
42015	2008	3.138888888888889	36
44022	2008	3.3401639344262297	244
44191	2008	3.873876986869385	1447
44195	2008	3.879694835680751	852
46723	2008	3.735831809872029	547
46976	2008	3.8405889884763122	781
48082	2008	3.806772908366534	251
48322	2008	3.086206896551724	116
48774	2008	3.887809187279152	1132
48780	2008	3.9918032786885247	1281
49957	2008	3.511904761904762	42
52458	2008	3.3542713567839195	199
52694	2008	2.82183908045977	87
52722	2008	3.027684563758389	596
52973	2008	3.620567375886525	846
53121	2008	3.0965732087227416	321
53996	2008	3.424969987995198	833
54259	2008	3.847347994825356	773
54503	2008	3.7629928315412187	1116
54796	2008	3.3676470588235294	136
54999	2008	3.2779369627507164	349
38798	2008	3.34375	96
42728	2008	3.522222222222222	45
46335	2008	2.799145299145299	117
47382	2008	3.3389830508474576	59
49286	2008	3.5027173913043477	184
49530	2008	3.8930669800235016	851
51834	2008	3.4022988505747125	87
52604	2008	3.6934782608695653	230
34405	2008	4.028192371475954	603
45720	2008	3.350467289719626	321
50601	2008	3.411184210526316	152
33493	2008	3.3799126637554586	1145
40815	2008	3.5796296296296295	810
45722	2008	3.407356948228883	1101
51662	2008	3.684173669467787	1428
8622	2008	3.5118181818181817	550
35836	2008	3.5610599078341014	868
36529	2008	3.8582089552238807	536
51255	2008	3.8244837758112094	1017
51935	2008	3.547528517110266	263
54648	2008	2.79	150
8972	2008	3.4361702127659575	470
27611	2008	4.054838709677419	155
27706	2008	3.373015873015873	252
43560	2008	3.340909090909091	66
8368	2008	3.6230853391684903	914
8636	2008	3.3749022673964033	1279
8665	2008	3.908236347358997	1117
8874	2008	3.9210239651416123	918
25940	2008	3.6666666666666665	30
26064	2008	3.7333333333333334	15
26163	2008	4.0	37
27391	2008	3.8055555555555554	18
27773	2008	4.1778455284552845	492
30707	2008	3.860207100591716	676
32387	2008	3.619047619047619	21
32587	2008	3.9465428937259923	1562
33166	2008	3.918390804597701	870
33564	2008	3.642857142857143	28
33794	2008	4.003038674033149	1810
34162	2008	3.4251851851851853	675
38304	2008	4.134020618556701	97
39183	2008	3.6523364485981307	535
40819	2008	3.816806722689076	595
45499	2008	3.412981455064194	701
54881	2008	3.78475935828877	374
31594	2008	3.5	2
32460	2008	3.9571428571428573	35
8495	2008	3.6052631578947367	19
8930	2008	3.9318181818181817	22
25750	2008	4.297297297297297	37
27005	2008	3.7238805970149254	67
27721	2008	3.8333333333333335	144
31770	2008	4.0	14
32029	2008	3.3376623376623376	77
32596	2008	3.04320987654321	81
32770	2008	3.411764705882353	17
40412	2008	3.8981481481481484	54
40870	2008	3.871794871794872	78
42418	2008	3.6044776119402986	67
44849	2008	3.5194805194805197	77
47894	2008	3.67816091954023	87
48304	2008	3.6296296296296298	324
48696	2008	3.722560975609756	164
49278	2008	3.5401785714285716	336
49961	2008	3.859154929577465	142
50872	2008	3.927144970414201	1352
51007	2008	3.6025641025641026	39
51540	2008	3.662350597609562	502
52042	2008	3.8214285714285716	140
52328	2008	3.491094147582697	393
52579	2008	3.55859375	128
52885	2008	3.769662921348315	178
53189	2008	3.4361702127659575	94
53460	2008	3.51	100
53519	2008	3.5796019900497513	603
53972	2008	3.65282131661442	638
54736	2008	3.5821917808219177	365
54995	2008	3.7338709677419355	558
54997	2008	3.7883435582822087	978
8012	2008	3.810344827586207	29
8117	2008	3.5217391304347827	23
8199	2008	4.103448275862069	29
8370	2008	3.786324786324786	117
8484	2008	3.75	6
25995	2008	4.111111111111111	18
26005	2008	3.7	10
26012	2008	4.045454545454546	11
26082	2008	4.22972972972973	37
26122	2008	3.8684210526315788	19
26662	2008	3.8186274509803924	204
27592	2008	3.731132075471698	106
27741	2008	3.839622641509434	53
32892	2008	4.081081081081081	37
33896	2008	3.671875	32
38038	2008	3.7115384615384617	364
42725	2008	3.778947368421053	95
44555	2008	4.291530944625407	614
8641	2008	3.524390243902439	369
8798	2008	3.63671875	512
8873	2008	3.909090909090909	297
8950	2008	3.8681592039800994	402
41997	2008	3.627212389380531	452
46970	2008	3.0786290322580645	248
8974	2008	3.075	60
45501	2008	2.9954128440366974	109
45672	2008	3.1262626262626263	198
27604	2008	3.4444444444444446	27
34648	2008	2.25	2
52950	2008	3.3642857142857143	140
54270	2008	1.8333333333333333	30
8010	2008	3.761904761904762	21
33660	2008	3.8959899749373434	399
8607	2008	3.8297872340425534	47
8807	2008	3.53125	304
8827	2008	3.9338235294117645	68
8934	2008	2.2142857142857144	7
26558	2008	3.0	14
27660	2008	3.689801699716714	353
27904	2008	3.6201657458563536	362
30749	2008	4.021907216494846	776
36708	2008	3.6624365482233503	197
37729	2008	3.654627539503386	443
43919	2008	1.4602272727272727	88
45431	2008	3.3300492610837438	203
45517	2008	3.498898678414097	454
45728	2008	3.674342105263158	304
46530	2008	3.032981530343008	379
46965	2008	2.6906077348066297	181
48982	2008	3.553435114503817	131
50798	2008	1.4426229508196722	122
51939	2008	2.9814814814814814	81
52462	2008	3.2596153846153846	52
25752	2008	3.7666666666666666	15
25945	2008	3.6363636363636362	11
49822	2008	3.4214659685863875	191
52967	2008	3.827731092436975	119
31162	2008	3.357142857142857	21
31694	2008	3.1904761904761907	42
37741	2008	3.663157894736842	285
53993	2008	2.7672811059907834	217
8640	2008	3.1206896551724137	116
8949	2008	3.6185258964143427	502
8981	2008	3.816666666666667	240
8983	2008	3.7527777777777778	360
27803	2008	3.936936936936937	111
31359	2008	3.7115384615384617	26
40629	2008	3.7864963503649633	274
41285	2008	3.7010135135135136	296
44199	2008	3.9357142857142855	560
51884	2008	3.716867469879518	83
52448	2008	3.2976190476190474	42
54001	2008	3.5834386852085967	791
27255	2008	3.789473684210526	19
27822	2008	2.5588235294117645	34
8937	2008	3.54	75
34321	2008	2.475	20
34332	2008	3.2739726027397262	73
53894	2008	3.8503937007874014	381
39446	2008	3.1574074074074074	270
40732	2008	3.4491017964071857	167
45081	2008	3.114678899082569	109
53000	2008	3.3774403470715835	461
53953	2008	3.1734317343173433	271
7841	2008	3.6953125	64
8361	2008	3.037444933920705	454
8371	2008	3.2543103448275863	232
8529	2008	3.583743842364532	406
8644	2008	3.463490099009901	808
8810	2008	2.6666666666666665	285
8861	2008	3.145320197044335	203
8917	2008	3.526992287917738	389
8985	2008	3.057894736842105	190
27728	2008	3.581730769230769	104
31696	2008	3.332894736842105	380
33679	2008	3.2697262479871174	621
33781	2008	2.5833333333333335	6
36401	2008	2.933526011560694	173
37386	2008	2.984042553191489	188
38061	2008	3.854330708661417	508
42738	2008	3.2337662337662336	154
45186	2008	3.2754385964912283	285
50354	2008	2.8333333333333335	3
52281	2008	3.702181208053691	596
30803	2008	4.028225806451613	124
31437	2008	3.9204545454545454	44
7937	2008	4.0	33
26776	2008	3.937984496124031	129
27416	2008	3.703125	32
31184	2008	3.5344827586206895	58
31804	2008	3.4846153846153847	130
52287	2008	3.4057377049180326	122
7980	2008	3.8333333333333335	72
8528	2008	3.337378640776699	412
8666	2008	1.880952380952381	105
8865	2008	3.0802139037433154	187
8907	2008	2.946280991735537	121
8947	2008	2.7536764705882355	136
8984	2008	3.274736842105263	475
27831	2008	3.8468992248062017	258
27839	2008	2.614864864864865	74
30810	2008	3.6066838046272496	389
30822	2008	3.252688172043011	93
30825	2008	3.096317280453258	353
31221	2008	2.4427083333333335	96
31420	2008	3.1013513513513513	74
32019	2008	2.887323943661972	71
32031	2008	3.22	125
33085	2008	3.1029411764705883	68
33162	2008	3.4281767955801103	181
33437	2008	3.438888888888889	90
34150	2008	2.861516034985423	343
34319	2008	3.426253687315634	339
34534	2008	3.603448275862069	58
35957	2008	3.1	60
36525	2008	3.4887640449438204	89
36527	2008	3.475	60
36535	2008	3.9087837837837838	148
37384	2008	3.373134328358209	67
37475	2008	3.4615384615384617	26
37731	2008	3.8609022556390977	133
40581	2008	3.1702127659574466	47
44004	2008	2.9464285714285716	84
44665	2008	3.8943768996960486	658
45447	2008	3.036870503597122	556
45666	2008	2.6454545454545455	110
45726	2008	2.7806122448979593	98
46972	2008	2.9942748091603053	262
47997	2008	3.2606635071090047	211
48043	2008	3.7016393442622952	305
49130	2008	3.45	60
49396	2008	3.2661290322580645	124
49649	2008	2.6423076923076922	130
50794	2008	3.046783625730994	171
51091	2008	3.518796992481203	133
51575	2008	2.662280701754386	114
53125	2008	3.297650130548303	766
53318	2008	3.6818181818181817	121
54004	2008	2.9578313253012047	166
54281	2008	3.4767441860465116	172
8014	2008	4.176691729323308	133
8024	2008	3.6666666666666665	3
8254	2008	3.7358490566037736	53
8373	2008	2.730769230769231	78
8530	2008	3.9206349206349205	63
8533	2008	3.7386759581881535	287
8813	2008	3.125	16
8833	2008	3.1176470588235294	17
8836	2008	3.227272727272727	33
8868	2008	2.9444444444444446	9
8869	2008	2.611111111111111	18
8910	2008	3.61353711790393	229
8915	2008	3.825	20
8916	2008	3.230769230769231	39
8919	2008	2.8636363636363638	11
8948	2008	3.216666666666667	60
8951	2008	3.7282608695652173	46
8958	2008	3.7912280701754386	285
8973	2008	3.7890625	128
9010	2008	4.0	48
26680	2008	3.075	60
27815	2008	3.9166666666666665	78
27821	2008	3.237623762376238	101
27851	2008	3.4444444444444446	9
30812	2008	3.5527704485488125	379
30850	2008	3.6666666666666665	33
30898	2008	3.35	30
31114	2008	3.6363636363636362	22
31433	2008	2.892857142857143	28
31952	2008	3.8076923076923075	39
32025	2008	3.6333333333333333	15
32291	2008	3.3152173913043477	46
32584	2008	3.0526315789473686	19
33145	2008	3.725806451612903	31
33669	2008	3.6293103448275863	58
33880	2008	3.85	90
34336	2008	3.1964285714285716	56
34523	2008	3.3902439024390243	41
34528	2008	3.603448275862069	58
36537	2008	3.372549019607843	51
37733	2008	3.638805970149254	335
38499	2008	3.825	80
39234	2008	3.6037735849056602	53
39427	2008	3.639705882352941	68
39435	2008	3.164285714285714	70
39449	2008	3.1511627906976742	43
40414	2008	3.5714285714285716	42
40955	2008	3.6923076923076925	39
40966	2008	3.2049180327868854	61
41025	2008	3.325	20
41573	2008	3.323529411764706	68
41863	2008	3.739130434782609	69
42004	2008	3.6227272727272726	110
42007	2008	3.141025641025641	39
42021	2008	3.0625	8
43744	2008	3.173076923076923	26
44161	2008	2.5	5
44761	2008	3.8825301204819276	166
44864	2008	3.109375	32
44929	2008	3.521276595744681	47
45668	2008	3.4453781512605044	119
45732	2008	2.6313131313131315	99
45880	2008	3.274774774774775	111
46967	2008	3.3693181818181817	88
47202	2008	3.727272727272727	66
47423	2008	3.7285714285714286	105
47970	2008	3.163793103448276	58
48142	2008	2.857142857142857	77
48262	2008	3.7346938775510203	49
48412	2008	3.782258064516129	62
48744	2008	3.5121951219512195	82
48783	2008	3.515748031496063	127
49772	2008	3.790909090909091	110
50162	2008	3.1470588235294117	17
50442	2008	3.210526315789474	95
50514	2008	3.8055555555555554	90
50685	2008	3.551219512195122	205
50802	2008	2.625	56
51084	2008	3.1710526315789473	152
52241	2008	3.487704918032787	122
52668	2008	3.388888888888889	54
52975	2008	3.5375	200
53550	2008	3.6128472222222223	288
53988	2008	3.140625	32
54745	2008	3.517699115044248	113
54780	2008	2.8860759493670884	79
8327	2008	3.683333333333333	30
26150	2008	3.9655172413793105	58
26578	2008	3.96875	16
8604	2008	3.5267857142857144	56
33903	2008	3.747191011235955	89
34143	2008	2.938775510204082	49
45928	2008	3.853932584269663	89
7938	2008	3.8970588235294117	34
7939	2008	4.134615384615385	26
8042	2008	3.938888888888889	90
8125	2008	4.125	32
8154	2008	3.965909090909091	88
8188	2008	4.053571428571429	28
8195	2008	3.8333333333333335	42
8239	2008	4.015151515151516	33
8341	2008	3.1923076923076925	26
8477	2008	4.086956521739131	46
8609	2008	3.861111111111111	18
8620	2008	3.9166666666666665	30
25753	2008	3.6333333333333333	15
25766	2008	3.875	12
25769	2008	3.9565217391304346	23
25805	2008	3.911764705882353	17
25923	2008	3.6875	40
25927	2008	3.857142857142857	14
25963	2008	4.083333333333333	30
26002	2008	3.7	10
26052	2008	3.8	25
26111	2008	3.8492063492063493	63
26151	2008	3.625	24
30701	2008	3.75	12
32179	2008	3.892857142857143	28
34542	2008	3.843220338983051	118
46948	2008	3.336734693877551	98
26865	2008	3.8421052631578947	38
27801	2008	3.6122448979591835	98
31225	2008	3.6041666666666665	72
31878	2008	3.7044025157232703	318
34072	2008	3.6986899563318776	229
34271	2008	3.769230769230769	52
43708	2008	3.4696969696969697	33
43936	2008	3.2712418300653594	153
46322	2008	3.7796610169491527	118
47099	2008	3.8284671532846715	411
47518	2008	3.2777777777777777	108
47640	2008	3.2096774193548385	93
47644	2008	3.521276595744681	94
49910	2008	3.5963855421686746	83
51080	2008	3.619565217391304	184
52245	2008	3.1666666666666665	252
53207	2008	2.8614864864864864	148
54612	2008	3.3333333333333335	27
8131	2008	3.7714285714285714	70
27808	2008	3.2890625	128
44709	2008	3.625	84
48741	2008	3.6048387096774195	62
7934	2008	3.939655172413793	58
7979	2008	3.9444444444444446	18
8531	2008	2.3045977011494254	87
8860	2008	2.952054794520548	73
8906	2008	3.161764705882353	34
8957	2008	3.4577464788732395	497
8966	2008	3.403361344537815	119
26148	2008	3.375	16
31445	2008	2.90625	16
33164	2008	2.4649122807017543	57
34323	2008	3.1557377049180326	61
34338	2008	3.2329545454545454	88
37720	2008	3.0842696629213484	89
38600	2008	3.3076923076923075	26
40946	2008	3.3076923076923075	26
42723	2008	2.825	160
43871	2008	3.0106382978723403	47
44397	2008	2.942528735632184	87
44788	2008	3.7567567567567566	111
44974	2008	3.7219512195121953	205
45635	2008	3.2794117647058822	34
46347	2008	3.7	45
47937	2008	3.1845238095238093	84
48416	2008	2.891891891891892	37
48520	2008	2.9915254237288136	59
48877	2008	2.9680851063829787	188
49347	2008	3.076923076923077	65
50804	2008	3.1302083333333335	96
50851	2008	3.9	95
53129	2008	3.8037974683544302	237
53435	2008	2.7564102564102564	78
53464	2008	2.80078125	256
53468	2008	3.4935897435897436	78
54785	2008	3.043956043956044	91
25850	2008	3.803921568627451	51
25868	2008	4.166666666666667	18
32853	2008	3.973684210526316	19
27731	2008	3.580357142857143	56
39444	2008	3.2719298245614037	114
51931	2008	3.5942028985507246	138
8700	2008	3.25	10
33499	2008	2.763157894736842	38
54276	2008	3.204081632653061	98
8340	2008	3.8301282051282053	156
8623	2008	3.3737373737373737	99
27513	2008	3.4615384615384617	13
47044	2008	2.9523809523809526	126
33158	2008	2.3353658536585367	82
8366	2008	3.754166666666667	120
8782	2008	2.8	20
32296	2008	2.5106382978723403	47
37727	2008	3.094736842105263	95
47830	2008	3.32	25
48560	2008	2.7735849056603774	53
52717	2008	2.9693877551020407	49
54094	2008	3.3875	40
8687	2008	3.1	5
8722	2008	2.125	4
8825	2008	2.1875	8
8891	2008	2.5714285714285716	7
8967	2008	2.15625	16
26686	2008	2.25	12
27618	2008	2.0833333333333335	18
31083	2008	2.25	2
31424	2008	1.5119047619047619	42
31553	2008	2.46875	16
31724	2008	3.0	8
32627	2008	2.25	6
42721	2008	1.5119047619047619	42
43926	2008	2.875	4
45852	2008	2.861111111111111	18
50149	2008	1.7916666666666667	12
50440	2008	2.227272727272727	11
50806	2008	1.9285714285714286	63
7842	2008	3.6648936170212765	94
7925	2008	4.008928571428571	56
8138	2008	0.5	2
8207	2008	3.9157894736842107	95
8633	2008	3.5786516853932584	89
8690	2008	3.625	32
8712	2008	3.6666666666666665	24
8743	2008	2.9285714285714284	7
8811	2008	1.3571428571428572	14
8859	2008	0.5833333333333334	18
8977	2008	2.314159292035398	113
26425	2008	3.6136363636363638	22
27788	2008	3.4174757281553396	103
31116	2008	3.7	35
31698	2008	1.1162790697674418	43
33646	2008	3.0764705882352943	85
37380	2008	2.522935779816514	109
42002	2008	3.2844827586206895	58
43679	2008	3.036144578313253	83
44729	2008	2.2142857142857144	14
44828	2008	2.9682539682539684	63
46653	2008	3.8260869565217392	23
48943	2008	2.4468085106382977	47
49793	2008	3.475	80
49824	2008	3.1890243902439024	82
51077	2008	2.611940298507463	201
51412	2008	3.292134831460674	178
51903	2008	2.625	32
51925	2008	2.7628205128205128	78
53466	2008	2.869565217391304	23
54268	2008	1.6875	8
54290	2008	1.2413793103448276	29
26172	2008	3.5357142857142856	14
37739	2008	3.5638297872340425	47
38388	2008	3.3076923076923075	26
42730	2008	3.707317073170732	41
43556	2008	3.40625	16
49647	2008	3.3815789473684212	38
8426	2008	3.388888888888889	9
8832	2008	2.8333333333333335	6
25793	2008	3.3636363636363638	22
26269	2008	4.033333333333333	30
26270	2008	4.055555555555555	18
26903	2008	4.020408163265306	49
50005	2008	3.36	75
54075	2008	3.0	13
7936	2008	3.5	12
7982	2008	3.6333333333333333	45
7983	2008	3.914285714285714	35
7984	2008	3.5833333333333335	12
8019	2008	3.25	48
8261	2008	3.4047619047619047	21
8405	2008	3.973684210526316	19
8698	2008	2.5	2
8815	2008	2.445945945945946	37
8914	2008	3.992	125
25771	2008	3.7777777777777777	63
26242	2008	3.736111111111111	72
26386	2008	3.1842105263157894	19
26614	2008	4.047430830039525	253
26729	2008	4.065934065934066	91
27317	2008	3.7010869565217392	92
27491	2008	3.1666666666666665	15
27772	2008	3.510869565217391	46
30894	2008	2.6931818181818183	44
32213	2008	3.15625	80
33683	2008	3.5384615384615383	26
43987	2008	2.625	8
47810	2008	2.046153846153846	65
48678	2008	3.409090909090909	22
50147	2008	2.0681818181818183	22
53752	2008	3.5	2
54372	2008	3.7719298245614037	57
25788	2008	3.782608695652174	69
26745	2008	3.423076923076923	13
31367	2008	2.6944444444444446	18
31410	2008	4.008955223880597	335
26198	2008	3.6923076923076925	13
7981	2008	4.079136690647482	139
8169	2008	3.1984126984126986	63
31193	2008	3.8020833333333335	48
31270	2008	3.5208333333333335	24
48997	2008	3.651219512195122	205
8870	2008	2.8857142857142857	70
40614	2008	3.455357142857143	56
43921	2008	3.6506849315068495	73
51086	2008	2.9791666666666665	192
27790	2008	3.5	57
52952	2008	3.827777777777778	270
8387	2008	2.0090909090909093	55
31687	2008	2.7666666666666666	15
32302	2008	3.4705882352941178	17
51927	2008	2.942857142857143	35
8879	2008	3.75	56
26663	2008	3.6904761904761907	21
27828	2008	3.7	10
52375	2008	3.4215686274509802	51
54116	2008	3.0892857142857144	28
54962	2008	3.336448598130841	107
27826	2008	3.7	5
33639	2008	3.7714285714285714	35
34153	2008	3.769230769230769	65
37855	2008	3.34375	16
47999	2008	3.8224852071005917	169
27846	2008	3.925438596491228	114
38886	2008	3.7587412587412588	143
42094	2008	4.017857142857143	28
45210	2008	3.546875	160
49312	2008	3.7432432432432434	37
8814	2008	2.960526315789474	38
8850	2008	2.3	5
31867	2008	3.1153846153846154	26
32300	2008	3.2222222222222223	18
33410	2008	3.625	12
33830	2008	2.2804878048780486	41
34334	2008	2.53125	64
34520	2008	2.373015873015873	63
34530	2008	2.349056603773585	53
36519	2008	3.234042553191489	141
39421	2008	2.4615384615384617	13
42018	2008	3.4857142857142858	35
43917	2008	3.607142857142857	28
43930	2008	3.0365853658536586	41
44193	2008	3.353846153846154	65
44840	2008	2.838235294117647	34
44972	2008	2.3464285714285715	140
45074	2008	3.0535714285714284	28
45175	2008	3.338709677419355	31
45208	2008	2.7291666666666665	48
45361	2008	2.4464285714285716	28
46337	2008	2.4166666666666665	30
47122	2008	2.9479166666666665	48
47124	2008	3.28125	32
47384	2008	2.1538461538461537	13
47952	2008	2.6607142857142856	28
48161	2008	3.2333333333333334	30
48319	2008	3.4	45
48518	2008	2.981132075471698	53
48593	2008	2.8425925925925926	54
49013	2008	2.5172413793103448	29
49274	2008	3.1476510067114094	149
49526	2008	2.3541666666666665	24
49642	2008	2.40625	16
50003	2008	2.5555555555555554	63
50153	2008	2.75	16
53127	2008	2.772727272727273	33
54278	2008	2.985294117647059	34
8485	2008	3.6818181818181817	22
27608	2008	3.326923076923077	26
50189	2008	2.6769230769230767	65
8167	2008	3.891304347826087	23
8689	2008	4.0	1
8772	2008	3.6136363636363638	22
8920	2008	3.5	10
8978	2008	2.090909090909091	22
46855	2008	3.9214285714285713	70
48711	2008	3.236842105263158	19
52591	2008	2.8076923076923075	39
8645	2008	3.7724358974358974	156
41527	2008	3.76	50
8372	2008	2.2948717948717947	78
45221	2008	2.9655172413793105	29
34155	2008	3.8076923076923075	13
53921	2008	3.169642857142857	56
7942	2008	3.375	12
7991	2008	3.66	25
8092	2008	3.0	3
8291	2008	3.2777777777777777	9
8401	2008	4.078947368421052	19
8404	2008	3.1666666666666665	18
8501	2008	3.588235294117647	34
8581	2008	3.7551020408163267	49
8596	2008	3.522222222222222	45
8732	2008	3.625	4
8773	2008	3.9375	8
8939	2008	3.225806451612903	31
9004	2008	2.566666666666667	15
9018	2008	3.727272727272727	33
25938	2008	3.1666666666666665	21
26398	2008	3.323529411764706	17
26603	2008	3.7857142857142856	14
26819	2008	3.0714285714285716	21
27700	2008	3.853846153846154	65
31923	2008	3.484375	32
37830	2008	3.5659722222222223	144
45662	2008	2.8137254901960786	51
51678	2008	3.230769230769231	13
54771	2008	3.0921985815602837	141
8582	2008	3.923076923076923	39
33836	2008	2.5714285714285716	112
36531	2008	2.4444444444444446	9
42011	2008	3.1416666666666666	120
53450	2008	3.4047619047619047	21
53974	2008	2.676056338028169	71
54510	2008	3.2666666666666666	15
30820	2008	3.6296296296296298	54
31427	2008	3.1147540983606556	61
33834	2008	3.3620689655172415	87
36509	2008	2.6739130434782608	23
36533	2008	3.4166666666666665	12
40723	2008	3.3333333333333335	33
41716	2008	3.4184782608695654	92
49314	2008	3.25	46
39408	2008	1.75	6
39416	2008	2.9	5
44731	2008	2.8095238095238093	21
7926	2008	4.016129032258065	31
8128	2008	3.8541666666666665	48
8511	2008	4.285714285714286	7
8638	2008	3.798507462686567	201
8656	2008	4.297872340425532	47
8755	2008	3.5	7
8848	2008	3.90625	16
26758	2008	3.611111111111111	9
27266	2008	3.5789473684210527	114
27727	2008	4.144736842105263	76
27744	2008	3.8125	8
27797	2008	4.1875	8
27820	2008	4.066666666666666	15
27834	2008	4.0256410256410255	39
27866	2008	3.661290322580645	31
31364	2008	3.851063829787234	47
31702	2008	3.3214285714285716	14
32649	2008	4.357142857142857	7
34148	2008	3.5714285714285716	35
36276	2008	3.7466666666666666	75
39869	2008	3.923076923076923	52
42734	2008	3.3297872340425534	47
44937	2008	3.4375	32
47629	2008	3.6244239631336406	217
47778	2008	3.4655172413793105	29
48682	2008	3.54	25
48872	2008	3.625	48
53161	2008	3.9146341463414633	41
8589	2008	3.7857142857142856	35
8605	2008	3.2413793103448274	29
8800	2008	3.4074074074074074	27
8912	2008	2.7093023255813953	43
26555	2008	3.2674418604651163	43
27193	2008	3.227272727272727	44
27368	2008	3.255813953488372	43
27869	2008	3.923076923076923	26
43928	2008	2.5756302521008405	119
45062	2008	3.032608695652174	46
7976	2008	3.0277777777777777	18
43376	2008	3.8947368421052633	57
50912	2008	3.877840909090909	176
8968	2008	2.9347826086956523	46
26371	2008	2.85	10
38994	2008	3.142857142857143	7
39886	2008	3.4285714285714284	7
54328	2008	3.3095238095238093	21
8264	2008	3.8181818181818183	11
26302	2008	3.7083333333333335	12
8033	2008	3.9193548387096775	31
27899	2008	2.5543478260869565	46
42632	2008	3.8058252427184467	103
43836	2008	2.6792452830188678	53
8943	2008	3.5434782608695654	23
26133	2008	3.764102564102564	195
26562	2008	3.4318181818181817	22
33672	2008	3.46875	32
7846	2008	2.5	24
7951	2008	3.4285714285714284	7
8225	2008	3.2916666666666665	36
8928	2008	3.764705882352941	17
26492	2008	3.4404761904761907	42
26606	2008	3.578125	32
34292	2008	2.875	16
41014	2008	3.8333333333333335	6
48591	2008	2.688888888888889	45
50800	2008	2.65	30
52644	2008	3.1338028169014085	71
43396	2008	3.8609022556390977	133
8670	2008	3.8947368421052633	19
26246	2008	3.7058823529411766	17
26838	2008	3.607142857142857	14
33171	2008	3.8666666666666667	75
53447	2008	3.265957446808511	94
8295	2008	3.25	10
51094	2008	3.0	27
27644	2008	3.8333333333333335	3
38294	2008	2.894230769230769	52
42718	2008	3.716666666666667	90
39715	2008	2.5723684210526314	76
51709	2008	3.4421487603305785	121
27636	2008	3.75	8
34164	2008	3.380952380952381	21
46559	2008	3.48	25
46959	2008	3.5	37
47836	2008	3.3333333333333335	15
48342	2008	3.3	20
48698	2008	3.6470588235294117	51
49280	2008	3.4313725490196076	51
51174	2008	3.2142857142857144	35
51418	2008	3.5	29
51694	2008	3.3205128205128207	39
52005	2008	3.064516129032258	31
53143	2008	3.130434782608696	23
53574	2008	3.3333333333333335	30
53578	2008	3.573529411764706	34
54193	2008	3.472972972972973	37
27410	2008	3.4390243902439024	41
27878	2008	3.9508196721311477	61
39381	2008	3.69811320754717	106
26280	2008	3.5	32
7912	2008	3.0555555555555554	9
7950	2008	2.5	1
8118	2008	1.5	4
8119	2008	3.388888888888889	9
8337	2008	3.8854166666666665	48
8362	2008	3.173076923076923	26
8365	2008	2.7	10
8446	2008	3.2142857142857144	14
8493	2008	3.574074074074074	54
8524	2008	2.75	4
8526	2008	2.625	44
8540	2008	2.0	5
8675	2008	3.607142857142857	14
8692	2008	3.3333333333333335	6
8730	2008	3.3076923076923075	13
8835	2008	4.166666666666667	3
8846	2008	3.875	4
8880	2008	3.459016393442623	61
8908	2008	3.095744680851064	47
9000	2008	1.0	2
25916	2008	2.730769230769231	13
26144	2008	3.25	4
26155	2008	3.3666666666666667	15
26359	2008	3.642857142857143	14
26688	2008	2.7045454545454546	22
26698	2008	2.9	25
26746	2008	2.7045454545454546	22
26965	2008	3.230769230769231	13
27837	2008	2.871794871794872	39
30816	2008	3.5544554455445545	101
32017	2008	2.611111111111111	45
32174	2008	2.75	36
32668	2008	2.7857142857142856	7
32721	2008	3.21875	16
33722	2008	3.611111111111111	9
34532	2008	3.2875	80
37382	2008	2.9725274725274726	91
37853	2008	2.986111111111111	36
40148	2008	3.2152777777777777	72
43558	2008	2.7333333333333334	30
44204	2008	3.8	65
45183	2008	3.731707317073171	41
45442	2008	2.798076923076923	52
46430	2008	2.8181818181818183	11
46974	2008	2.9044117647058822	68
47254	2008	3.0348837209302326	43
49265	2008	3.7333333333333334	15
49524	2008	3.7222222222222223	9
50445	2008	2.586206896551724	29
51660	2008	3.42	25
51933	2008	3.4375	8
52279	2008	2.15625	16
52606	2008	3.202127659574468	47
54284	2008	3.25	2
54331	2008	3.4210526315789473	76
54686	2008	2.787878787878788	33
54734	2008	3.182926829268293	41
54787	2008	3.1344086021505375	93
32011	2008	2.5294117647058822	17
47465	2008	3.4215686274509802	51
50160	2008	3.6176470588235294	68
25971	2008	3.338235294117647	34
52356	2008	3.066666666666667	30
26131	2008	4.095	100
31435	2008	3.6857142857142855	35
42900	2008	3.730769230769231	13
43419	2008	2.8375	40
47446	2008	3.25	28
49276	2008	2.8333333333333335	27
54256	2008	3.04320987654321	81
7840	2008	3.717391304347826	23
8593	2008	3.625	8
26152	2008	3.2661290322580645	62
26488	2008	3.0	3
27370	2008	3.5714285714285716	14
27408	2008	3.5	23
27879	2008	3.8518518518518516	27
32657	2008	4.571428571428571	7
33558	2008	3.72	25
49422	2008	3.6363636363636362	22
50658	2008	4.03030303030303	66
52283	2008	2.8448275862068964	58
52712	2008	3.0531914893617023	47
52767	2008	3.9838709677419355	62
40339	2008	2.7795698924731185	93
8369	2008	3.09375	48
47725	2008	3.6315789473684212	38
8253	2008	3.9215686274509802	51
26513	2008	3.0454545454545454	11
7943	2008	3.7	40
8492	2008	3.7685185185185186	54
8661	2008	3.3666666666666667	15
8774	2008	3.4	5
51498	2008	2.0	6
32153	2008	3.1	15
8017	2008	3.388888888888889	9
8600	2008	3.6842105263157894	38
8614	2008	3.2333333333333334	30
25891	2008	3.5	17
25929	2008	3.466666666666667	15
31934	2008	3.1470588235294117	17
33154	2008	3.8850574712643677	87
33677	2008	3.388888888888889	18
50842	2008	3.4642857142857144	56
30848	2008	3.608108108108108	37
31807	2008	3.25	12
8677	2008	4.25	4
26554	2008	3.717391304347826	23
39052	2008	3.1857142857142855	35
8711	2008	3.5714285714285716	21
8130	2008	3.2666666666666666	15
26693	2008	2.923076923076923	39
52435	2008	3.7994505494505493	182
8367	2008	4.083333333333333	6
8573	2008	3.6875	24
26840	2008	3.8448275862068964	29
27792	2008	3.75	6
33592	2008	3.7142857142857144	14
34326	2008	3.1785714285714284	14
8506	2008	2.0	3
8841	2008	4.0	2
26283	2008	3.3	10
27022	2008	3.272727272727273	11
27648	2008	2.9375	8
27888	2008	2.4444444444444446	9
50447	2008	3.142857142857143	21
51705	2008	3.6346153846153846	52
7891	2008	3.5	18
25943	2008	3.725806451612903	31
46062	2008	2.4375	56
30846	2008	3.361111111111111	36
45028	2008	3.172727272727273	55
50792	2008	3.111111111111111	45
8043	2008	3.5	5
8971	2008	2.6	5
26778	2008	2.5	20
27362	2008	3.65	10
33134	2008	3.4615384615384617	13
25746	2008	3.303030303030303	33
25802	2008	2.0	3
45335	2008	2.9166666666666665	12
51471	2008	3.6533333333333333	75
9017	2008	3.0	5
48032	2008	3.4864864864864864	37
44633	2008	3.870967741935484	62
46850	2008	3.9207317073170733	82
54513	2008	3.5	44
26803	2008	3.0	4
55020	2008	2.738095238095238	63
7839	2008	3.2142857142857144	7
7924	2008	3.8333333333333335	30
8044	2008	3.85	20
8094	2008	3.75	22
8235	2008	3.5	16
8507	2008	3.872549019607843	51
8516	2008	4.115384615384615	13
8542	2008	3.8095238095238093	42
8765	2008	3.710526315789474	19
8767	2008	4.125	8
8797	2008	3.9722222222222223	18
25763	2008	3.6363636363636362	22
25764	2008	3.4814814814814814	27
25954	2008	3.8333333333333335	15
26119	2008	2.8333333333333335	6
26349	2008	3.7	10
30712	2008	3.8181818181818183	11
31528	2008	3.8620689655172415	29
32369	2008	3.6875	8
41585	2008	3.264705882352941	17
44168	2008	3.4285714285714284	7
46803	2008	3.4047619047619047	21
47306	2008	2.9375	8
48301	2008	3.4285714285714284	14
49200	2008	3.5833333333333335	18
7932	2008	3.8854166666666665	48
39307	2008	3.0	15
27875	2008	3.566666666666667	15
26599	2008	3.8	20
33138	2008	3.423076923076923	26
33819	2008	3.857142857142857	7
53769	2008	3.6875	16
44494	2008	2.227272727272727	11
8157	2008	3.7432432432432434	37
26547	2008	3.739130434782609	46
8183	2008	3.5757575757575757	33
33838	2008	3.2857142857142856	7
8809	2008	3.5869565217391304	23
48598	2008	3.611111111111111	27
33168	2008	2.1	5
45382	2008	3.3076923076923075	39
46572	2008	3.25	16
51037	2008	3.575	40
51088	2008	2.966666666666667	60
32582	2008	3.619047619047619	21
8221	2008	3.764705882352941	17
8579	2008	2.7142857142857144	7
8680	2008	3.4444444444444446	9
8788	2008	3.0555555555555554	9
27434	2008	2.9285714285714284	14
40851	2008	2.8513513513513513	37
43932	2008	2.652173913043478	23
49528	2008	2.25	24
51666	2008	2.25	10
51937	2008	2.7127659574468086	47
8796	2008	3.8448275862068964	29
8270	2008	3.6875	16
8632	2008	2.3333333333333335	3
8697	2008	3.6	5
27523	2008	3.8518518518518516	27
30883	2008	2.088235294117647	17
32392	2008	2.5	8
39400	2008	2.223684210526316	38
46865	2008	2.2142857142857144	42
53326	2008	3.0357142857142856	14
26199	2008	3.526315789473684	19
26750	2008	3.1379310344827585	29
8728	2008	0.5	1
7915	2008	3.6666666666666665	12
7933	2008	3.3076923076923075	13
8198	2008	4.0	2
8862	2008	3.4166666666666665	12
25744	2008	3.090909090909091	11
25773	2008	3.2916666666666665	12
25828	2008	3.5454545454545454	11
25855	2008	3.71875	16
26007	2008	3.675324675324675	77
26336	2008	3.1363636363636362	11
26950	2008	2.625	4
27450	2008	3.0	10
27812	2008	3.3333333333333335	6
27873	2008	3.4615384615384617	52
31101	2008	3.4	15
31785	2008	3.3095238095238093	21
32882	2008	3.45	10
33312	2008	3.6333333333333333	15
34018	2008	3.5	8
37211	2008	3.5714285714285716	7
39398	2008	2.8125	8
40752	2008	2.5833333333333335	6
43391	2008	2.4545454545454546	11
43914	2008	3.125	12
48214	2008	3.4615384615384617	13
51127	2008	3.75	8
51277	2008	3.71875	32
51562	2008	3.0	16
53883	2008	4.5	4
26870	2008	2.574074074074074	27
32743	2008	3.0	44
42197	2008	3.659090909090909	66
43460	2008	3.324324324324324	37
43910	2008	3.5789473684210527	19
44301	2008	3.537037037037037	27
45106	2008	2.644230769230769	52
45440	2008	3.3205128205128207	39
46574	2008	3.125	12
47264	2008	2.761904761904762	21
48326	2008	3.225806451612903	31
48791	2008	2.2142857142857144	7
50011	2008	3.9054054054054053	37
50858	2008	3.1923076923076925	39
8062	2008	3.0	8
31223	2008	3.4285714285714284	7
33817	2008	3.5	41
38992	2008	2.8676470588235294	34
42013	2008	2.7708333333333335	24
42732	2008	3.5434782608695654	23
43904	2008	2.2777777777777777	27
43908	2008	3.09375	16
43912	2008	2.263157894736842	19
44197	2008	3.3684210526315788	19
44759	2008	2.4545454545454546	33
47261	2008	2.473684210526316	19
47950	2008	3.117021276595745	47
47976	2008	2.966666666666667	15
48414	2008	3.0714285714285716	42
48522	2008	2.8	15
48596	2008	2.5238095238095237	21
48879	2008	3.4	20
49282	2008	2.2333333333333334	15
50158	2008	2.8	15
50923	2008	3.28	50
51698	2008	3.242424242424242	66
52456	2008	2.7549019607843137	51
52724	2008	2.657142857142857	35
53004	2008	2.5	15
53999	2008	2.34375	32
54274	2008	1.8191489361702127	47
54732	2008	2.588607594936709	79
54768	2008	2.4285714285714284	14
54934	2008	2.521276595744681	47
8537	2008	3.142857142857143	14
33821	2008	3.0	1
8926	2008	3.3333333333333335	3
25946	2008	3.296875	32
26792	2008	1.9166666666666667	12
33681	2008	1.8	15
44399	2008	2.5294117647058822	17
52460	2008	2.616279069767442	43
26422	2008	3.4	35
40826	2008	3.467391304347826	46
8364	2008	3.5555555555555554	9
49220	2008	3.0306122448979593	49
26078	2008	3.7419354838709675	31
26782	2008	2.9166666666666665	6
38701	2008	2.875	12
49666	2008	3.25	36
49284	2008	3.230769230769231	39
26178	2008	3.5714285714285716	7
7895	2008	3.5714285714285716	14
8273	2008	3.5	5
27186	2008	3.5238095238095237	21
7923	2008	3.3333333333333335	6
33454	2008	3.2142857142857144	7
27689	2008	2.5384615384615383	13
7949	2008	3.0833333333333335	6
8330	2008	3.625	36
8610	2008	3.2884615384615383	26
7930	2008	3.2	15
26696	2008	3.0714285714285716	14
25930	2008	3.75	8
26564	2008	4.125	16
8137	2008	1.375	4
8338	2008	3.8684210526315788	19
8618	2008	3.0714285714285716	7
8701	2008	2.1	5
8751	2008	3.8333333333333335	9
9005	2008	2.923076923076923	13
25774	2008	3.5833333333333335	18
26124	2008	2.888888888888889	9
26462	2008	3.3974358974358974	39
26476	2008	3.625	28
26700	2008	2.619047619047619	21
32239	2008	3.4047619047619047	42
47978	2008	3.185185185185185	54
26504	2008	3.1818181818181817	11
31909	2008	2.25	18
48584	2008	2.625	12
7885	2008	2.7	5
7913	2008	3.5	5
7917	2008	3.0	2
7921	2008	2.5833333333333335	6
7953	2008	3.6666666666666665	3
7994	2008	3.5	4
8136	2008	2.3333333333333335	3
8380	2008	2.0	1
8395	2008	3.25	4
8527	2008	2.95	10
8615	2008	3.5	9
8720	2008	2.875	4
8778	2008	3.3333333333333335	6
8843	2008	3.1666666666666665	3
8858	2008	3.8333333333333335	3
8864	2008	2.8333333333333335	15
8956	2008	2.8333333333333335	15
8991	2008	3.5	1
25755	2008	3.3333333333333335	18
26258	2008	4.0	35
26289	2008	3.125	8
26306	2008	3.4375	8
26726	2008	2.7222222222222223	9
26996	2008	2.875	4
27778	2008	2.8548387096774195	31
31035	2008	3.3333333333333335	3
31251	2008	2.9285714285714284	7
32060	2008	3.1666666666666665	3
32084	2008	2.5	1
32395	2008	3.0	1
33585	2008	2.875	24
33644	2008	2.4583333333333335	12
34330	2008	2.8333333333333335	3
34579	2008	3.25	4
38198	2008	3.4166666666666665	24
39414	2008	3.219298245614035	57
41617	2008	2.392857142857143	14
43869	2008	3.015625	32
45664	2008	3.142857142857143	21
47646	2008	3.0	7
48150	2008	2.65	10
52838	2008	2.7142857142857144	21
52867	2008	2.7333333333333334	30
52285	2008	3.0833333333333335	6
8777	2008	3.0	3
8990	2008	3.5	2
31255	2008	4.0	6
27528	2008	3.2	10
51991	2008	3.466666666666667	30
7897	2008	3.433333333333333	15
7898	2008	3.6666666666666665	3
7990	2008	3.727272727272727	11
8008	2008	3.7142857142857144	14
8015	2008	3.5	12
8016	2008	3.6842105263157894	19
8039	2008	3.6346153846153846	26
8045	2008	3.236842105263158	19
8056	2008	3.4615384615384617	13
8149	2008	2.4166666666666665	6
8158	2008	3.375	16
8257	2008	3.7	5
8259	2008	3.0	1
8268	2008	2.9	20
8334	2008	3.5833333333333335	12
8487	2008	3.1666666666666665	9
8543	2008	3.357142857142857	7
8574	2008	3.3846153846153846	13
8591	2008	3.3333333333333335	18
8595	2008	3.1666666666666665	3
8631	2008	2.75	4
8657	2008	3.4285714285714284	7
8688	2008	2.625	4
8762	2008	3.3333333333333335	6
8901	2008	3.25	2
8929	2008	3.25	6
8965	2008	2.910891089108911	101
8989	2008	2.5	4
9001	2008	2.6666666666666665	3
25870	2008	3.9583333333333335	12
25888	2008	3.3333333333333335	3
25931	2008	3.3333333333333335	3
25961	2008	3.1333333333333333	15
25962	2008	3.2222222222222223	9
26101	2008	3.210526315789474	19
26138	2008	3.5	7
26139	2008	3.6666666666666665	9
26181	2008	3.0	12
26294	2008	3.2857142857142856	14
26301	2008	3.375	4
26464	2008	3.3529411764705883	17
26479	2008	3.3	15
26561	2008	2.888888888888889	9
26695	2008	3.5	5
30721	2008	2.75	4
30818	2008	3.1	10
31150	2008	3.3181818181818183	11
31260	2008	3.6379310344827585	29
31429	2008	3.1	10
31485	2008	3.3125	8
32049	2008	3.5	3
32078	2008	3.0	6
32261	2008	3.4166666666666665	6
32593	2008	3.25	2
33036	2008	3.1363636363636362	11
33136	2008	3.3636363636363638	11
34063	2008	3.1363636363636362	11
34065	2008	2.85	10
34536	2008	3.5	21
36397	2008	2.4642857142857144	14
40973	2008	3.7	5
40988	2008	3.423076923076923	13
47493	2008	3.5833333333333335	6
48061	2008	3.3875	40
49007	2008	3.0555555555555554	9
52321	2008	3.289473684210526	38
8684	2008	4.3	30
8785	2008	4.21875	16
42217	2008	4.092592592592593	27
7928	2008	4.0	1
7947	2008	3.5833333333333335	6
8454	2008	3.0	12
8643	2008	3.175675675675676	37
8649	2008	3.0	2
8653	2008	2.6666666666666665	3
8671	2008	3.125	4
8727	2008	3.0	4
8729	2008	3.375	4
26085	2008	3.8846153846153846	13
26171	2008	4.382352941176471	17
26318	2008	4.020833333333333	24
26323	2008	2.769230769230769	13
26487	2008	3.3181818181818183	11
27271	2008	3.6818181818181817	11
32234	2008	3.7884615384615383	26
33072	2008	3.7419354838709675	31
33193	2008	2.5	4
33451	2008	4.076923076923077	26
34583	2008	3.25	4
41136	2008	3.526315789473684	19
47274	2008	3.9	20
47940	2008	3.59375	16
37857	2008	3.682926829268293	82
8884	2008	3.2222222222222223	9
27020	2008	3.2058823529411766	51
37736	2008	3.671875	32
8331	2008	3.838709677419355	31
31347	2008	3.75	16
31660	2008	3.240740740740741	54
31422	2008	2.4	15
40337	2008	3.6315789473684212	19
27905	2008	2.977272727272727	22
43899	2008	3.5	12
8938	2008	3.730769230769231	13
27843	2008	3.6481481481481484	27
8266	2008	3.0588235294117645	17
8787	2008	4.0	3
8878	2008	2.4	5
41411	2008	3.088235294117647	17
45525	2008	2.9	10
7844	2008	4.071428571428571	21
26939	2008	3.96	25
8998	2008	4.038461538461538	13
50151	2008	2.588235294117647	17
26094	2008	4.0625	24
8260	2008	3.875	8
8913	2008	3.75	4
8532	2008	3.3333333333333335	21
26566	2008	3.0625	8
8954	2008	3.625	8
27555	2008	3.411764705882353	17
33495	2008	2.6551724137931036	29
33725	2008	3.4	25
34540	2008	3.4	20
42602	2008	3.7857142857142856	7
26629	2008	2.7058823529411766	17
8147	2008	3.5277777777777777	18
8703	2008	2.5	5
53349	2008	3.171875	32
8141	2008	3.375	4
27397	2008	3.5625	32
34538	2008	3.4375	8
39703	2008	3.4583333333333335	12
27674	2008	3.409090909090909	55
8898	2008	3.5	2
26694	2008	4.12962962962963	27
33603	2008	3.619047619047619	21
43333	2008	3.7580645161290325	31
8486	2008	4.285714285714286	7
8695	2008	3.6	10
7920	2008	4.4	5
8272	2008	3.4285714285714284	7
47793	2008	3.5	8
7941	2008	4.027777777777778	18
8011	2008	3.7580645161290325	31
8202	2008	4.0	5
8584	2008	3.9	5
8662	2008	3.375	4
8931	2008	3.1666666666666665	3
25762	2008	3.0	15
25905	2008	4.041666666666667	12
25924	2008	3.125	8
25999	2008	3.4347826086956523	23
33421	2008	3.269230769230769	13
33750	2008	3.7	10
47721	2008	3.764705882352941	51
37545	2008	3.6	10
7889	2008	3.369565217391304	23
8133	2008	3.45	10
8013	2008	3.0	4
8792	2008	2.2	5
8838	2008	3.3076923076923075	26
26228	2008	3.75	2
27509	2008	2.8181818181818183	11
31900	2008	3.25	4
31956	2008	3.15625	16
47047	2008	3.1666666666666665	3
32289	2008	2.7941176470588234	17
44949	2008	2.7222222222222223	9
8871	2008	2.625	4
32298	2008	2.9166666666666665	30
44058	2008	3.2	10
8830	2008	2.090909090909091	33
47394	2008	3.642857142857143	14
8872	2008	3.375	8
33621	2008	3.590909090909091	11
8721	2008	2.9	5
26788	2008	3.4	20
42634	2008	3.423076923076923	26
27838	2008	3.5625	40
8363	2008	2.473684210526316	19
8676	2008	3.3333333333333335	3
8829	2008	2.0714285714285716	7
42009	2008	2.630434782608696	23
7918	2008	3.375	8
8129	2008	2.75	2
8831	2008	2.4	10
26704	2008	3.411764705882353	17
27716	2008	3.4444444444444446	18
8779	2008	3.7142857142857144	7
32076	2008	2.357142857142857	7
8588	2008	2.5	8
26240	2008	3.65	10
27340	2008	2.4375	8
44613	2008	3.1206896551724137	29
27912	2008	3.775	40
7945	2008	3.4	5
7883	2008	3.0833333333333335	6
8463	2008	4.071428571428571	7
8481	2008	3.3333333333333335	3
8710	2008	3.5	4
8726	2008	2.857142857142857	7
8768	2008	3.0625	8
8775	2008	3.0	6
8876	2008	2.875	4
8932	2008	1.6666666666666667	3
9014	2008	3.25	8
25783	2008	3.0	4
25797	2008	3.642857142857143	7
25832	2008	3.5	2
25833	2008	3.933333333333333	15
25840	2008	3.6666666666666665	9
25878	2008	2.5714285714285716	7
25900	2008	3.75	16
26110	2008	3.5	3
26113	2008	4.071428571428571	7
26208	2008	3.5	9
26265	2008	3.2857142857142856	7
26345	2008	3.2	5
26366	2008	3.6724137931034484	29
26524	2008	3.92	25
26982	2008	3.5	11
31349	2008	3.3125	8
31588	2008	3.4	5
31950	2008	4.083333333333333	6
32316	2008	2.6	5
32844	2008	3.8125	8
32954	2008	3.5833333333333335	6
32966	2008	3.5	7
33113	2008	3.8333333333333335	6
33905	2008	3.5714285714285716	7
39369	2008	3.857142857142857	7
40887	2008	2.9	15
42681	2008	3.25	10
44815	2008	2.3125	8
44978	2008	3.75	2
45658	2008	3.21875	16
46258	2008	3.5625	8
46901	2008	3.625	4
47049	2008	2.9285714285714284	7
47148	2008	3.75	14
47330	2008	3.066666666666667	15
47615	2008	3.125	8
47723	2008	3.7777777777777777	9
47728	2008	3.75	6
50619	2008	3.0	4
51314	2008	3.6	10
52352	2008	3.5	5
53887	2008	3.597560975609756	41
54958	2008	2.625	4
31903	2008	3.9411764705882355	17
49132	2008	3.5689655172413794	29
8224	2008	2.5	1
31408	2008	3.8636363636363638	11
46194	2008	3.142857142857143	7
8197	2008	4.103448275862069	29
8724	2008	4.0	11
25947	2008	4.0	10
26350	2008	3.783333333333333	30
31522	2008	3.911764705882353	17
50229	2008	3.65	10
8121	2008	4.055555555555555	18
8201	2008	3.111111111111111	9
8397	2008	3.25	2
8520	2008	3.05	10
8575	2008	3.5	10
8658	2008	3.0	2
8749	2008	3.6	5
8888	2008	2.5	1
26791	2008	4.0	3
26796	2008	3.9310344827586206	29
27734	2008	3.25	6
27876	2008	3.230769230769231	13
32285	2008	3.0	3
34198	2008	3.608695652173913	23
54978	2008	3.1875	16
26681	2008	3.5555555555555554	27
26811	2008	3.2083333333333335	12
31628	2008	3.9166666666666665	6
54198	2008	2.8333333333333335	3
8941	2008	2.375	4
7845	2008	2.923076923076923	26
40962	2008	2.625	12
25898	2008	4.208333333333333	12
37240	2008	4.198630136986301	73
50259	2008	3.4423076923076925	26
26875	2008	3.8846153846153846	13
44511	2008	3.3	5
26414	2008	3.0	5
8923	2008	3.2777777777777777	9
27722	2008	3.7875	40
27456	2008	3.4	10
8227	2008	2.75	8
8410	2008	3.5	4
32371	2008	3.5	10
7894	2008	3.375	12
8478	2008	3.8333333333333335	3
8608	2008	3.0833333333333335	6
8752	2008	3.4375	8
26550	2008	3.7	15
26616	2008	3.5714285714285716	14
26677	2008	3.0	2
27432	2008	3.7222222222222223	9
31545	2008	4.25	2
31547	2008	3.75	2
31590	2008	3.5714285714285716	7
33288	2008	3.4583333333333335	12
33340	2008	3.75	6
38435	2008	3.5	1
40491	2008	3.2916666666666665	12
46839	2008	3.727272727272727	11
26989	2008	2.9166666666666665	6
48883	2008	2.5416666666666665	12
52227	2008	2.8636363636363638	44
40574	2008	2.823529411764706	17
26107	2008	3.75	6
44889	2008	3.725	40
26249	2008	3.3214285714285716	14
27850	2008	3.5714285714285716	14
27865	2008	2.6666666666666665	18
33539	2008	3.2777777777777777	9
52037	2008	3.272727272727273	22
31011	2008	3.25	2
54621	2008	3.607142857142857	14
26084	2008	3.590909090909091	33
8587	2008	2.875	4
8979	2008	2.5	3
38824	2008	3.0	7
8577	2008	3.611111111111111	9
51638	2008	2.9318181818181817	22
8652	2008	1.8333333333333333	3
8714	2008	3.375	4
25865	2008	3.857142857142857	7
25908	2008	2.8333333333333335	9
25960	2008	3.3125	8
26158	2008	3.962962962962963	27
8379	2008	3.5	11
8667	2008	3.34375	16
26189	2008	2.966666666666667	15
27664	2008	2.5526315789473686	19
8905	2008	3.0	15
26472	2008	3.761904761904762	21
31930	2008	3.6538461538461537	13
26485	2008	3.4705882352941178	17
8134	2008	3.375	8
8427	2008	2.25	2
8482	2008	3.793103448275862	29
8578	2008	3.1923076923076925	13
49688	2008	3.675	20
46919	2008	3.2916666666666665	12
8126	2008	4.0	6
8143	2008	4.0	4
8292	2008	3.625	4
8740	2008	3.5	7
26713	2008	3.892857142857143	28
27316	2008	3.25	6
32600	2008	3.0	9
38188	2008	3.4285714285714284	7
33649	2008	3.4583333333333335	24
41575	2008	2.6	10
47516	2008	2.323529411764706	17
7940	2008	4.1	15
8142	2008	3.65	10
8694	2008	3.25	2
25899	2008	3.35	10
25964	2008	3.75	2
25975	2008	4.5	3
26159	2008	3.6875	8
26185	2008	3.125	4
26413	2008	3.8125	8
26585	2008	3.3125	16
26743	2008	4.25	4
26842	2008	3.8636363636363638	11
26934	2008	3.7142857142857144	7
27109	2008	3.727272727272727	11
27620	2008	3.4166666666666665	6
37335	2008	3.6666666666666665	6
39474	2008	3.75	2
40494	2008	3.5	2
45412	2008	3.75	4
45611	2008	3.2777777777777777	9
45679	2008	2.95	10
49571	2008	3.1666666666666665	6
8791	2008	2.5	1
26123	2008	3.09375	16
26676	2008	2.25	10
26812	2008	3.3461538461538463	13
26901	2008	2.9285714285714284	7
30892	2008	3.388888888888889	9
36477	2008	3.0	7
40964	2008	2.2	5
8576	2008	3.769230769230769	26
7882	2008	2.5	5
7893	2008	3.6	5
7989	2008	2.9	5
8421	2008	3.611111111111111	9
8685	2008	3.3333333333333335	3
8723	2008	3.1666666666666665	3
8902	2008	3.125	4
7916	2008	3.375	4
8496	2008	3.727272727272727	11
8639	2008	2.8	5
39768	2008	3.0	8
32122	2008	3.0	1
41769	2008	3.3333333333333335	9
53002	2008	2.921875	32
47642	2008	2.5	3
8766	2008	3.2857142857142856	7
31079	2008	1.8333333333333333	6
8702	2008	2.5	3
8459	2008	3.75	8
27537	2008	2.857142857142857	7
37955	2008	3.45	20
26251	2008	3.5416666666666665	12
26521	2008	3.0	2
8753	2008	3.0	6
8987	2008	3.25	4
7944	2008	3.857142857142857	14
8153	2008	3.25	6
25937	2008	3.909090909090909	11
33832	2008	3.8333333333333335	3
41425	2008	2.7	5
27816	2008	3.4615384615384617	26
44225	2008	2.323529411764706	17
26147	2008	3.857142857142857	14
32875	2008	3.7777777777777777	9
26303	2008	3.357142857142857	7
50066	2008	3.9761904761904763	21
27544	2008	3.1153846153846154	13
31156	2008	3.138888888888889	18
8403	2008	2.5	6
7987	2008	3.2142857142857144	7
8222	2008	3.3333333333333335	6
8854	2008	3.0	5
25901	2008	3.3214285714285716	14
33188	2008	3.1666666666666665	3
26203	2008	3.6	10
8935	2008	3.125	4
25835	2008	3.5	9
37477	2008	2.7058823529411766	17
8808	2008	2.9767441860465116	43
8849	2008	3.5	1
8933	2008	3.3333333333333335	12
26225	2008	3.3333333333333335	9
31123	2008	3.5555555555555554	9
30659	2008	2.6	5
51082	2008	3.5	7
8451	2008	3.5357142857142856	14
25906	2008	3.5625	8
8771	2008	3.1875	8
25977	2008	3.4642857142857144	14
26174	2008	3.6666666666666665	3
31160	2008	3.1818181818181817	11
38843	2008	3.5	5
32469	2008	3.588235294117647	17
8383	2008	2.25	6
8619	2008	3.0	5
8921	2008	3.5	2
32162	2008	3.1666666666666665	9
33358	2008	3.7222222222222223	9
33675	2008	3.8333333333333335	12
7888	2008	3.5625	8
8521	2008	2.75	10
8651	2008	3.5	9
8746	2008	3.0	2
32456	2008	3.4166666666666665	18
50796	2008	2.3333333333333335	18
27884	2008	3.6363636363636362	11
8660	2008	3.5	5
39441	2008	3.0714285714285716	14
25941	2008	3.7222222222222223	9
33119	2008	3.0	3
8731	2008	3.7857142857142856	7
8191	2008	3.6956521739130435	23
8647	2008	2.6666666666666665	3
26055	2008	3.769230769230769	13
8385	2008	3.5	6
8980	2008	3.0	4
40010	2008	2.769230769230769	13
26974	2008	3.2857142857142856	14
26810	2008	3.5625	16
32646	2008	2.8333333333333335	6
7919	2008	4.2	5
8290	2008	1.3333333333333333	3
26495	2008	3.1	10
25993	2008	3.0	12
33124	2008	4.0	9
31610	2008	2.625	4
32160	2008	3.8125	8
26744	2008	4.25	2
27584	2008	3.25	14
32056	2008	3.25	2
8400	2008	3.3333333333333335	3
8534	2008	3.357142857142857	7
8399	2008	3.5	3
8659	2008	4.0	4
25827	2008	3.9473684210526314	19
8834	2008	2.5	4
8867	2008	2.875	8
31362	2008	3.0	1
31613	2008	2.625	4
52016	2008	3.25	2
8462	2008	3.6666666666666665	3
25825	2008	3.7222222222222223	9
25841	2008	4.333333333333333	3
34482	2008	3.5454545454545454	11
8637	2008	1.25	2
8717	2008	1.0	1
9016	2008	1.75	2
8681	2008	4.125	4
8786	2008	4.0	9
9011	2008	3.7	5
26313	2008	4.25	4
53133	2008	2.9583333333333335	12
43684	2008	2.8076923076923075	13
8127	2008	3.3333333333333335	3
8580	2008	3.736842105263158	19
26544	2008	3.3	5
26828	2008	1.5	6
30994	2008	3.5	1
31447	2008	2.0	3
33966	2008	2.4285714285714284	7
40959	2008	3.0555555555555554	27
31049	2008	3.5	1
8602	2008	4.0	7
7843	2008	3.3125	8
50583	2008	3.625	4
8946	2008	2.4705882352941178	17
31431	2008	2.1785714285714284	28
50347	2008	3.375	4
44777	2008	2.1666666666666665	6
41721	2008	3.8125	8
8302	2008	3.5	5
8754	2008	3.607142857142857	14
8999	2008	2.875	8
25952	2008	3.5	13
26271	2008	3.642857142857143	7
26231	2008	3.625	12
26326	2008	4.05	10
40952	2008	2.909090909090909	11
8456	2008	2.4	5
25826	2008	4.0	11
46772	2008	2.6538461538461537	13
8407	2008	4.75	2
8706	2008	3.5	2
8735	2008	3.375	4
8793	2008	3.75	6
8821	2008	3.2142857142857144	7
8822	2008	3.0	2
32781	2008	3.142857142857143	7
51857	2008	3.9	5
8847	2008	3.0	1
32022	2008	3.5	6
32128	2008	2.8125	8
27882	2008	3.727272727272727	22
40833	2008	4.0	1
33823	2008	2.0	1
32352	2008	2.9	5
32591	2008	3.2857142857142856	7
8522	2008	3.8333333333333335	3
8535	2008	2.857142857142857	7
8875	2008	4.166666666666667	3
26375	2008	3.7083333333333335	12
34359	2008	3.4375	8
27685	2008	1.9482758620689655	29
8624	2008	2.25	2
36511	2008	3.0	4
8674	2008	3.090909090909091	11
8571	2008	2.5833333333333335	6
34499	2008	2.736842105263158	19
26277	2008	3.5	14
32589	2008	2.4375	8
48856	2008	3.611111111111111	27
8982	2008	3.3333333333333335	12
32666	2008	2.6	5
34643	2008	0.75	2
26339	2008	3.5833333333333335	6
8494	2008	4.0	8
31030	2008	4.0	8
40969	2008	5.0	1
8895	2008	4.0	3
8918	2008	3.6538461538461537	13
8922	2008	2.875	4
8392	2008	3.0	1
26682	2008	2.375	4
31148	2008	3.5	13
8423	2008	3.4444444444444446	9
25798	2008	4.0	5
32825	2008	3.5833333333333335	6
33126	2008	3.1875	8
33321	2008	2.8125	16
8512	2008	3.772727272727273	11
26527	2008	4.0	22
27695	2008	3.5	4
8069	2008	3.5	2
8378	2008	3.6666666666666665	6
8447	2008	3.1875	8
8673	2008	3.0	1
8715	2008	3.0	1
8881	2008	3.0	3
8887	2008	3.125	4
8986	2008	3.5	3
25885	2008	3.25	2
26079	2008	3.4285714285714284	7
26567	2008	2.3333333333333335	3
27376	2008	3.8461538461538463	13
30942	2008	1.0	1
30954	2008	3.25	6
30991	2008	3.0	6
31000	2008	2.25	2
32677	2008	3.5	1
48198	2008	2.9	5
35015	2008	3.272727272727273	11
43934	2008	3.75	12
47805	2008	2.4285714285714284	7
49263	2008	3.2	15
50274	2008	3.5641025641025643	39
54505	2008	3.1818181818181817	11
27587	2008	3.1	5
7880	2008	2.6666666666666665	3
7896	2008	3.8214285714285716	14
7948	2008	3.5	6
7959	2008	3.25	6
7993	2008	3.5	7
8240	2008	1.8333333333333333	3
8255	2008	2.0	1
8275	2008	3.8333333333333335	6
8374	2008	3.3333333333333335	6
8601	2008	3.5	10
8650	2008	3.7222222222222223	9
8664	2008	2.0	1
8691	2008	2.0	1
8738	2008	3.85	10
8826	2008	2.6666666666666665	3
8936	2008	2.5	1
8955	2008	3.3636363636363638	11
8959	2008	3.0416666666666665	24
8963	2008	2.8333333333333335	6
26393	2008	3.0	2
27563	2008	3.5277777777777777	18
27564	2008	2.8333333333333335	3
27627	2008	3.4285714285714284	7
27768	2008	3.5	2
27776	2008	3.25	6
27833	2008	3.1	5
30747	2008	3.3333333333333335	3
31107	2008	3.125	4
31494	2008	3.0	6
31689	2008	3.6470588235294117	17
31973	2008	4.0	7
32013	2008	2.75	2
32347	2008	2.9	5
32354	2008	2.8333333333333335	3
32381	2008	3.5	4
32525	2008	4.181818181818182	11
32620	2008	3.375	4
32988	2008	3.2857142857142856	7
36056	2008	4.0	6
42740	2008	2.875	8
44073	2008	3.642857142857143	7
47117	2008	3.375	16
52413	2008	3.5833333333333335	6
52545	2008	2.9166666666666665	12
52561	2008	3.0	4
53038	2008	3.888888888888889	9
54196	2008	3.09375	16
8070	2008	3.5	2
8093	2008	3.0	2
8194	2008	3.8333333333333335	6
8263	2008	3.357142857142857	7
8381	2008	3.625	4
8504	2008	3.9	5
8505	2008	3.5714285714285716	7
8583	2008	4.0	2
8586	2008	3.8333333333333335	3
8621	2008	3.5	1
8757	2008	3.625	4
8845	2008	4.1	5
8964	2008	1.5	4
25903	2008	4.0	1
26222	2008	3.611111111111111	9
26226	2008	2.25	2
26241	2008	2.8333333333333335	3
30981	2008	4.0	1
31263	2008	2.7	5
31737	2008	3.25	8
32314	2008	3.0	3
32375	2008	3.0	2
32389	2008	4.0	1
44657	2008	3.423076923076923	13
49355	2008	3.5	9
53833	2008	4.0	1
8190	2008	2.857142857142857	7
26497	2008	3.8	5
30970	2008	3.5	3
34353	2008	3.5	2
52666	2008	4.0625	8
54419	2008	3.375	4
7890	2008	2.8333333333333335	3
8924	2008	3.875	4
26364	2008	4.0	3
26770	2008	3.5	8
31467	2008	3.3333333333333335	3
33191	2008	3.0	2
44595	2008	3.7916666666666665	12
7900	2008	2.25	2
7954	2008	3.25	2
7992	2008	3.5	3
8057	2008	4.0	5
8187	2008	3.3	5
8236	2008	3.3333333333333335	3
8293	2008	3.0	1
8329	2008	2.5	1
8384	2008	3.0	2
8388	2008	2.625	4
8393	2008	2.5	2
8402	2008	3.5	2
8465	2008	0.5	1
8519	2008	4.25	2
8544	2008	3.3333333333333335	3
8572	2008	2.1666666666666665	3
8594	2008	3.0	2
8603	2008	2.0	1
8630	2008	3.0	1
8646	2008	3.0	1
8648	2008	2.5	1
8693	2008	2.0	2
8705	2008	3.0	1
8716	2008	3.0	1
8744	2008	4.0	2
8747	2008	1.5	2
8756	2008	3.0	2
8799	2008	3.375	8
8801	2008	3.357142857142857	7
8803	2008	3.5	5
8818	2008	3.0	5
8820	2008	2.5	3
8853	2008	3.0	1
8877	2008	2.5	1
8896	2008	3.0	1
8962	2008	3.4	5
8975	2008	2.0	2
8976	2008	3.5	1
8992	2008	3.0	2
8996	2008	2.9	5
8997	2008	3.0	1
26128	2008	3.3333333333333335	3
26211	2008	3.1	5
26431	2008	3.7857142857142856	7
26976	2008	3.0	3
27736	2008	3.0	8
27765	2008	2.25	2
27783	2008	3.0	2
27841	2008	3.625	4
30890	2008	3.5	1
30949	2008	3.0714285714285716	7
31042	2008	2.6666666666666665	3
31045	2008	1.8333333333333333	3
31047	2008	3.0	1
31112	2008	2.5	1
31247	2008	3.5	1
31606	2008	3.0	1
31750	2008	3.0	1
32074	2008	1.75	2
32141	2008	2.0	1
32294	2008	3.0	1
32329	2008	3.5	1
32342	2008	2.5	1
32361	2008	2.3333333333333335	3
32385	2008	3.75	2
32625	2008	2.25	2
32674	2008	2.5	1
32999	2008	2.75	2
33132	2008	2.5	1
33150	2008	4.25	2
33152	2008	2.0	1
33688	2008	3.25	2
34526	2008	2.3333333333333335	3
36152	2008	3.125	4
36392	2008	2.75	4
36513	2008	3.5	7
36545	2008	3.6666666666666665	3
39390	2008	3.0	2
39410	2008	2.8333333333333335	3
39412	2008	3.0	1
41831	2008	3.611111111111111	9
42053	2008	1.5	1
47815	2008	2.5	1
48159	2008	2.4166666666666665	6
50356	2008	3.25	4
53131	2008	2.4	15
54783	2008	2.5	8
7986	2008	2.0833333333333335	6
31555	2008	2.4166666666666665	6
8882	2008	3.2857142857142856	7
25904	2008	3.8	5
51304	2008	1.6	5
34299	2008	3.875	4
47956	2008	2.625	8
26285	2008	3.735294117647059	17
8241	2008	2.9285714285714284	7
8734	2008	2.5	1
45503	2008	3.875	12
34189	2008	2.75	2
53737	2008	3.25	14
30745	2008	3.5	18
8258	2008	2.25	4
44844	2008	1.75	8
8889	2008	3.5	1
8503	2008	3.2857142857142856	7
31854	2008	3.0	7
51911	2008	3.1	5
52715	2008	2.1923076923076925	13
8232	2008	3.9	5
8003	2008	3.0	3
8518	2008	4.166666666666667	6
8804	2008	3.8333333333333335	3
31086	2008	3.6666666666666665	3
8642	2008	2.75	4
9008	2008	3.25	2
9019	2008	2.3333333333333335	3
27735	2008	2.5	4
27864	2008	2.727272727272727	11
31700	2008	3.111111111111111	9
32009	2008	3.1875	8
32139	2008	3.4	5
33685	2008	2.375	4
34129	2008	1.9	10
34767	2008	3.15	10
36553	2008	3.5	1
37844	2008	2.3333333333333335	3
40817	2008	2.5833333333333335	6
43923	2008	3.0	8
48909	2008	2.5	3
49110	2008	3.0	3
49205	2008	2.227272727272727	11
50253	2008	3.0	1
8502	2008	4.0	1
8336	2008	3.9375	8
25893	2008	3.9166666666666665	6
8140	2008	4.071428571428571	7
8679	2008	4.5	1
8686	2008	3.8333333333333335	3
26112	2008	3.0	1
48567	2008	3.6	5
38095	2008	3.2222222222222223	9
26834	2008	3.0714285714285716	7
27746	2008	3.4444444444444446	9
8927	2008	2.625	4
25807	2008	3.5	6
27402	2008	2.9444444444444446	9
33826	2008	3.2916666666666665	12
8696	2008	3.5	4
26394	2008	4.333333333333333	3
48600	2008	3.227272727272727	11
42556	2008	3.25	6
31026	2008	3.2	5
7878	2008	3.125	4
8719	2008	1.6	5
8790	2008	3.375	4
8837	2008	3.0	1
8894	2008	2.2	5
31104	2008	1.0	1
40586	2008	3.75	8
45981	2008	1.9615384615384615	26
32349	2008	3.8	5
8382	2008	4.25	2
8911	2008	3.125	12
25866	2008	3.55	10
8780	2008	3.642857142857143	7
8629	2008	3.0	1
8940	2008	2.5	1
8654	2008	1.8333333333333333	3
49817	2008	3.9166666666666665	6
8805	2008	3.5	5
8256	2008	3.9285714285714284	7
53835	2008	3.7	5
8168	2008	3.0	3
36752	2008	2.3333333333333335	3
8844	2008	3.5	8
25757	2008	3.8333333333333335	6
25782	2008	3.75	4
26096	2008	3.5	5
26170	2008	4.1	5
26360	2008	4.071428571428571	7
32383	2008	4.0	1
44587	2008	3.7333333333333334	15
8203	2008	5.0	1
7952	2008	2.5	2
8899	2008	3.3333333333333335	3
50898	2008	3.1666666666666665	3
7881	2008	3.0	3
7892	2008	3.3	5
8669	2008	3.0	1
25736	2008	2.8333333333333335	3
25737	2008	3.625	4
25934	2008	3.2	10
26117	2008	3.75	4
26142	2008	3.5	1
26379	2008	3.5	7
26649	2008	4.0	4
26861	2008	3.0	4
33296	2008	3.0	5
33629	2008	3.1666666666666665	6
44238	2008	2.5	1
44911	2008	3.25	2
45707	2008	3.5	1
51014	2008	3.0	4
54910	2008	3.6666666666666665	9
43853	2008	3.6666666666666665	3
46231	2008	3.0	4
7879	2008	3.5	3
8718	2008	3.625	4
25789	2008	4.25	2
26391	2008	3.375	4
50970	2008	1.375	4
43906	2008	3.5	1
32792	2008	4.214285714285714	7
46581	2008	2.5	1
8683	2008	3.1666666666666665	9
27573	2008	3.1	5
41336	2008	4.1	5
8025	2008	3.5	6
26985	2008	3.0	1
7935	2008	3.4166666666666665	6
27857	2008	3.75	4
31004	2008	3.25	2
37846	2008	2.75	2
8375	2008	3.0	5
8760	2008	2.1666666666666665	3
9013	2008	3.5	3
26187	2008	3.5	2
8488	2008	3.5	1
44189	2008	2.875	12
8733	2008	3.8333333333333335	3
8795	2008	3.2	5
53476	2008	3.25	2
33815	2008	3.269230769230769	13
8196	2008	3.6666666666666665	6
8525	2008	1.5	1
8725	2008	3.375	4
8761	2008	3.5	3
8903	2008	2.6666666666666665	3
9012	2008	4.0	1
32444	2008	4.125	4
8892	2008	2.0	1
27114	2008	2.6666666666666665	6
33008	2008	3.5	3
8598	2008	3.857142857142857	7
31060	2008	3.5	1
25795	2008	4.0	9
54144	2008	3.5	1
7899	2008	3.5	4
7884	2008	3.7	5
25759	2008	3.9285714285714284	7
43011	2008	2.5	5
46034	2008	3.625	4
8625	2008	4.5	2
8634	2008	3.625	4
32862	2008	3.0	3
27095	2008	3.5	6
27679	2008	3.0	2
27740	2008	2.5	1
31188	2008	3.5	4
49856	2008	3.375	4
52929	2008	3.5833333333333335	6
53342	2008	3.5	1
54691	2008	3.8333333333333335	6
8585	2008	3.5	1
8840	2008	3.0	2
8897	2008	4.5	1
31032	2008	2.5	3
37287	2008	3.0833333333333335	6
41627	2008	3.9375	8
50594	2008	3.4	5
7914	2008	3.0555555555555554	9
8739	2008	4.0	5
8794	2008	3.3333333333333335	3
34002	2008	3.4166666666666665	6
31705	2008	4.0	3
26134	2008	2.9166666666666665	6
52101	2008	3.75	2
8759	2008	4.0	1
7901	2008	3.0	2
8855	2008	2.25	2
27436	2008	4.5	1
8839	2008	2.5	2
26388	2008	3.0	1
26176	2008	3.875	4
7988	2008	3.625	4
8189	2008	2.25	2
31600	2008	3.0	1
48231	2008	3.5555555555555554	9
8394	2008	0.5	1
8707	2008	0.5	1
26136	2008	2.8333333333333335	3
32015	2008	1.0	1
26347	2008	3.625	4
47634	2008	3.0	8
8332	2008	3.5	4
38320	2008	4.5	1
47601	2008	3.5	3
32170	2008	4.0	3
8611	2008	3.875	4
32124	2008	3.75	2
36523	2008	3.0	1
32090	2008	5.0	1
8499	2008	3.642857142857143	7
8828	2008	4.5	1
7958	2008	4.0	1
7995	2008	4.5	1
8789	2008	4.0	1
26059	2008	3.0	2
25886	2008	3.8125	8
8068	2008	5.0	1
7886	2008	4.0	1
8004	2008	3.25	2
26915	2008	2.0833333333333335	6
8612	2008	1.75	4
26049	2008	4.166666666666667	3
46664	2008	4.0	7
37837	2008	2.75	2
34177	2008	3.0	2
8616	2008	2.5833333333333335	6
31584	2008	3.75	4
36539	2008	3.5	4
8678	2008	3.590909090909091	11
8422	2008	3.625	4
32345	2008	3.75	4
39896	2008	3.0	2
25914	2008	3.9	5
26483	2008	3.5	4
37976	2008	3.75	4
41699	2008	3.875	4
49037	2008	4.0	2
26509	2008	3.5	7
30783	2008	3.0	3
47907	2008	3.0	3
31309	2008	4.125	4
44653	2008	4.166666666666667	3
27830	2008	3.5	2
8944	2008	2.75	2
39402	2008	2.75	2
8769	2008	3.5	1
8713	2008	2.8333333333333335	6
25839	2008	4.125	4
8852	2008	3.0	5
32211	2008	2.8333333333333335	3
50949	2008	3.375	4
34170	2008	2.5	2
8812	2008	1.0	1
8063	2008	4.0	2
26038	2008	3.5	3
32632	2008	2.875	4
8265	2008	2.0	2
8391	2008	4.0	1
8123	2008	2.7	5
8007	2008	2.5	3
26048	2008	4.833333333333333	3
26073	2008	4.833333333333333	3
27874	2008	3.0	2
7872	2008	1.5	1
8294	2008	4.0	3
8988	2008	2.5	3
42213	2008	3.7	5
52865	2008	3.0	1
34624	2008	4.0	1
34158	2008	2.75	2
8398	2008	3.3333333333333335	3
26699	2008	3.8	5
8613	2008	2.25	4
53355	2008	5.0	1
8038	2008	0.5	1
8460	2008	3.4	5
8626	2008	0.75	2
8763	2008	3.0	1
54778	2008	0.75	2
43007	2008	3.5	2
8377	2008	4.25	2
39394	2008	4.125	4
8480	2008	3.1666666666666665	3
51209	2008	5.0	1
8663	2008	3.4	5
8758	2008	3.0	1
7946	2008	3.75	2
26498	2008	4.25	2
30996	2008	3.125	4
8606	2008	4.0	2
31682	2008	3.6666666666666665	3
26494	2008	3.4	5
8635	2008	2.5	1
8617	2008	4.5	1
8450	2008	0.5	1
33264	2008	5.0	2
33608	2008	3.8333333333333335	3
48123	2008	4.0	2
8040	2008	4.0	3
41564	2008	0.5	1
9015	2008	3.5	2
9002	2008	1.75	4
8335	2008	4.0	1
8483	2008	2.0	1
9003	2008	4.5	1
30977	2008	3.0	1
51372	2008	3.625	4
42736	2008	4.0	1
26067	2008	4.0	1
8893	2008	2.0	2
27338	2008	3.0	1
34645	2008	4.0	2
8704	2008	2.0	1
25951	2008	4.5	4
8816	2008	2.0	1
8817	2008	1.75	2
8819	2008	2.0	1
8037	2008	2.5	1
8885	2008	2.0	1
8851	2008	1.0	1
26898	2008	2.0	1
31998	2008	3.125	4
37957	2008	2.5	1
39659	2008	2.5	2
42783	2008	5.0	1
48374	2008	3.0	1
48649	2008	1.5	1
48899	2008	4.0	1
31577	2008	4.0	1
8960	2008	4.25	2
32617	2008	2.0	1
8238	2008	4.0	1
8823	2008	2.5	1
8900	2008	4.5	1
8035	2008	3.5	1
7837	2008	2.0	2
8953	2008	3.0	1
8994	2008	2.8333333333333335	3
8267	2008	3.0	2
32058	2008	3.2142857142857144	7
32149	2008	4.0	2
8041	2008	1.5	1
26734	2008	3.0	2
8455	2008	5.0	1
50477	2008	4.5	1
26612	2008	2.5	2
32602	2008	1.5	1
8206	2008	4.0	1
8536	2008	3.5	1
8709	2008	3.0	1
8748	2008	3.0	1
8802	2008	4.0	1
54318	2008	2.5	1
26230	2008	5.0	1
32335	2008	4.0	1
8742	2008	2.0	1
8453	2008	3.0	1
39429	2008	2.5	1
32605	2008	3.0	1
8122	2008	0.5	1
8655	2008	3.5	1
8993	2008	3.0	1
32325	2008	3.5	1
32109	2008	0.5	1
31038	2008	1.5	1
32120	2008	2.5	1
7847	2008	2.0	1
26841	2008	2.5	1
32151	2008	3.5	1
49644	2008	3.5	1