7361	2006	4.055446194225722	1524
5127	2006	3.2	30
5151	2006	2.741228070175439	114
5296	2006	2.7045454545454546	88
5299	2006	3.381996974281392	661
5377	2006	3.6431297709923665	524
5418	2006	3.791935483870968	1240
5679	2006	3.391935483870968	620
5816	2006	3.4962243797195254	927
5881	2006	3.179411764705882	170
5952	2006	4.02834008097166	2223
5989	2006	3.7228070175438597	1140
6280	2006	2.7	30
6367	2006	3.114406779661017	118
6377	2006	3.8465577596266045	1714
6378	2006	3.499189627228525	617
6502	2006	3.6593959731543624	596
6612	2006	3.775	20
6874	2006	3.90625	1536
6887	2006	3.4705882352941178	51
7147	2006	3.8006718924972005	893
7153	2006	4.076821773485514	2278
7173	2006	2.8743455497382198	191
7438	2006	3.850852272727273	1408
5445	2006	3.546126552335896	1691
5608	2006	3.967479674796748	123
5617	2006	3.7159863945578233	294
5954	2006	3.7943262411347516	282
6333	2006	3.6810200668896322	1196
6539	2006	3.9357333333333333	1875
6711	2006	3.7786259541984735	1179
7090	2006	3.9171826625387	646
7323	2006	3.8987915407854983	331
7371	2006	3.8694779116465865	249
5177	2006	3.902439024390244	41
5291	2006	4.155701754385965	228
5304	2006	4.068965517241379	29
5339	2006	3.843137254901961	51
5348	2006	3.0166666666666666	30
5378	2006	3.0660714285714286	1120
5397	2006	3.5416666666666665	12
5440	2006	3.59375	16
5796	2006	2.705357142857143	56
5826	2006	3.5454545454545454	22
5872	2006	3.0782747603833864	313
5937	2006	4.1	5
5956	2006	3.3257080610021785	459
6001	2006	3.755952380952381	84
6100	2006	3.4565217391304346	23
6143	2006	2.638888888888889	36
6254	2006	4.157894736842105	38
6273	2006	4.25	22
6365	2006	3.159564393939394	1056
6401	2006	3.0	9
6409	2006	3.8125	8
6426	2006	3.6666666666666665	6
6429	2006	4.052631578947368	19
6522	2006	3.75	6
6573	2006	3.409090909090909	11
6579	2006	3.9827586206896552	29
6581	2006	3.772727272727273	11
6584	2006	3.3333333333333335	21
6611	2006	3.9166666666666665	18
6643	2006	4.3108108108108105	37
6650	2006	4.050724637681159	69
6662	2006	3.651685393258427	267
6663	2006	3.4703389830508473	118
6666	2006	4.0	65
6750	2006	3.2884615384615383	26
6783	2006	4.13	50
6870	2006	3.8016	625
6985	2006	4.26595744680851	47
6993	2006	3.9276315789473686	152
7013	2006	4.160714285714286	84
7064	2006	3.893258426966292	89
7065	2006	2.9615384615384617	26
7070	2006	3.8777777777777778	45
7072	2006	3.8688524590163933	61
7073	2006	3.7455357142857144	112
7074	2006	4.076923076923077	13
7091	2006	4.131944444444445	72
7116	2006	3.962121212121212	66
7132	2006	3.941666666666667	120
7136	2006	3.409090909090909	11
7210	2006	3.9047619047619047	21
7212	2006	3.6875	16
7215	2006	4.038961038961039	77
7218	2006	3.94	25
7234	2006	4.041095890410959	73
7243	2006	4.0	8
7327	2006	4.181818181818182	55
7419	2006	3.8197674418604652	86
7569	2006	3.5868544600938965	213
7570	2006	3.3969465648854964	131
7573	2006	3.239795918367347	98
7581	2006	3.361111111111111	18
7700	2006	4.148936170212766	47
7706	2006	4.076923076923077	78
5107	2006	2.923076923076923	39
5833	2006	3.2903225806451615	62
6213	2006	3.1145833333333335	96
6225	2006	0.5	1
7000	2006	2.946078431372549	102
7007	2006	3.2586206896551726	116
5294	2006	3.8156028368794326	141
5349	2006	3.6090592334494773	1435
5669	2006	3.7205555555555554	900
5899	2006	3.7661290322580645	62
5903	2006	3.7892561983471076	363
5995	2006	3.9814540059347183	674
6016	2006	4.228464419475656	801
6062	2006	3.5625	80
6303	2006	3.727777777777778	90
6576	2006	3.8	5
6934	2006	3.023002421307506	826
6979	2006	3.6439588688946016	389
7143	2006	3.6543367346938775	784
7445	2006	3.647138964577657	367
5971	2006	4.125441696113074	283
6023	2006	3.546875	32
6787	2006	4.097560975609756	328
7099	2006	4.030927835051546	194
7121	2006	4.05	80
7139	2006	3.8916666666666666	180
7216	2006	3.715909090909091	44
7217	2006	3.842857142857143	35
7256	2006	4.124137931034483	145
7523	2006	3.25	4
7766	2006	4.13855421686747	83
7836	2006	3.7586206896551726	87
5464	2006	3.6122448979591835	539
6796	2006	3.716949152542373	295
7386	2006	3.575862068965517	145
5218	2006	3.6295336787564767	772
5225	2006	3.848375451263538	277
5477	2006	3.6186440677966103	59
5483	2006	3.685185185185185	27
5500	2006	3.536144578313253	166
5508	2006	3.5985915492957745	71
5569	2006	3.1739130434782608	23
5690	2006	4.086842105263158	190
5792	2006	3.3529411764705883	34
5959	2006	3.5855855855855854	111
6140	2006	3.5925925925925926	27
6301	2006	3.7714285714285714	70
6323	2006	3.5993975903614457	332
6331	2006	3.984513274336283	226
6385	2006	3.70746887966805	241
6387	2006	3.48	25
6552	2006	3.8132183908045976	174
6582	2006	3.4310344827586206	29
6618	2006	3.6699029126213594	206
6659	2006	3.201793721973094	223
6707	2006	2.7756410256410255	78
6748	2006	3.6153846153846154	26
6755	2006	3.5277777777777777	162
6772	2006	3.926470588235294	34
6857	2006	3.729357798165138	109
6947	2006	3.593320235756385	509
6953	2006	3.7447257383966246	474
6957	2006	3.456810631229236	301
7027	2006	3.555084745762712	118
7063	2006	4.078571428571428	70
7124	2006	3.738095238095238	21
7235	2006	3.6095890410958904	73
7254	2006	3.6750358680057387	697
7364	2006	3.4743589743589745	39
7382	2006	3.744186046511628	43
6218	2006	3.5594541910331383	513
5444	2006	3.382838283828383	303
6350	2006	4.045945945945946	185
5120	2006	4.038461538461538	65
5147	2006	4.083333333333333	102
5187	2006	3.6	10
5292	2006	3.5310344827586206	145
5420	2006	2.670103092783505	97
5674	2006	2.25	2
5752	2006	3.782608695652174	23
5820	2006	3.8518518518518516	27
5859	2006	3.107142857142857	14
5914	2006	4.194444444444445	18
6264	2006	2.4408602150537635	93
6440	2006	3.75	198
6448	2006	3.7549019607843137	51
6754	2006	3.2477341389728096	331
6764	2006	3.4343434343434343	99
6872	2006	1.2788461538461537	52
6920	2006	3.982142857142857	28
6932	2006	3.703488372093023	86
7025	2006	3.891891891891892	37
7162	2006	3.422382671480144	277
7263	2006	3.7781065088757395	169
7348	2006	3.392857142857143	56
7561	2006	3.5	9
7728	2006	3.7254901960784315	51
7762	2006	4.2368421052631575	19
7820	2006	3.985294117647059	34
5110	2006	3.6474358974358974	156
5219	2006	2.968978102189781	274
5254	2006	3.1229773462783172	309
5293	2006	3.146788990825688	109
5388	2006	3.359567901234568	324
5463	2006	2.8392857142857144	140
5528	2006	3.257102272727273	352
5574	2006	3.178048780487805	205
5630	2006	3.4346666666666668	375
5782	2006	4.091575091575091	273
5883	2006	2.34375	16
5949	2006	3.90625	16
6059	2006	3.2666666666666666	150
6188	2006	3.6031941031941033	407
6287	2006	2.9745762711864407	236
6482	2006	1.6981981981981982	111
6565	2006	3.655759162303665	382
6587	2006	1.088235294117647	51
6615	2006	2.4074074074074074	108
6617	2006	3.590909090909091	77
6880	2006	2.6510416666666665	96
7203	2006	3.125	20
7360	2006	3.4655737704918033	305
7368	2006	2.6666666666666665	3
7439	2006	3.0485436893203883	103
7449	2006	2.108695652173913	46
5650	2006	3.585	100
6193	2006	3.557142857142857	35
6676	2006	3.8333333333333335	6
6807	2006	3.759026687598116	637
5346	2006	2.4411764705882355	17
5618	2006	4.138312586445367	723
5712	2006	3.477777777777778	45
6130	2006	2.75	6
6725	2006	2.2	15
6974	2006	3.119047619047619	42
7094	2006	3.4210526315789473	19
7293	2006	3.4691011235955056	356
7618	2006	3.6488095238095237	84
7698	2006	3.6604938271604937	81
7009	2006	3.015625	32
7076	2006	3.635593220338983	118
7373	2006	3.2224938875305624	409
5136	2006	1.7727272727272727	11
5298	2006	3.390909090909091	55
5452	2006	1.9528985507246377	138
5478	2006	2.517857142857143	84
5784	2006	2.4423076923076925	78
5808	2006	2.6842105263157894	19
6157	2006	2.5014450867052025	346
6731	2006	3.4864864864864864	74
7036	2006	2.6527777777777777	72
7346	2006	3.3727810650887573	169
7387	2006	3.8588516746411483	209
7451	2006	3.5119760479041915	334
7701	2006	2.009677419354839	155
5308	2006	2.765193370165746	181
5791	2006	3.652061855670103	194
5890	2006	3.8020833333333335	48
6286	2006	3.723809523809524	105
6542	2006	3.8333333333333335	36
6690	2006	3.75	12
6793	2006	2.4583333333333335	96
7154	2006	2.9841772151898733	158
7809	2006	3.206896551724138	29
6281	2006	3.378140703517588	398
7440	2006	3.7906976744186047	43
5152	2006	3.4679144385026737	187
5323	2006	2.0	49
5459	2006	2.825187969924812	532
5999	2006	2.388888888888889	27
6373	2006	3.1398916967509027	554
6537	2006	3.0642201834862384	545
5367	2006	3.4302325581395348	43
6077	2006	3.4166666666666665	6
7088	2006	3.9642857142857144	28
7092	2006	3.125	8
7206	2006	4.109375	32
7209	2006	3.9125	40
7219	2006	3.5384615384615383	13
7161	2006	2.7735849056603774	106
7317	2006	3.247967479674797	123
5319	2006	3.826530612244898	49
5425	2006	3.6666666666666665	12
5682	2006	3.4411764705882355	17
5812	2006	3.683098591549296	71
5876	2006	3.486666666666667	75
5945	2006	3.484126984126984	315
6214	2006	3.435064935064935	77
6297	2006	3.4081632653061225	147
6567	2006	3.580357142857143	56
6708	2006	3.6202898550724636	345
6867	2006	3.9878542510121457	247
6879	2006	3.6449579831932772	238
6898	2006	3.9	15
6942	2006	3.8363309352517985	556
7137	2006	3.601503759398496	133
7158	2006	3.693452380952381	168
7459	2006	3.7439024390243905	41
6970	2006	3.9318181818181817	44
7834	2006	3.8488372093023258	43
5991	2006	3.4924528301886792	530
5364	2006	3.2880434782608696	92
5680	2006	3.2916666666666665	36
5992	2006	3.6647940074906367	267
7149	2006	3.423076923076923	195
5663	2006	2.7058823529411766	17
6852	2006	3.8285714285714287	70
6952	2006	2.7376543209876543	162
7347	2006	3.0786516853932584	178
6538	2006	3.2181818181818183	110
6818	2006	3.975	20
6890	2006	3.532608695652174	138
7484	2006	3.8125	48
6235	2006	3.8076923076923075	52
6283	2006	3.7625	160
6986	2006	3.8698630136986303	73
7086	2006	3.9	15
5146	2006	3.816901408450704	71
5498	2006	4.076923076923077	39
6156	2006	3.1866666666666665	150
6242	2006	3.468609865470852	223
6541	2006	2.6072463768115943	345
6548	2006	3.065340909090909	176
6709	2006	3.08128078817734	203
6721	2006	3.5753424657534247	73
6863	2006	3.435410334346505	658
7022	2006	3.748299319727891	294
7482	2006	3.7660550458715596	218
5681	2006	4.5	3
7306	2006	3.823529411764706	17
5544	2006	3.525	40
5341	2006	3.7285714285714286	35
5902	2006	3.77008547008547	585
6104	2006	3.883720930232558	172
6620	2006	3.8455598455598454	259
7160	2006	3.633217993079585	289
7349	2006	4.0	12
7802	2006	3.616279069767442	86
5213	2006	2.3125	8
5247	2006	3.2903225806451615	62
5265	2006	3.388235294117647	85
5313	2006	2.5413793103448277	145
5382	2006	2.896551724137931	29
5431	2006	3.3125	8
5479	2006	3.0615384615384613	65
5502	2006	3.096518987341772	632
5540	2006	3.2653061224489797	49
5568	2006	3.086206896551724	29
6078	2006	3.0	40
6996	2006	1.9071428571428573	70
7044	2006	3.443396226415094	106
7102	2006	2.9727272727272727	55
7123	2006	3.536697247706422	109
7300	2006	3.5	18
7458	2006	3.1692139737991267	458
7460	2006	3.4213483146067416	89
6580	2006	3.5	3
5142	2006	3.8	5
6228	2006	3.5	10
6299	2006	3.875	76
6380	2006	3.9015748031496065	127
6777	2006	3.9761904761904763	63
5101	2006	3.642857142857143	21
5707	2006	3.596774193548387	31
6122	2006	3.985294117647059	34
6206	2006	2.5	5
6779	2006	3.5238095238095237	21
7062	2006	3.772727272727273	22
7190	2006	3.5833333333333335	12
7579	2006	3.619047619047619	63
5250	2006	3.3125	24
5942	2006	2.6557377049180326	61
6021	2006	3.4615384615384617	13
6437	2006	3.5833333333333335	6
6550	2006	2.622047244094488	127
6944	2006	3.2177777777777776	225
5475	2006	3.6363636363636362	22
5701	2006	0.875	4
6101	2006	3.5681818181818183	22
6216	2006	3.875	44
6773	2006	3.7363636363636363	220
6950	2006	3.0161290322580645	31
5763	2006	3.6538461538461537	13
5446	2006	3.9107142857142856	140
5283	2006	3.2644628099173554	121
5449	2006	2.759562841530055	183
5481	2006	2.9347826086956523	460
6155	2006	3.022167487684729	203
6338	2006	2.370967741935484	62
6586	2006	2.8675496688741724	151
7150	2006	2.907142857142857	70
7320	2006	3.2758620689655173	29
7325	2006	3.0509803921568626	255
7448	2006	2.255813953488372	43
5527	2006	3.5294117647058822	17
5625	2006	3.338235294117647	34
5788	2006	3.892857142857143	14
5829	2006	3.625	8
5994	2006	3.3823529411764706	17
6159	2006	3.642857142857143	14
6268	2006	3.9130434782608696	23
6335	2006	3.423076923076923	13
6342	2006	2.75	2
6545	2006	3.7	15
6714	2006	3.5	3
6760	2006	3.4	10
6765	2006	3.3045977011494254	87
6770	2006	3.8333333333333335	39
6875	2006	3.3125	8
6897	2006	3.4166666666666665	6
7201	2006	3.7142857142857144	7
7265	2006	3.449367088607595	79
7314	2006	3.0	5
7324	2006	3.2745901639344264	122
7352	2006	3.6785714285714284	28
7366	2006	2.9419642857142856	112
7377	2006	3.642857142857143	49
7383	2006	3.45	10
6294	2006	2.685	100
7001	2006	3.480769230769231	104
5303	2006	2.88	75
7316	2006	2.3472222222222223	36
6368	2006	3.838709677419355	31
7745	2006	3.6666666666666665	21
5103	2006	3.669491525423729	236
5472	2006	3.3636363636363638	11
5629	2006	3.2857142857142856	14
6316	2006	2.5434782608695654	23
7060	2006	3.4565217391304346	46
7614	2006	3.1372549019607843	51
5356	2006	0.75	4
5944	2006	3.003225806451613	155
5955	2006	3.5925925925925926	81
6664	2006	3.025735294117647	136
6753	2006	3.665625	160
6862	2006	3.2093023255813953	43
6951	2006	1.6666666666666667	54
7018	2006	3.6285714285714286	105
7046	2006	3.200854700854701	117
7301	2006	4.0	12
5447	2006	3.45	10
5497	2006	3.2	15
5522	2006	3.3026315789473686	38
6305	2006	3.59375	112
6774	2006	3.6621621621621623	111
7163	2006	3.053977272727273	176
7649	2006	3.7045454545454546	110
5266	2006	3.0849056603773586	371
5400	2006	3.0236686390532546	169
5507	2006	2.6505791505791505	259
5598	2006	2.7	10
5810	2006	3.1302931596091206	307
5828	2006	1.75	2
6040	2006	2.242857142857143	35
6252	2006	2.517857142857143	28
6485	2006	2.2777777777777777	18
6534	2006	2.586826347305389	334
6558	2006	2.53125	32
6566	2006	2.097560975609756	41
6593	2006	3.176470588235294	170
6820	2006	3.450980392156863	51
7004	2006	2.6736641221374047	262
7247	2006	3.288235294117647	85
7285	2006	3.5064102564102564	156
7319	2006	2.53125	32
7345	2006	2.25	24
7369	2006	2.215686274509804	51
7374	2006	2.6666666666666665	24
7375	2006	2.984848484848485	33
7376	2006	2.880281690140845	71
7380	2006	3.1320754716981134	53
7381	2006	2.6890243902439024	82
7453	2006	1.9318181818181819	22
7454	2006	2.7480916030534353	262
5541	2006	3.1475	200
5699	2006	2.7	5
5620	2006	3.107142857142857	196
5804	2006	2.630952380952381	42
6936	2006	3.3555194805194803	308
7767	2006	4.170212765957447	47
5105	2006	3.8333333333333335	60
6987	2006	3.9517543859649122	114
5673	2006	3.5205278592375366	341
5419	2006	2.3884297520661155	121
5476	2006	1.9189189189189189	37
5588	2006	2.9696969696969697	33
5693	2006	3.066666666666667	150
5747	2006	3.78515625	128
5780	2006	3.625	20
5785	2006	3.0135869565217392	184
6243	2006	2.716666666666667	30
6503	2006	2.380191693290735	313
6564	2006	2.6348039215686274	204
6784	2006	3.3125	8
6888	2006	2.4895287958115184	191
6966	2006	3.0543478260869565	92
7103	2006	2.9	5
7399	2006	2.71875	16
7810	2006	3.81	50
7812	2006	3.4722222222222223	36
5597	2006	2.1333333333333333	15
5692	2006	3.1818181818181817	11
6435	2006	3.125	4
6470	2006	3.0625	8
6497	2006	3.1666666666666665	3
6808	2006	3.75	104
6810	2006	2.7468354430379747	79
7017	2006	2.753846153846154	65
7104	2006	2.6184210526315788	38
7156	2006	4.1020408163265305	196
7312	2006	3.0	6
7723	2006	2.0	4
5095	2006	3.375	20
5111	2006	2.953125	32
5171	2006	2.645714285714286	175
5282	2006	2.9375	40
5309	2006	2.5067567567567566	74
5312	2006	2.8970588235294117	68
5316	2006	3.1739130434782608	46
5329	2006	3.6333333333333333	75
5387	2006	2.537037037037037	27
5391	2006	3.723684210526316	38
5421	2006	3.537037037037037	54
5438	2006	2.707317073170732	41
5485	2006	3.25	14
5486	2006	3.6666666666666665	6
5505	2006	3.5118110236220472	127
5506	2006	3.0918367346938775	49
5524	2006	2.78125	48
5564	2006	2.1964285714285716	28
5570	2006	3.727272727272727	44
5577	2006	3.525	140
5613	2006	3.3333333333333335	42
5633	2006	3.8484848484848486	33
5665	2006	2.6	20
5677	2006	2.1052631578947367	19
5809	2006	3.0	56
5818	2006	3.0	12
5843	2006	2.913793103448276	29
5853	2006	3.2327586206896552	58
5938	2006	3.7222222222222223	36
5951	2006	3.1	5
5962	2006	1.8863636363636365	22
6215	2006	3.56	25
6220	2006	3.04	25
6263	2006	3.088709677419355	62
6296	2006	3.587719298245614	171
6320	2006	2.3333333333333335	9
6322	2006	3.42	50
6330	2006	2.611111111111111	9
6337	2006	3.5555555555555554	45
6341	2006	3.525	20
6374	2006	3.0526315789473686	38
6436	2006	3.5096153846153846	52
6547	2006	3.1153846153846154	13
6595	2006	2.8114754098360657	183
6596	2006	2.5	27
6669	2006	4.1647727272727275	88
6710	2006	3.6470588235294117	34
6720	2006	2.409090909090909	11
6751	2006	1.9074074074074074	27
6797	2006	3.264705882352941	34
6811	2006	3.3333333333333335	36
6860	2006	3.0	6
6873	2006	3.201219512195122	164
6881	2006	3.715909090909091	88
6885	2006	2.5416666666666665	36
6927	2006	3.057377049180328	61
6973	2006	2.3846153846153846	13
6977	2006	3.15625	32
6978	2006	3.527027027027027	37
7003	2006	3.566666666666667	15
7028	2006	3.557377049180328	61
7039	2006	3.5714285714285716	21
7040	2006	3.5555555555555554	36
7101	2006	2.8840579710144927	69
7226	2006	2.9444444444444446	9
7257	2006	2.3518518518518516	27
7294	2006	2.6785714285714284	42
7321	2006	2.2045454545454546	22
7354	2006	3.0	27
7362	2006	2.9609375	64
7365	2006	3.772727272727273	22
7367	2006	3.0235602094240837	191
7616	2006	3.357142857142857	35
7624	2006	3.29	50
7763	2006	3.7916666666666665	12
7792	2006	3.86046511627907	43
5135	2006	3.658119658119658	117
5878	2006	3.9700460829493087	217
7318	2006	3.2339449541284404	218
7774	2006	2.5	4
7790	2006	3.1176470588235294	17
5267	2006	3.282608695652174	92
6832	2006	3.25	52
7142	2006	2.2777777777777777	27
5380	2006	3.5961538461538463	78
7020	2006	3.6956521739130435	23
5352	2006	3.5357142857142856	14
6300	2006	3.9722222222222223	18
6344	2006	3.730769230769231	39
7297	2006	3.5384615384615383	26
5389	2006	3.104651162790698	43
5667	2006	3.240740740740741	27
6003	2006	3.526315789473684	209
6058	2006	2.900709219858156	141
6266	2006	2.9390243902439024	41
6289	2006	3.5714285714285716	7
6298	2006	2.1904761904761907	21
6549	2006	3.0833333333333335	12
6763	2006	2.489130434782609	46
7151	2006	3.42258064516129	155
7169	2006	2.875	28
7444	2006	3.1666666666666665	132
6827	2006	1.96	25
6831	2006	2.5	2
6306	2006	3.8421052631578947	19
6002	2006	3.3529411764705883	17
7773	2006	3.8962264150943398	53
6665	2006	3.1666666666666665	9
6800	2006	2.3333333333333335	42
6125	2006	3.685185185185185	27
6144	2006	4.25	2
6383	2006	2.2314814814814814	162
6535	2006	2.283582089552239	134
6251	2006	2.78125	16
6889	2006	3.1346153846153846	78
7034	2006	3.6761006289308176	159
5893	2006	3.4565217391304346	46
5686	2006	2.782608695652174	23
6290	2006	2.870967741935484	62
6467	2006	3.7777777777777777	9
6945	2006	3.6904761904761907	21
6975	2006	3.707317073170732	41
7167	2006	3.4375	8
7786	2006	4.023809523809524	21
7827	2006	3.5793650793650795	63
5772	2006	3.765625	32
7478	2006	4.0	28
7782	2006	2.7586206896551726	29
5912	2006	4.0	3
6792	2006	3.0555555555555554	9
6724	2006	3.9859154929577465	71
7587	2006	4.073770491803279	61
5222	2006	3.3442622950819674	61
5401	2006	2.907142857142857	70
5563	2006	2.9038461538461537	26
5941	2006	2.8846153846153846	39
5672	2006	1.2962962962962963	27
6483	2006	0.8974358974358975	39
6519	2006	3.0	15
7289	2006	2.0833333333333335	6
6559	2006	2.9347826086956523	23
6893	2006	3.590625	160
7164	2006	3.5481927710843375	83
6288	2006	3.42	25
6327	2006	3.72972972972973	37
6636	2006	3.5166666666666666	60
7647	2006	3.740740740740741	27
7058	2006	3.6458333333333335	24
7572	2006	3.9210526315789473	38
7705	2006	3.4473684210526314	19
6291	2006	3.827956989247312	93
5434	2006	3.75	22
5993	2006	3.25	8
6269	2006	4.048387096774194	31
6279	2006	3.6	10
6868	2006	3.3815789473684212	38
7084	2006	4.110294117647059	68
6093	2006	3.56140350877193	57
6645	2006	3.4166666666666665	78
7236	2006	3.152173913043478	23
7811	2006	3.3793103448275863	29
5172	2006	2.1136363636363638	22
5288	2006	3.9857142857142858	35
5333	2006	4.323529411764706	17
5395	2006	2.75	6
5414	2006	2.8	35
5435	2006	3.533333333333333	15
5496	2006	3.5714285714285716	7
5553	2006	3.1153846153846154	39
5987	2006	3.1875	8
6020	2006	2.5833333333333335	6
6107	2006	3.4285714285714284	7
6176	2006	2.0	2
6208	2006	2.125	4
6356	2006	3.159090909090909	22
6428	2006	3.5	35
6460	2006	3.98	25
6478	2006	3.5	15
6603	2006	3.375	4
6652	2006	3.5833333333333335	6
6727	2006	3.5	18
6730	2006	2.3636363636363638	11
6803	2006	3.264705882352941	17
6812	2006	2.732142857142857	28
6989	2006	3.39	50
7055	2006	3.857142857142857	21
7115	2006	3.75	38
7135	2006	3.8181818181818183	33
7725	2006	2.05	20
7817	2006	2.7903225806451615	31
5214	2006	3.0344827586206895	29
5230	2006	2.8333333333333335	6
5246	2006	2.5588235294117645	17
5301	2006	3.5	3
5354	2006	3.4285714285714284	7
5429	2006	3.3333333333333335	6
5638	2006	2.5217391304347827	23
5651	2006	3.4705882352941178	17
5768	2006	2.625	8
5854	2006	2.8	5
5923	2006	2.857142857142857	7
5926	2006	2.5	1
5927	2006	2.607142857142857	14
6141	2006	2.6	5
6231	2006	3.6666666666666665	6
6315	2006	3.033333333333333	15
6413	2006	3.3636363636363638	11
6434	2006	3.1666666666666665	3
6785	2006	3.518181818181818	55
6813	2006	3.3	10
6999	2006	3.1346153846153846	26
7414	2006	3.5	4
7617	2006	3.1785714285714284	14
5404	2006	3.6842105263157894	19
5525	2006	3.911764705882353	34
5611	2006	2.8793103448275863	29
5646	2006	3.619047619047619	21
5787	2006	2.9375	8
6027	2006	3.7241379310344827	29
6195	2006	3.85	10
6382	2006	3.7916666666666665	12
6646	2006	2.6470588235294117	17
6786	2006	3.7023809523809526	42
6791	2006	3.8951612903225805	62
6856	2006	3.4782608695652173	23
6984	2006	3.736842105263158	19
7023	2006	4.007692307692308	65
7791	2006	3.35	20
7125	2006	3.9583333333333335	12
5139	2006	3.3333333333333335	63
5572	2006	3.017857142857143	56
5803	2006	2.625	52
5874	2006	2.6739130434782608	23
5900	2006	2.7455357142857144	112
6212	2006	2.6810344827586206	58
6451	2006	4.0	8
6696	2006	3.2777777777777777	9
7261	2006	2.857142857142857	14
7340	2006	3.1153846153846154	13
5279	2006	4.0588235294117645	17
6197	2006	3.5813953488372094	86
6332	2006	2.121212121212121	33
7178	2006	3.25	16
7075	2006	4.0588235294117645	51
5108	2006	3.1866666666666665	75
6959	2006	2.5982142857142856	56
7481	2006	3.44	75
5668	2006	3.47972972972973	74
6187	2006	3.6433566433566433	143
6686	2006	2.480769230769231	26
6909	2006	3.1714285714285713	35
5470	2006	3.8157894736842106	38
5840	2006	3.6923076923076925	26
6014	2006	2.441860465116279	43
6056	2006	3.6666666666666665	6
6123	2006	3.6153846153846154	13
6828	2006	3.6	5
7586	2006	3.1785714285714284	14
5799	2006	3.4444444444444446	18
5800	2006	3.8333333333333335	6
5965	2006	3.75	16
6405	2006	3.274193548387097	31
6441	2006	3.375	24
6768	2006	3.460526315789474	38
7050	2006	3.7083333333333335	12
7311	2006	3.9302325581395348	43
7584	2006	3.5526315789473686	38
6780	2006	3.6911764705882355	34
7199	2006	3.7857142857142856	21
5192	2006	3.25	6
5357	2006	3.1944444444444446	18
5666	2006	3.2302631578947367	76
6006	2006	2.527027027027027	74
6293	2006	3.5	9
6639	2006	3.970149253731343	67
7315	2006	2.7857142857142856	7
5710	2006	3.125	8
5822	2006	2.5	6
5946	2006	3.3333333333333335	3
5417	2006	3.76	25
6761	2006	3.7083333333333335	12
6769	2006	2.625	8
5501	2006	1.868421052631579	38
5602	2006	3.7434210526315788	76
5635	2006	3.2	5
5943	2006	2.3676470588235294	102
6623	2006	3.0	3
7255	2006	2.9651162790697674	43
5096	2006	1.8157894736842106	19
5325	2006	3.643939393939394	66
6166	2006	2.3642857142857143	70
6591	2006	3.7635135135135136	74
6954	2006	3.8956043956043955	91
7005	2006	2.5526315789473686	38
5403	2006	3.5	1
6859	2006	4.166666666666667	9
6896	2006	4.4375	8
7560	2006	3.9652777777777777	72
7566	2006	4.2073170731707314	41
7619	2006	3.8653846153846154	52
5251	2006	3.75	6
5437	2006	2.8125	8
5643	2006	3.8	25
5783	2006	4.166666666666667	6
5957	2006	2.933333333333333	135
6963	2006	3.8653846153846154	26
6902	2006	3.893617021276596	47
5523	2006	2.107142857142857	28
5678	2006	2.6842105263157894	19
5226	2006	3.3333333333333335	21
5548	2006	3.0444444444444443	45
5988	2006	2.7857142857142856	7
6619	2006	3.0217391304347827	23
6991	2006	3.1724137931034484	29
5353	2006	3.5454545454545454	11
5415	2006	2.78125	64
5621	2006	2.4308510638297873	94
5933	2006	3.5833333333333335	6
6239	2006	3.466666666666667	30
6353	2006	1.6666666666666667	3
6997	2006	3.217391304347826	23
7008	2006	3.6666666666666665	51
7029	2006	3.1666666666666665	18
7030	2006	3.78125	16
7280	2006	1.6875	8
7417	2006	3.1666666666666665	9
7615	2006	4.0	5
5882	2006	3.2318840579710146	69
6790	2006	3.236111111111111	36
6079	2006	3.5	1
6295	2006	2.6666666666666665	3
6771	2006	2.1	15
6892	2006	2.7	15
7276	2006	3.111111111111111	9
5628	2006	3.5588235294117645	34
6642	2006	3.0625	8
6672	2006	3.9827586206896552	29
6864	2006	3.888888888888889	18
7175	2006	1.7307692307692308	13
7193	2006	2.84375	32
7292	2006	2.0625	8
7389	2006	2.7666666666666666	15
5529	2006	2.5344827586206895	29
5636	2006	3.5416666666666665	12
6809	2006	3.236842105263158	19
5284	2006	2.8333333333333335	6
5685	2006	3.5526315789473686	38
6493	2006	2.608695652173913	23
5363	2006	2.627906976744186	43
5416	2006	3.625	4
6882	2006	3.261904761904762	21
5836	2006	2.923076923076923	13
5940	2006	2.78125	16
6099	2006	1.5	2
6392	2006	3.0	6
6624	2006	2.2666666666666666	45
6990	2006	3.629032258064516	31
6995	2006	1.625	8
7155	2006	3.4488636363636362	88
7227	2006	3.6470588235294117	17
7743	2006	3.370967741935484	31
6776	2006	3.606382978723404	47
6464	2006	2.25	28
5970	2006	3.060344827586207	116
5379	2006	3.9285714285714284	56
5653	2006	3.875	12
6561	2006	3.716666666666667	30
6871	2006	3.125	4
7756	2006	3.761904761904762	21
7396	2006	4.078125	32
7197	2006	3.40625	16
5642	2006	3.0555555555555554	9
7122	2006	3.8823529411764706	17
6148	2006	3.5	5
5530	2006	2.5642857142857145	70
5604	2006	3.8043478260869565	23
5896	2006	3.3214285714285716	14
5929	2006	2.7	5
6170	2006	3.3461538461538463	52
6250	2006	2.3882978723404253	94
6461	2006	4.068181818181818	88
6823	2006	1.5	1
7045	2006	3.3951612903225805	62
7208	2006	3.6	15
5102	2006	2.9242424242424243	33
5106	2006	1.5	55
5128	2006	2.63855421686747	83
5134	2006	3.2222222222222223	18
5137	2006	3.8275862068965516	29
5153	2006	2.5	4
5163	2006	3.5	3
5165	2006	3.3823529411764706	17
5198	2006	3.760869565217391	23
5204	2006	3.3333333333333335	3
5205	2006	3.125	4
5206	2006	2.0	2
5220	2006	2.8358208955223883	67
5223	2006	2.5	4
5224	2006	2.9	5
5237	2006	3.378787878787879	33
5255	2006	2.4375	24
5259	2006	3.5	1
5263	2006	3.5	1
5264	2006	2.519230769230769	26
5268	2006	3.5	3
5269	2006	3.730769230769231	39
5276	2006	2.4	5
5285	2006	3.5	2
5310	2006	1.9583333333333333	12
5311	2006	3.0625	8
5383	2006	3.425925925925926	27
5423	2006	3.269230769230769	13
5443	2006	2.25	12
5451	2006	3.2058823529411766	17
5453	2006	3.375	8
5458	2006	1.8888888888888888	9
5460	2006	2.8181818181818183	22
5504	2006	2.4339622641509435	53
5513	2006	2.0	5
5516	2006	3.8181818181818183	11
5526	2006	3.4523809523809526	21
5532	2006	2.9166666666666665	6
5556	2006	1.4891304347826086	46
5573	2006	2.6515151515151514	33
5584	2006	1.75	18
5585	2006	2.0	19
5587	2006	1.1428571428571428	7
5592	2006	3.5	2
5595	2006	2.5	4
5606	2006	2.5	5
5609	2006	1.9193548387096775	31
5649	2006	3.65625	16
5660	2006	3.625	4
5670	2006	3.1363636363636362	33
5675	2006	1.8076923076923077	13
5684	2006	3.4583333333333335	12
5713	2006	2.5	2
5715	2006	3.5	1
5726	2006	3.2142857142857144	7
5727	2006	3.0	1
5731	2006	3.2142857142857144	7
5732	2006	3.676470588235294	17
5733	2006	3.1666666666666665	6
5734	2006	1.3	15
5735	2006	1.8421052631578947	19
5778	2006	2.375	4
5779	2006	1.6875	8
5797	2006	3.760869565217391	23
5824	2006	3.25	4
5850	2006	3.5	2
5860	2006	2.0	1
5862	2006	3.0	3
5867	2006	3.433333333333333	15
5879	2006	2.703125	32
5891	2006	2.4285714285714284	21
5909	2006	3.68	25
5918	2006	2.4444444444444446	9
5925	2006	2.5	3
5935	2006	3.142857142857143	7
5960	2006	3.1	5
5969	2006	2.3289473684210527	38
5973	2006	3.5	1
5980	2006	3.1842105263157894	19
6005	2006	3.1555555555555554	45
6009	2006	3.3333333333333335	3
6012	2006	2.734375	32
6013	2006	2.0172413793103448	29
6025	2006	2.642857142857143	7
6063	2006	3.25	26
6067	2006	3.45	10
6185	2006	3.125	16
6219	2006	2.6551724137931036	29
6223	2006	3.4166666666666665	36
6229	2006	3.375	8
6245	2006	3.6666666666666665	9
6265	2006	2.5	15
6272	2006	3.0833333333333335	6
6284	2006	0.6666666666666666	3
6304	2006	2.9444444444444446	9
6314	2006	3.0555555555555554	9
6325	2006	2.375	8
6379	2006	2.9339622641509435	53
6395	2006	3.1153846153846154	13
6396	2006	2.75	8
6400	2006	4.125	8
6406	2006	3.1666666666666665	3
6425	2006	2.7	10
6484	2006	2.6636363636363636	55
6486	2006	3.1	5
6505	2006	3.25	2
6506	2006	3.8333333333333335	12
6530	2006	3.966666666666667	45
6536	2006	3.1666666666666665	30
6572	2006	2.75	10
6592	2006	3.375	16
6598	2006	3.8260869565217392	23
6602	2006	3.125	8
6614	2006	3.4285714285714284	14
6621	2006	2.75	2
6629	2006	3.175	20
6631	2006	2.5	6
6638	2006	3.0294117647058822	17
6641	2006	3.4	5
6653	2006	2.9166666666666665	6
6667	2006	3.880952380952381	21
6685	2006	1.8333333333333333	3
6687	2006	2.6176470588235294	34
6695	2006	2.4625	40
6702	2006	2.6041666666666665	24
6703	2006	2.761904761904762	21
6705	2006	3.380952380952381	21
6713	2006	3.888888888888889	18
6734	2006	2.90625	16
6741	2006	3.0	3
6742	2006	3.3333333333333335	3
6743	2006	3.5	57
6744	2006	2.38	25
6759	2006	3.0	3
6795	2006	2.1	5
6802	2006	3.111111111111111	9
6804	2006	3.8333333333333335	3
6806	2006	3.125	16
6815	2006	3.5454545454545454	11
6816	2006	3.5952380952380953	21
6839	2006	2.642857142857143	7
6842	2006	3.875	4
6858	2006	3.8666666666666667	30
6866	2006	3.3	5
6869	2006	3.75	24
6884	2006	3.1052631578947367	19
6900	2006	3.357142857142857	7
6930	2006	4.0	4
6940	2006	3.8	5
6946	2006	2.421875	32
6948	2006	3.1	15
6958	2006	2.611111111111111	27
6967	2006	4.2272727272727275	11
6971	2006	3.7586206896551726	29
6976	2006	3.6818181818181817	11
7019	2006	2.730769230769231	13
7048	2006	3.433333333333333	30
7107	2006	3.8076923076923075	26
7108	2006	3.611111111111111	9
7110	2006	3.5	2
7114	2006	3.533333333333333	15
7141	2006	3.375	8
7170	2006	2.4375	8
7171	2006	3.4705882352941178	17
7202	2006	2.8214285714285716	14
7228	2006	2.4833333333333334	30
7250	2006	3.4705882352941178	17
7258	2006	2.8142857142857145	35
7266	2006	2.5	10
7269	2006	3.0	1
7270	2006	3.5	3
7278	2006	3.0	5
7282	2006	0.625	4
7304	2006	3.45	10
7307	2006	3.088235294117647	17
7313	2006	2.1818181818181817	11
7335	2006	3.823529411764706	17
7338	2006	4.214285714285714	7
7379	2006	2.8214285714285716	28
7385	2006	3.3333333333333335	3
7402	2006	2.375	4
7410	2006	3.1666666666666665	9
7418	2006	3.875	4
7437	2006	3.3333333333333335	21
7474	2006	3.5	3
7492	2006	3.142857142857143	7
7564	2006	4.09375	16
7636	2006	2.9473684210526314	19
7637	2006	3.0416666666666665	12
7646	2006	2.966666666666667	30
7713	2006	3.5	24
7742	2006	3.3	10
7753	2006	3.9	10
7757	2006	3.488888888888889	45
6918	2006	3.772727272727273	11
7457	2006	2.6666666666666665	6
7299	2006	3.84375	32
7082	2006	3.3703703703703702	27
6210	2006	2.7777777777777777	9
7493	2006	3.774193548387097	31
7486	2006	3.732142857142857	28
5450	2006	3.7777777777777777	18
5461	2006	4.0	6
5627	2006	3.75	6
5657	2006	3.3333333333333335	3
5875	2006	3.642857142857143	7
6207	2006	3.1666666666666665	3
6222	2006	2.757575757575758	33
6329	2006	3.769230769230769	13
6683	2006	3.75	8
6886	2006	2.8055555555555554	18
7372	2006	3.1333333333333333	15
6244	2006	3.75	14
6682	2006	1.75	6
7223	2006	3.84	25
6370	2006	3.7285714285714286	70
6700	2006	3.2857142857142856	7
7450	2006	3.1333333333333333	30
5589	2006	3.2142857142857144	7
5745	2006	3.5833333333333335	12
5974	2006	3.388888888888889	9
7089	2006	4.222222222222222	45
7093	2006	3.3846153846153846	13
7781	2006	2.9651162790697674	43
5750	2006	2.25	2
7826	2006	3.380952380952381	21
7831	2006	3.838709677419355	31
7833	2006	3.588235294117647	17
7010	2006	3.590909090909091	11
5160	2006	1.5	6
5306	2006	2.25	2
5335	2006	2.1666666666666665	3
5542	2006	2.25	2
5998	2006	1.8333333333333333	6
6500	2006	2.75	6
6658	2006	2.9838709677419355	31
7120	2006	1.2	5
7487	2006	3.1666666666666665	15
5428	2006	2.25	14
5433	2006	2.5	15
6120	2006	3.1666666666666665	3
5632	2006	3.723684210526316	38
5351	2006	2.875	4
5637	2006	3.5384615384615383	13
5777	2006	2.8	5
5802	2006	3.5714285714285716	7
5825	2006	4.068181818181818	22
5915	2006	2.9	10
6035	2006	3.888888888888889	9
6051	2006	4.230769230769231	13
6105	2006	3.125	4
6270	2006	3.5476190476190474	42
6308	2006	3.03125	16
6390	2006	3.5	6
6421	2006	2.2	5
6433	2006	4.159090909090909	22
6526	2006	2.875	8
6660	2006	3.96	25
6962	2006	3.25	2
6981	2006	4.333333333333333	12
6983	2006	3.8333333333333335	6
7066	2006	3.5	8
7286	2006	2.4	5
7442	2006	3.3076923076923075	13
5700	2006	1.25	8
6153	2006	2.4	5
6375	2006	4.0	19
7749	2006	3.5952380952380953	21
5610	2006	2.276595744680851	47
6183	2006	3.6097560975609757	41
7085	2006	3.6176470588235294	17
5180	2006	3.875	4
5244	2006	3.878787878787879	33
5334	2006	2.9705882352941178	17
5689	2006	3.2	15
5696	2006	3.0	20
5961	2006	2.53125	16
6083	2006	3.2	5
6346	2006	2.7	5
6424	2006	2.8653846153846154	26
6517	2006	3.1842105263157894	19
6994	2006	2.727272727272727	11
7006	2006	2.9166666666666665	6
7308	2006	2.607142857142857	14
5722	2006	3.7142857142857144	14
5858	2006	3.9166666666666665	6
5920	2006	4.0	1
6081	2006	3.75	2
6319	2006	3.0833333333333335	18
6509	2006	4.25	14
6789	2006	3.8529411764705883	17
7562	2006	3.1315789473684212	19
6238	2006	3.0821917808219177	73
6041	2006	3.6666666666666665	15
6408	2006	2.6666666666666665	3
6563	2006	3.0833333333333335	6
5480	2006	2.5185185185185186	27
5240	2006	3.5	3
6038	2006	4.0	1
5235	2006	2.125	4
5366	2006	2.2	5
6039	2006	2.5869565217391304	23
6196	2006	2.814814814814815	27
6466	2006	3.676470588235294	17
6817	2006	3.142857142857143	14
5612	2006	2.880952380952381	21
6775	2006	3.2222222222222223	9
5297	2006	3.05	10
5307	2006	2.7	5
5365	2006	3.4	5
5456	2006	2.1666666666666665	9
5644	2006	3.7586206896551726	29
5841	2006	2.0	33
5885	2006	3.125	4
5901	2006	3.142857142857143	7
6010	2006	3.0	5
6186	2006	2.1	15
6931	2006	2.9166666666666665	6
5767	2006	3.392857142857143	14
5847	2006	3.53125	16
5741	2006	2.75	4
5725	2006	2.6666666666666665	3
6118	2006	3.423076923076923	13
6173	2006	3.0714285714285716	7
6192	2006	3.8333333333333335	6
6495	2006	3.5	4
6555	2006	2.25	2
6668	2006	3.88	25
6679	2006	3.4642857142857144	14
6692	2006	4.038461538461538	13
7077	2006	1.75	2
7241	2006	3.590909090909091	11
7264	2006	4.0	1
7488	2006	3.5	4
7769	2006	2.5625	8
5990	2006	2.9285714285714284	7
6794	2006	1.9915254237288136	59
7480	2006	3.409090909090909	11
5122	2006	3.676470588235294	17
5179	2006	3.625	4
5287	2006	3.4285714285714284	7
5661	2006	2.5	1
6076	2006	2.875	4
6103	2006	2.6666666666666665	3
6230	2006	3.588235294117647	17
6610	2006	3.75	10
7087	2006	3.8513513513513513	37
7095	2006	3.25	10
7111	2006	3.8181818181818183	11
7249	2006	3.5	5
7415	2006	3.5	7
7697	2006	2.5833333333333335	6
5582	2006	2.62	25
6178	2006	4.2727272727272725	11
6521	2006	2.5	6
6798	2006	2.8947368421052633	19
7211	2006	3.7	5
7303	2006	3.8404255319148937	47
7720	2006	3.5	56
5515	2006	4.0	22
5753	2006	2.7142857142857144	7
5835	2006	2.3333333333333335	3
6257	2006	2.75	2
5178	2006	3.0	1
5295	2006	3.1666666666666665	3
5361	2006	3.090909090909091	22
5362	2006	3.0	2
5424	2006	2.0625	8
5557	2006	2.2857142857142856	7
5773	2006	2.4285714285714284	7
5996	2006	3.7	5
6060	2006	2.838709677419355	31
6154	2006	2.9285714285714284	7
6334	2006	3.5384615384615383	13
6574	2006	1.0	2
6883	2006	2.75	20
7262	2006	2.2	5
5868	2006	2.3333333333333335	3
5109	2006	2.6944444444444446	18
5647	2006	0.9375	16
5662	2006	3.2142857142857144	7
5769	2006	3.0416666666666665	12
5873	2006	3.375	20
6194	2006	3.1666666666666665	3
6850	2006	3.3846153846153846	26
7237	2006	2.3333333333333335	3
7613	2006	3.0	3
7716	2006	3.6818181818181817	11
6735	2006	2.8333333333333335	6
7059	2006	3.1176470588235294	17
7041	2006	2.5	8
5839	2006	3.763157894736842	19
6454	2006	3.8125	8
7033	2006	2.9310344827586206	29
7042	2006	3.8958333333333335	24
5174	2006	3.0	6
5605	2006	3.5	11
5936	2006	3.7857142857142856	7
6271	2006	3.9473684210526314	19
7238	2006	3.933333333333333	15
7759	2006	3.9583333333333335	12
5161	2006	2.142857142857143	7
6577	2006	1.75	12
7014	2006	2.3461538461538463	13
5466	2006	3.357142857142857	7
5614	2006	3.8	5
5975	2006	3.5555555555555554	9
6163	2006	3.875	32
6778	2006	3.3333333333333335	3
7079	2006	3.5172413793103448	29
5409	2006	2.7777777777777777	9
6722	2006	3.519230769230769	26
5114	2006	3.7222222222222223	9
5169	2006	3.8076923076923075	13
6031	2006	3.3846153846153846	13
6032	2006	3.8125	8
7080	2006	3.533333333333333	15
7177	2006	3.7413793103448274	29
7578	2006	3.125	4
7580	2006	3.2777777777777777	9
7832	2006	3.763157894736842	19
5817	2006	3.5	13
5355	2006	3.3333333333333335	3
5888	2006	3.4285714285714284	14
7253	2006	3.0	8
5272	2006	3.4285714285714284	7
5575	2006	4.0	2
6442	2006	3.576923076923077	26
7011	2006	4.2	10
6326	2006	2.5	6
5099	2006	3.3	15
5145	2006	3.7777777777777777	9
5159	2006	2.84375	48
5164	2006	2.388888888888889	9
5315	2006	2.0	5
5390	2006	3.4375	8
5448	2006	2.85	10
5538	2006	2.025	20
5539	2006	1.875	12
5591	2006	2.5	7
5596	2006	2.1333333333333333	15
5639	2006	2.625	4
5640	2006	3.6	10
5765	2006	3.3529411764705883	17
5807	2006	1.75	2
5958	2006	2.6666666666666665	12
6162	2006	2.75	14
6169	2006	1.875	4
6259	2006	3.0	2
6339	2006	3.977272727272727	22
6351	2006	2.4285714285714284	7
6453	2006	2.772727272727273	11
6491	2006	3.0	1
6616	2006	3.3333333333333335	12
6625	2006	3.45	10
6670	2006	2.857142857142857	7
6740	2006	2.1666666666666665	6
6992	2006	3.032258064516129	31
7071	2006	3.9	15
7174	2006	1.9444444444444444	9
7326	2006	2.375	12
7355	2006	3.0714285714285716	14
7770	2006	3.375	4
5302	2006	2.5	3
5547	2006	1.0	1
5845	2006	1.75	2
5892	2006	1.8333333333333333	3
6086	2006	2.1666666666666665	3
6512	2006	2.1666666666666665	3
7133	2006	0.75	2
7181	2006	4.071428571428571	7
5200	2006	3.5	1
5207	2006	3.0	4
5369	2006	1.6428571428571428	7
5385	2006	3.9814814814814814	54
5422	2006	3.5714285714285716	7
5467	2006	3.0	1
5518	2006	2.25	2
5549	2006	2.5	3
5652	2006	1.75	2
5716	2006	2.0	1
5848	2006	3.0	1
5972	2006	2.8	5
6029	2006	2.0	3
6037	2006	3.5	4
6042	2006	3.7222222222222223	9
6090	2006	3.5	2
6115	2006	3.0714285714285716	7
6129	2006	2.6666666666666665	3
6175	2006	2.5	1
6181	2006	3.3	10
6234	2006	3.3	5
6423	2006	2.6666666666666665	6
6469	2006	2.3	5
6474	2006	3.5	3
6520	2006	3.1666666666666665	3
6680	2006	3.375	8
6903	2006	2.0	1
6998	2006	3.4444444444444446	9
7096	2006	4.095238095238095	21
7131	2006	3.5	4
7225	2006	3.625	12
7489	2006	4.230769230769231	13
7787	2006	3.7	10
7068	2006	3.5384615384615383	13
7815	2006	3.55	10
5121	2006	4.205882352941177	17
5489	2006	3.5816326530612246	49
5694	2006	2.2083333333333335	24
6008	2006	3.9166666666666665	12
7165	2006	2.7777777777777777	9
6285	2006	3.375	4
7626	2006	3.0	10
6160	2006	2.5833333333333335	6
6152	2006	1.25	4
6091	2006	3.75	8
6200	2006	3.375	4
6533	2006	3.45	30
7061	2006	3.9583333333333335	12
7334	2006	3.769230769230769	13
5227	2006	3.4166666666666665	6
5398	2006	3.8076923076923075	13
5410	2006	3.58	25
5555	2006	2.5625	8
6167	2006	3.0	1
6366	2006	2.9	5
7052	2006	3.0833333333333335	6
7053	2006	2.8333333333333335	6
7106	2006	3.125	8
7112	2006	3.25	2
7279	2006	1.8333333333333333	3
7583	2006	3.6	5
6762	2006	3.3333333333333335	6
6647	2006	2.875	4
7157	2006	2.6666666666666665	6
7260	2006	3.8461538461538463	13
7490	2006	3.0	6
6583	2006	3.3125	8
5243	2006	3.4166666666666665	6
5119	2006	3.857142857142857	7
6969	2006	2.9166666666666665	6
5762	2006	3.0	4
7038	2006	3.269230769230769	13
6358	2006	3.4375	24
6427	2006	2.888888888888889	9
6964	2006	5.0	1
7305	2006	3.090909090909091	11
7708	2006	2.888888888888889	18
5619	2006	3.75	8
6226	2006	3.772727272727273	11
6403	2006	3.3	5
6476	2006	3.15	10
6756	2006	3.25	4
6843	2006	2.5	4
6961	2006	3.8	10
7176	2006	2.9166666666666665	6
7328	2006	3.3	5
7748	2006	3.611111111111111	18
6678	2006	3.2777777777777777	9
5211	2006	2.4166666666666665	6
6508	2006	3.1666666666666665	6
6554	2006	2.625	8
7620	2006	3.966666666666667	15
6982	2006	3.3461538461538463	13
5922	2006	3.5	3
7194	2006	3.6666666666666665	3
5201	2006	2.5	5
5228	2006	4.0	1
5552	2006	3.8333333333333335	3
5583	2006	3.0	2
5830	2006	3.5	6
5983	2006	3.5	5
6097	2006	2.5	1
6132	2006	2.8	5
6657	2006	3.5	1
6746	2006	2.4285714285714284	7
6910	2006	3.375	8
7024	2006	3.066666666666667	15
7117	2006	2.303030303030303	33
7244	2006	1.25	2
7333	2006	4.125	8
7343	2006	3.75	4
7565	2006	3.5	1
6158	2006	2.269230769230769	13
6782	2006	3.638888888888889	18
5170	2006	2.5625	8
5324	2006	2.75	22
5462	2006	2.3076923076923075	13
5815	2006	2.125	12
5880	2006	2.3333333333333335	3
6057	2006	1.9166666666666667	12
6249	2006	2.4791666666666665	24
7148	2006	2.7777777777777777	9
7259	2006	1.9375	24
7378	2006	2.2142857142857144	7
7395	2006	3.370967741935484	31
6462	2006	3.1	5
5964	2006	2.2	5
5966	2006	3.25	6
6232	2006	3.6875	16
6455	2006	3.4	5
6706	2006	3.0714285714285716	7
6732	2006	3.4782608695652173	23
7394	2006	3.6818181818181817	11
7714	2006	3.638888888888889	18
5968	2006	2.607142857142857	14
5823	2006	4.0	1
6174	2006	1.375	4
6525	2006	3.625	8
7818	2006	3.0	1
5184	2006	3.8	5
5332	2006	2.5625	8
6179	2006	3.375	4
6523	2006	2.8043478260869565	23
6345	2006	3.2291666666666665	24
7707	2006	2.7083333333333335	12
7416	2006	2.9285714285714284	14
7771	2006	3.65	30
6557	2006	1.875	4
5664	2006	3.2857142857142856	7
6082	2006	3.875	16
6247	2006	4.083333333333333	6
6475	2006	2.5714285714285716	7
7051	2006	3.35	10
7126	2006	3.8333333333333335	9
7198	2006	1.8888888888888888	9
5963	2006	3.5	8
5981	2006	3.6176470588235294	17
7069	2006	3.6315789473684212	19
7764	2006	2.9	10
5157	2006	3.6666666666666665	6
5884	2006	3.3333333333333335	3
6496	2006	3.25	2
7130	2006	3.6666666666666665	3
5258	2006	3.764705882352941	17
6022	2006	3.3	5
6492	2006	2.8333333333333335	6
6788	2006	2.75	10
5442	2006	2.3055555555555554	18
5521	2006	2.5625	8
6138	2006	2.25	4
6203	2006	2.611111111111111	9
6261	2006	3.375	4
6718	2006	3.076923076923077	13
6844	2006	2.6666666666666665	3
7185	2006	2.0	5
7391	2006	3.0	3
6161	2006	3.6666666666666665	3
5123	2006	3.875	4
5473	2006	3.1666666666666665	6
5600	2006	2.75	2
5838	2006	2.625	4
6412	2006	3.5555555555555554	18
6468	2006	3.25	4
6515	2006	4.166666666666667	3
6609	2006	3.388888888888889	9
6644	2006	3.875	4
6671	2006	3.590909090909091	11
6921	2006	4.375	4
7043	2006	3.9318181818181817	22
7128	2006	3.35	10
7577	2006	4.076923076923077	13
6717	2006	4.0	1
6357	2006	3.4310344827586206	29
6398	2006	3.25	4
5543	2006	1.5833333333333333	6
5717	2006	2.857142857142857	7
5749	2006	3.0833333333333335	12
6684	2006	3.7083333333333335	12
6935	2006	4.576923076923077	13
6738	2006	3.5	1
7290	2006	3.125	4
7358	2006	3.8333333333333335	3
5168	2006	3.45	10
5345	2006	1.75	2
5917	2006	4.0	1
6121	2006	3.0	4
7054	2006	3.7222222222222223	9
7078	2006	3.8125	8
7222	2006	2.7	15
7835	2006	3.6875	16
5607	2006	4.176470588235294	17
7384	2006	4.125	4
6723	2006	3.65	10
7118	2006	3.6818181818181817	22
7336	2006	2.125	4
7485	2006	3.5	10
5193	2006	3.0714285714285716	7
6736	2006	3.6666666666666665	3
5454	2006	2.6923076923076925	13
6840	2006	3.6875	16
5427	2006	2.6666666666666665	6
5372	2006	3.6875	8
6237	2006	3.857142857142857	14
6752	2006	2.375	4
5117	2006	3.0555555555555554	9
5546	2006	1.4285714285714286	7
6849	2006	3.4545454545454546	11
7296	2006	2.0	1
6480	2006	3.65625	16
5691	2006	2.326923076923077	26
6568	2006	3.3125	8
5238	2006	3.8076923076923075	13
5340	2006	4.0	3
6241	2006	3.4285714285714284	7
6562	2006	3.75	2
6066	2006	3.0833333333333335	6
5248	2006	2.0714285714285716	14
7702	2006	3.5	13
6851	2006	3.590909090909091	11
6928	2006	1.5	2
6601	2006	2.0	8
5671	2006	2.0	1
5770	2006	3.375	4
7049	2006	3.1875	8
5721	2006	3.590909090909091	11
7456	2006	4.1	10
5531	2006	3.375	8
6061	2006	2.3333333333333335	3
6202	2006	3.5	9
7351	2006	3.7142857142857144	7
5381	2006	3.25	4
6422	2006	3.4166666666666665	12
5260	2006	2.75	2
5827	2006	2.5	3
5861	2006	3.8333333333333335	3
6191	2006	4.5	2
6248	2006	3.0714285714285716	7
6402	2006	2.1666666666666665	3
6599	2006	4.0	4
6822	2006	3.5	2
6846	2006	3.0	1
7204	2006	1.125	4
7242	2006	3.0	1
7288	2006	3.875	4
7341	2006	3.0	6
7401	2006	2.5	3
7571	2006	3.5	10
7622	2006	3.6666666666666665	3
7067	2006	3.9545454545454546	22
5457	2006	1.75	2
7056	2006	3.8	35
6184	2006	3.5483870967741935	31
5392	2006	3.35	10
6988	2006	3.25	8
7214	2006	3.0	3
7455	2006	4.0	2
7310	2006	2.727272727272727	11
5167	2006	3.5	7
6911	2006	3.4166666666666665	6
7240	2006	2.0	3
5852	2006	2.125	8
6217	2006	3.7857142857142856	7
6419	2006	4.0	3
7342	2006	2.6	5
5907	2006	4.5	2
5373	2006	3.2857142857142856	7
6064	2006	3.8333333333333335	12
5913	2006	2.875	4
6551	2006	1.5	2
7186	2006	3.375	4
6560	2006	2.0	3
5337	2006	3.4	10
6391	2006	4.5	2
7021	2006	3.5	6
5869	2006	3.1	5
6139	2006	3.0	2
6715	2006	3.0	2
5947	2006	3.4545454545454546	11
6854	2006	3.5833333333333335	6
7704	2006	2.7083333333333335	12
5199	2006	3.5714285714285716	7
5289	2006	3.6666666666666665	9
5488	2006	3.5	1
5603	2006	3.825	20
5986	2006	3.9166666666666665	6
6072	2006	3.4	5
6127	2006	3.8333333333333335	3
6452	2006	3.8181818181818183	11
7479	2006	3.2	5
6324	2006	2.625	4
6597	2006	3.2222222222222223	9
7205	2006	3.0	8
7491	2006	3.1666666666666665	3
5948	2006	2.875	4
5866	2006	3.1666666666666665	3
5376	2006	2.125	4
6527	2006	2.8333333333333335	6
7302	2006	3.9	5
5919	2006	3.5	2
5561	2006	2.9375	8
6084	2006	3.0714285714285716	7
6430	2006	3.5833333333333335	12
6814	2006	2.8333333333333335	6
6906	2006	3.0	2
7047	2006	3.1666666666666665	9
7179	2006	3.3125	8
6630	2006	4.125	4
6895	2006	3.75	6
5801	2006	3.2857142857142856	14
5104	2006	3.75	4
6146	2006	4.0	1
6182	2006	3.6666666666666665	6
6394	2006	4.0	8
7016	2006	2.3043478260869565	23
5314	2006	3.5	9
5703	2006	3.3333333333333335	3
7119	2006	3.142857142857143	7
7388	2006	3.25	4
5173	2006	3.3333333333333335	3
6588	2006	3.8	5
6781	2006	3.5	3
5932	2006	4.25	22
6126	2006	3.772727272727273	11
5985	2006	2.1666666666666665	3
6416	2006	3.4166666666666665	6
6457	2006	3.1875	8
5641	2006	4.5	1
6047	2006	3.75	6
6459	2006	3.375	4
7221	2006	4.0	3
7585	2006	4.1	5
5499	2006	3.0	13
5648	2006	1.0357142857142858	14
5738	2006	1.1071428571428572	14
6371	2006	1.0454545454545454	22
5615	2006	3.0	2
5125	2006	3.0357142857142856	14
5141	2006	2.6666666666666665	6
5158	2006	3.25	2
5593	2006	3.375	4
5601	2006	3.875	8
5195	2006	1.6666666666666667	6
5746	2006	3.0	1
5754	2006	1.9	10
5413	2006	3.125	4
7650	2006	3.6666666666666665	9
6053	2006	3.25	2
6347	2006	4.0	3
5216	2006	2.8	5
5331	2006	2.6666666666666665	6
6094	2006	3.9285714285714284	7
6415	2006	3.75	2
7109	2006	2.0	2
7134	2006	3.625	8
5740	2006	1.3125	8
7789	2006	3.6666666666666665	6
6458	2006	4.0	3
6821	2006	2.3125	8
5408	2006	3.0	1
6540	2006	3.9	5
7037	2006	3.6153846153846154	13
6011	2006	2.2857142857142856	7
6488	2006	3.1333333333333333	15
6450	2006	3.6666666666666665	12
6477	2006	4.2	5
6749	2006	3.8	10
5736	2006	1.2307692307692308	13
5737	2006	1.125	12
5739	2006	1.0769230769230769	13
6092	2006	2.0	4
5399	2006	3.4	5
5760	2006	2.0	7
5771	2006	2.5	4
6516	2006	3.375	8
6728	2006	2.5	1
7207	2006	3.4	5
6114	2006	3.375	4
6135	2006	3.0	9
7097	2006	3.375	4
5394	2006	3.4285714285714284	7
5406	2006	3.6	5
5491	2006	3.1666666666666665	3
5550	2006	2.25	2
5554	2006	2.5	1
6260	2006	3.0555555555555554	9
6355	2006	3.25	4
6411	2006	3.125	4
6431	2006	2.8333333333333335	3
7822	2006	2.75	2
6446	2006	3.3333333333333335	6
7645	2006	3.25	2
5493	2006	3.5625	8
5202	2006	3.75	2
6116	2006	3.875	4
7015	2006	3.25	14
7200	2006	2.25	2
7406	2006	2.8	5
5910	2006	1.5	3
7195	2006	3.875	4
6651	2006	2.625	4
5655	2006	3.1	5
6240	2006	3.0	3
6829	2006	2.75	2
7191	2006	2.1	5
7230	2006	3.125	4
7251	2006	2.8333333333333335	3
7353	2006	1.9166666666666667	6
5911	2006	2.75	4
6036	2006	3.1	5
7026	2006	3.260869565217391	23
5196	2006	3.75	2
5278	2006	3.5	1
7574	2006	3.8	5
6924	2006	3.5	3
5688	2006	3.6	5
6198	2006	3.25	2
6417	2006	2.7	5
6030	2006	3.5	3
6172	2006	2.5	5
7252	2006	2.125	4
7281	2006	1.3333333333333333	6
6089	2006	2.0	2
5719	2006	3.0	1
5711	2006	3.5	1
6043	2006	3.5	1
5221	2006	3.8	5
5197	2006	2.8333333333333335	6
5241	2006	3.85	10
5581	2006	3.1	5
5776	2006	4.0	2
6124	2006	3.5	5
7035	2006	2.772727272727273	11
5813	2006	2.9166666666666665	6
6321	2006	3.5	1
6980	2006	4.75	2
5249	2006	3.0	2
5371	2006	3.5	1
5743	2006	3.4	5
5855	2006	1.875	4
5939	2006	1.5	1
6017	2006	2.75	2
6317	2006	2.75	2
6524	2006	3.7857142857142856	7
6805	2006	3.4285714285714284	7
7031	2006	2.5555555555555554	9
7331	2006	3.0833333333333335	6
5517	2006	3.75	4
6914	2006	1.0	1
7483	2006	3.875	4
7783	2006	3.75	2
6055	2006	3.25	2
5465	2006	2.75	6
5509	2006	3.0	2
6801	2006	4.0	4
6837	2006	4.2	5
6147	2006	4.25	2
6518	2006	2.5	10
7814	2006	2.9	5
7002	2006	3.6666666666666665	3
5190	2006	3.0	1
5687	2006	3.25	4
6571	2006	3.9375	8
6757	2006	2.9285714285714284	7
7183	2006	2.625	4
7229	2006	2.125	4
7784	2006	1.5	1
5112	2006	4.166666666666667	3
5709	2006	3.1	5
6384	2006	3.5	2
6605	2006	2.5	2
6701	2006	3.25	6
7337	2006	2.25	2
5231	2006	3.7142857142857144	7
5599	2006	4.0	3
6236	2006	3.8333333333333335	3
6939	2006	4.0	3
6190	2006	3.1666666666666665	3
5908	2006	1.8333333333333333	3
6861	2006	3.0	2
5113	2006	4.25	2
5368	2006	3.8125	8
5560	2006	3.8	5
6109	2006	3.0	4
6258	2006	3.25	2
6439	2006	3.8333333333333335	3
7188	2006	2.3	5
7739	2006	2.25	2
6119	2006	3.9	5
5916	2006	3.9285714285714284	7
6699	2006	3.1	5
5842	2006	2.75	4
6876	2006	2.7	5
6111	2006	3.25	4
6926	2006	3.5	9
5321	2006	4.0	3
6972	2006	3.5	1
6050	2006	2.6666666666666665	3
6133	2006	3.5	3
7699	2006	3.0	1
6481	2006	3.0	5
5520	2006	3.75	2
6397	2006	4.0	1
7758	2006	3.3333333333333335	3
6256	2006	2.75	2
6590	2006	2.5	1
6487	2006	2.6666666666666665	3
6328	2006	3.875	4
6531	2006	3.625	4
5116	2006	3.5	1
5149	2006	3.0	1
5232	2006	3.5	4
5233	2006	3.1	5
5384	2006	3.5	3
5393	2006	3.5	2
5659	2006	3.5	2
6739	2006	3.0	1
7407	2006	3.0	1
7582	2006	4.0	1
7772	2006	4.0	1
5097	2006	4.0	1
5115	2006	3.25	2
5118	2006	3.625	4
5375	2006	3.6666666666666665	3
5439	2006	3.3333333333333335	3
5658	2006	2.5	1
5708	2006	2.5	1
5723	2006	3.0	3
5977	2006	4.666666666666667	3
6205	2006	2.5	1
6532	2006	2.5	3
6747	2006	3.875	4
7081	2006	4.25	2
7213	2006	3.75	4
7638	2006	3.75	4
7272	2006	3.0833333333333335	6
6113	2006	3.75	2
6388	2006	3.75	4
6045	2006	3.25	4
6164	2006	4.5	1
5274	2006	1.0	1
7166	2006	2.5	2
6923	2006	4.0	5
6410	2006	2.7777777777777777	9
5275	2006	2.8	5
6716	2006	3.0	1
7168	2006	3.0	5
5305	2006	2.4375	8
6201	2006	3.5454545454545454	11
5210	2006	1.75	2
6352	2006	2.6	5
5705	2006	2.625	12
5764	2006	2.3333333333333335	3
6348	2006	1.4444444444444444	9
6949	2006	3.6666666666666665	6
5514	2006	2.8333333333333335	3
5300	2006	4.25	2
5396	2006	2.75	4
6404	2006	3.6666666666666665	6
6420	2006	3.5	1
6445	2006	3.0	1
6556	2006	3.25	2
6637	2006	2.8	5
7127	2006	1.8333333333333333	3
5436	2006	3.5	2
6054	2006	2.75	2
6096	2006	2.0	4
5832	2006	1.75	6
5631	2006	3.0	2
5889	2006	3.75	2
7824	2006	4.0	1
5794	2006	3.75	4
5290	2006	3.8333333333333335	3
5953	2006	1.8333333333333333	3
6456	2006	3.0	3
7239	2006	2.5	2
7248	2006	2.3333333333333335	3
7295	2006	3.8333333333333335	3
6569	2006	1.6666666666666667	3
5834	2006	3.1666666666666665	3
7398	2006	3.5	1
5821	2006	3.75	6
5495	2006	3.0	1
5471	2006	2.75	4
7283	2006	2.9	5
7625	2006	3.5	2
5217	2006	2.75	2
6088	2006	2.8333333333333335	3
6628	2006	1.375	4
5256	2006	4.0	2
5328	2006	4.0	1
5503	2006	3.8333333333333335	3
5626	2006	3.0	1
6336	2006	3.25	2
7785	2006	3.75	4
5253	2006	2.3333333333333335	3
6407	2006	3.5	1
7032	2006	2.8	5
5781	2006	2.5	5
7727	2006	2.375	4
5359	2006	3.8333333333333335	6
5131	2006	3.0	5
5273	2006	2.6875	8
5455	2006	2.75	2
5512	2006	4.166666666666667	3
5534	2006	2.0	1
5742	2006	4.0	1
6544	2006	3.0	3
7231	2006	3.6666666666666665	3
7172	2006	3.625	4
5984	2006	3.0	4
5898	2006	3.0	4
5129	2006	2.6666666666666665	3
5846	2006	2.8333333333333335	3
6369	2006	0.5	2
6600	2006	2.25	2
7461	2006	2.25	2
5720	2006	2.25	2
5656	2006	3.25	2
5714	2006	3.5	2
5730	2006	1.8181818181818181	11
6221	2006	3.5	3
6472	2006	4.0	1
5342	2006	2.75	2
5344	2006	3.5	1
5729	2006	2.25	2
5930	2006	3.0	1
6349	2006	2.9166666666666665	6
6233	2006	3.3333333333333335	6
6312	2006	3.0	2
6393	2006	3.5	1
6065	2006	3.5	2
6648	2006	3.5	1
6033	2006	3.0	3
5140	2006	1.6666666666666667	6
5759	2006	3.25	2
6087	2006	3.3333333333333335	3
5215	2006	4.0	1
7405	2006	3.3333333333333335	3
6965	2006	3.875	4
6438	2006	3.5	3
5277	2006	2.0	2
7563	2006	4.0	1
6766	2006	0.5	1
5622	2006	3.5	1
6386	2006	3.625	4
6049	2006	2.5	1
5143	2006	3.75	2
7274	2006	3.1666666666666665	3
6510	2006	3.1666666666666665	3
6877	2006	1.0	1
7146	2006	2.0	1
7413	2006	1.0	1
7648	2006	2.1666666666666665	3
5148	2006	2.25	2
5175	2006	3.3333333333333335	3
5185	2006	2.625	4
5208	2006	3.8	5
5234	2006	3.375	4
5281	2006	1.0	2
5336	2006	2.6666666666666665	3
5343	2006	1.3333333333333333	3
5358	2006	3.3125	8
5360	2006	4.125	4
5412	2006	2.0	1
5441	2006	2.0	2
5469	2006	2.8333333333333335	3
5487	2006	2.0	3
5490	2006	3.0	3
5697	2006	1.25	2
5702	2006	1.0	1
5718	2006	2.5	3
5774	2006	1.0	2
5864	2006	1.4	5
5921	2006	2.375	4
5928	2006	2.75	2
6074	2006	2.5	2
6110	2006	3.0	3
6131	2006	2.75	2
6137	2006	2.0	2
6168	2006	1.8333333333333333	3
6180	2006	3.1666666666666665	3
6246	2006	2.8333333333333335	3
6274	2006	1.0	2
6310	2006	2.5	2
6313	2006	3.0	3
6318	2006	3.0	5
6447	2006	2.3333333333333335	3
6471	2006	3.25	6
6498	2006	2.9	5
6528	2006	3.5833333333333335	6
6575	2006	3.1666666666666665	3
6585	2006	3.0	2
6834	2006	2.8	5
6841	2006	3.375	4
6845	2006	2.75	2
6848	2006	1.9166666666666667	6
6907	2006	3.5	3
7273	2006	3.0	3
7275	2006	3.25	2
7284	2006	2.75	4
7392	2006	1.8333333333333333	3
7724	2006	2.1666666666666665	3
7828	2006	3.6666666666666665	3
6068	2006	3.0	1
7012	2006	2.7857142857142856	7
5150	2006	4.0	1
6511	2006	3.5	2
6204	2006	2.5833333333333335	6
5194	2006	5.0	1
6570	2006	2.5	2
5162	2006	2.25	2
5203	2006	2.6666666666666665	3
5755	2006	1.5	3
5978	2006	3.25	2
7187	2006	2.0	1
6026	2006	3.8333333333333335	3
6098	2006	4.5	1
6311	2006	3.1666666666666665	3
6034	2006	3.0	1
6432	2006	3.1666666666666665	3
6825	2006	3.0	1
6826	2006	3.25	2
7675	2006	3.25	2
6224	2006	3.5	1
7184	2006	4.5	1
5133	2006	2.5	1
5786	2006	3.5	2
7761	2006	3.625	4
7703	2006	0.5	3
5155	2006	4.0	2
5468	2006	2.75	2
5724	2006	1.25	4
6704	2006	2.6666666666666665	3
6855	2006	3.5	2
7287	2006	3.5	1
5558	2006	3.0	1
5634	2006	3.75	2
6102	2006	3.0	1
6128	2006	3.0	1
6608	2006	3.0	1
6917	2006	4.5	1
7083	2006	4.0	1
7100	2006	3.5	3
7192	2006	2.6666666666666665	3
7271	2006	4.0	1
7393	2006	3.0	2
7752	2006	4.0	1
6824	2006	3.875	4
7220	2006	4.0	1
7775	2006	2.8333333333333335	3
5370	2006	1.5	2
7129	2006	4.5	1
6150	2006	3.0	1
5270	2006	0.5	1
5482	2006	2.0	4
5484	2006	2.75	2
6276	2006	3.5	1
6853	2006	0.5	1
6937	2006	0.5	1
6024	2006	1.0	2
6689	2006	2.0	3
7390	2006	2.875	4
7267	2006	2.25	2
7730	2006	3.0	2
5580	2006	1.75	2
5386	2006	1.5	1
5789	2006	2.5	3
6117	2006	2.0	1
6149	2006	2.75	2
6673	2006	2.5	3
6674	2006	0.5	1
7159	2006	3.0	1
7821	2006	3.0	1
7719	2006	3.5	3
7189	2006	2.3333333333333335	3
5931	2006	3.0	2
6819	2006	2.5	2
6968	2006	2.5	2
6473	2006	3.0	1
5819	2006	3.3333333333333335	3
5327	2006	2.5	1
5624	2006	3.375	4
6211	2006	2.75	2
6905	2006	3.25	2
6070	2006	3.0	2
6000	2006	2.6666666666666665	3
5245	2006	4.166666666666667	3
5856	2006	4.0	1
5798	2006	4.0	1
6479	2006	3.1666666666666665	3
6745	2006	2.25	2
6737	2006	2.0	1
5676	2006	2.5	1
6277	2006	4.0	1
6830	2006	3.0	1
6912	2006	3.5	2
7277	2006	2.0	1
5510	2006	3.5	1
7621	2006	3.75	2
7639	2006	2.5	3
7521	2006	2.8333333333333335	3
6835	2006	4.0	1
5906	2006	2.5	1
6649	2006	3.6666666666666665	3
5318	2006	4.0	1
5374	2006	0.5	2
5239	2006	3.1666666666666665	3
6933	2006	3.0	1
5252	2006	3.5	1
5559	2006	3.0	1
7298	2006	1.0	1
6578	2006	3.5	2
5229	2006	3.0	2
6007	2006	4.0	1
5320	2006	1.5	1
6080	2006	2.5	2
6095	2006	2.5	1
7411	2006	2.25	4
7738	2006	3.5	1
5212	2006	2.5	1
7224	2006	3.5	1
6075	2006	4.0	1
5474	2006	2.25	2
6865	2006	3.5	1
7359	2006	1.5	1
5156	2006	4.0	1
6694	2006	3.5	1
5695	2006	3.8333333333333335	3
6044	2006	2.5	3
6376	2006	3.5	3
5271	2006	1.75	2
5537	2006	2.6666666666666665	3
6681	2006	3.0	2
6891	2006	3.0	1
5322	2006	3.5	2
5590	2006	3.0	2
5317	2006	2.6666666666666665	3
7370	2006	3.0	1
5849	2006	5.0	1
5976	2006	2.0	1
6071	2006	3.5	1
6733	2006	3.0	1
5130	2006	4.0	1
6688	2006	4.0	2
5262	2006	3.5	1
5551	2006	3.5	2
6913	2006	5.0	1
5326	2006	2.5	1
6489	2006	4.0	1
5865	2006	4.5	1
6267	2006	2.75	2
6073	2006	4.0	1
5887	2006	2.0	1
5494	2006	4.0	1
5924	2006	4.5	1
6151	2006	3.0	1
6925	2006	3.0	2
5411	2006	3.5	1
5176	2006	1.5	1
6227	2006	2.0	1
6209	2006	1.5	1
6145	2006	2.0	1
6018	2006	4.0	1
5350	2006	3.5	1
5166	2006	4.0	1
6513	2006	4.0	1
7309	2006	4.0	1
5744	2006	3.0	2
6799	2006	3.0	1
5261	2006	2.5	1
6307	2006	2.0	1
6654	2006	3.0	1
5236	2006	3.5	1
6004	2006	2.0	2
7113	2006	3.0	1
7754	2006	3.5	1
6381	2006	2.0	1
5347	2006	3.5	1
5183	2006	3.0	2
5982	2006	2.0	1
6048	2006	3.5	1
6465	2006	4.0	1
7357	2006	3.0	1
5189	2006	3.0	1
5567	2006	2.0	1
6894	2006	2.5	1
5761	2006	0.5	1
6719	2006	1.0	1
6622	2006	4.0	1
5751	2006	4.5	1
6899	2006	5.0	1
6655	2006	3.0	1
5562	2006	3.5	1