26131	2006	4.136792452830188	106
38061	2006	3.8796875	640
44761	2006	3.7392996108949417	257
8361	2006	2.9404466501240694	403
8368	2006	3.698581560283688	987
8376	2006	3.458795562599049	631
8665	2006	3.7048648648648648	925
8784	2006	3.856594110115237	781
8949	2006	3.689345314505777	779
27808	2006	3.3904109589041096	219
30707	2006	3.8626251390433817	899
30793	2006	3.490104772991851	859
30810	2006	3.514018691588785	428
32294	2006	3.75	2
33166	2006	3.965919282511211	1115
33679	2006	3.30316091954023	696
34162	2006	3.575313807531381	956
39183	2006	3.8504807692307694	1040
40815	2006	3.7387944358578054	1294
43923	2006	2.409090909090909	11
44191	2006	3.896353166986564	1563
44195	2006	3.958625525946704	713
7842	2006	3.6596638655462184	119
8327	2006	3.8714285714285714	35
8360	2006	3.6630067567567566	1184
8370	2006	3.8	140
8636	2006	3.6638935108153077	1202
32587	2006	3.912526997840173	1389
33794	2006	3.8931648477886274	1741
34405	2006	3.838691159586682	871
40629	2006	3.929423459244533	503
44665	2006	3.874285714285714	525
41285	2006	3.769911504424779	678
45447	2006	3.139769452449568	694
45720	2006	3.4450354609929077	282
7933	2006	3.769230769230769	13
7934	2006	3.7663551401869158	107
7943	2006	3.8815789473684212	38
7983	2006	3.705357142857143	56
8042	2006	3.84375	96
8125	2006	3.9838709677419355	31
8154	2006	3.892857142857143	98
8198	2006	4.0	3
8199	2006	3.8857142857142857	35
8228	2006	4.117224880382775	209
8235	2006	4.114285714285714	35
8239	2006	3.9423076923076925	26
8275	2006	3.5	9
8336	2006	4.083333333333333	6
8387	2006	1.75	102
8507	2006	3.8076923076923075	91
8511	2006	4.375	4
8542	2006	4.078313253012048	83
8596	2006	3.295698924731183	93
8601	2006	4.375	4
8620	2006	4.342105263157895	19
8622	2006	3.598639455782313	735
8670	2006	4.08	25
8734	2006	2.8333333333333335	3
8980	2006	3.0833333333333335	6
25769	2006	4.084905660377358	53
25777	2006	3.8214285714285716	56
25788	2006	3.8705882352941177	85
25927	2006	3.7125	40
25938	2006	3.391891891891892	37
25940	2006	3.977777777777778	45
26242	2006	3.5665236051502145	233
26391	2006	3.380952380952381	21
30812	2006	3.4882671480144403	554
32291	2006	3.34375	80
32316	2006	3.9	5
33312	2006	3.853846153846154	65
33493	2006	3.479966611018364	1198
37741	2006	3.9010416666666665	768
37830	2006	3.4199029126213594	206
39292	2006	3.907730673316708	802
41997	2006	3.798958333333333	960
44694	2006	3.9375	112
44972	2006	2.5416666666666665	192
45210	2006	3.8531468531468533	286
46967	2006	3.36046511627907	86
48516	2006	4.141237113402062	485
38038	2006	3.8700384122919336	781
32029	2006	3.3435374149659864	147
33437	2006	3.497757847533632	223
39052	2006	3.386029411764706	136
45431	2006	3.610951008645533	347
45722	2006	3.5345911949685536	954
8340	2006	3.7828947368421053	228
8464	2006	3.725826972010178	786
8575	2006	3.8076923076923075	13
8581	2006	3.6180555555555554	72
8798	2006	3.669642857142857	672
8874	2006	3.7920110192837466	726
8914	2006	3.6040462427745665	173
27721	2006	3.853080568720379	211
27831	2006	3.822	250
33660	2006	3.954861111111111	576
39427	2006	3.1774193548387095	93
40278	2006	3.5531587057010787	649
41569	2006	3.499558693733451	1133
42718	2006	3.5980392156862746	102
44199	2006	3.8331295843520783	818
45499	2006	3.4289587852494576	922
46530	2006	3.379204892966361	654
7925	2006	4.049450549450549	91
8879	2006	3.67032967032967	91
26662	2006	3.945692883895131	267
26776	2006	3.8553459119496853	159
27731	2006	3.608433734939759	83
31658	2006	4.026932084309133	427
31923	2006	3.6523809523809523	105
41566	2006	3.5927180355630823	1181
8958	2006	3.7113526570048307	414
8970	2006	3.818565400843882	711
31101	2006	3.5588235294117645	34
34153	2006	3.9308035714285716	224
37733	2006	3.628279883381924	686
38886	2006	3.7694444444444444	360
41571	2006	3.5185185185185186	378
42002	2006	3.217142857142857	175
42011	2006	2.8846153846153846	299
42418	2006	3.348790322580645	248
45186	2006	3.3616236162361623	542
45440	2006	2.978494623655914	93
45442	2006	2.7205882352941178	170
27878	2006	4.0078740157480315	127
46578	2006	4.126482213438735	506
7981	2006	3.934306569343066	137
8014	2006	3.995833333333333	120
8501	2006	3.4166666666666665	66
8641	2006	3.3860759493670884	316
8795	2006	3.5789473684210527	19
8917	2006	3.4952941176470587	425
8950	2006	3.7820823244552058	413
8957	2006	3.512770137524558	509
8983	2006	3.733568075117371	426
26585	2006	3.691666666666667	60
27317	2006	3.5889830508474576	118
27410	2006	3.892857142857143	70
27592	2006	3.789808917197452	157
27773	2006	3.9948849104859336	391
27801	2006	3.7083333333333335	132
27822	2006	2.935064935064935	77
31878	2006	3.6997742663656883	443
33834	2006	3.2065868263473054	167
36517	2006	3.752112676056338	710
36529	2006	3.7568740955137483	691
37545	2006	3.619047619047619	21
40723	2006	2.878260869565217	115
47044	2006	3.134199134199134	231
8965	2006	3.2466216216216215	148
9005	2006	3.0714285714285716	21
27660	2006	3.638535031847134	314
31660	2006	3.4307692307692306	65
32031	2006	3.339572192513369	187
33004	2006	3.277685950413223	605
36401	2006	2.9201807228915664	332
37386	2006	2.858361774744027	293
37857	2006	3.5377358490566038	159
42738	2006	3.2844036697247705	327
43928	2006	2.168639053254438	169
49272	2006	3.9900881057268722	454
8117	2006	3.7857142857142856	21
8207	2006	3.8134920634920637	126
8253	2006	3.8135593220338984	59
8334	2006	3.45	20
8369	2006	2.8986486486486487	74
8492	2006	4.023809523809524	63
8810	2006	2.5716911764705883	272
8984	2006	3.1038374717832955	443
26171	2006	3.608695652173913	46
26840	2006	3.825301204819277	83
26939	2006	3.7395833333333335	48
27846	2006	3.9767441860465116	172
31086	2006	3.125	12
31420	2006	3.108108108108108	111
31696	2006	3.3143631436314362	369
31705	2006	3.75	6
32179	2006	3.9074074074074074	27
34048	2006	3.1404958677685952	726
34319	2006	3.319128787878788	528
34332	2006	3.357638888888889	144
37382	2006	3.0	208
37853	2006	2.9342105263157894	76
40819	2006	3.8945701357466063	1105
40959	2006	3.144230769230769	156
41863	2006	3.7708333333333335	192
8132	2006	3.8452830188679243	265
8366	2006	3.6009615384615383	208
8528	2006	3.3560267857142856	448
8529	2006	3.494747899159664	476
8531	2006	2.1219512195121952	82
8644	2006	3.432761087267525	699
8807	2006	3.5281954887218046	266
8831	2006	2.883720930232558	43
8835	2006	2.739130434782609	23
8861	2006	2.821022727272727	176
8937	2006	3.5254237288135593	118
8939	2006	3.1825396825396823	63
8985	2006	2.840659340659341	182
27608	2006	2.9634146341463414	41
27689	2006	3.1944444444444446	18
27788	2006	3.5186915887850465	107
27790	2006	3.6488095238095237	168
27816	2006	3.669491525423729	59
30749	2006	4.107586206896552	725
31427	2006	2.8461538461538463	104
31698	2006	1.2019230769230769	52
31804	2006	3.287878787878788	198
31952	2006	3.9714285714285715	35
33154	2006	3.878612716763006	173
33162	2006	3.33587786259542	262
33903	2006	3.9423076923076925	104
34143	2006	2.706140350877193	114
34323	2006	3.388235294117647	85
34338	2006	3.137323943661972	284
34534	2006	3.0955414012738856	157
35836	2006	3.5752525252525253	990
36509	2006	2.453846153846154	65
36519	2006	2.943298969072165	194
36531	2006	2.409090909090909	11
36535	2006	3.782178217821782	202
36708	2006	3.6885245901639343	183
37240	2006	4.044502617801047	191
37729	2006	3.575088339222615	566
39381	2006	3.774193548387097	155
39398	2006	3.086206896551724	29
39444	2006	3.318359375	256
39446	2006	3.1686046511627906	344
40732	2006	3.447674418604651	172
41716	2006	3.488059701492537	335
42721	2006	1.4692307692307693	65
42723	2006	2.625	236
43921	2006	3.441747572815534	103
44004	2006	2.922680412371134	194
44197	2006	3.3846153846153846	78
44397	2006	2.795918367346939	147
44731	2006	2.5	14
44828	2006	3.162280701754386	114
44974	2006	3.546511627906977	129
45081	2006	3.088709677419355	186
45382	2006	3.0972222222222223	36
45852	2006	1.6428571428571428	14
46572	2006	3.310344827586207	29
46948	2006	3.4965034965034967	143
46970	2006	3.25	264
48322	2006	3.379166666666667	120
7844	2006	3.716666666666667	30
8130	2006	3.0952380952380953	21
8961	2006	3.9593058049072414	1671
27020	2006	3.1013513513513513	74
30850	2006	3.7142857142857144	77
31410	2006	4.032258064516129	372
48518	2006	2.0277777777777777	36
48877	2006	2.79	50
32017	2006	2.535211267605634	71
8196	2006	3.1578947368421053	19
8610	2006	3.524193548387097	62
8614	2006	3.109090909090909	55
8781	2006	3.3045454545454547	220
8870	2006	2.8	105
26152	2006	3.0833333333333335	120
26686	2006	2.2962962962962963	27
26870	2006	2.4420289855072466	69
27904	2006	3.72196261682243	214
32213	2006	2.9886363636363638	44
34164	2006	3.1574074074074074	54
40339	2006	2.9274193548387095	186
40851	2006	3.1025641025641026	117
42734	2006	3.1633333333333336	150
43869	2006	2.956140350877193	57
44225	2006	2.880952380952381	21
45517	2006	3.700836820083682	478
8873	2006	3.875698324022346	358
27416	2006	3.603448275862069	58
27850	2006	3.5918367346938775	49
33830	2006	2.746268656716418	67
38798	2006	3.4758771929824563	228
8128	2006	3.9098360655737703	61
27815	2006	4.075268817204301	93
30848	2006	3.564516129032258	62
34542	2006	3.7796934865900385	261
40583	2006	3.6460113960113962	702
43396	2006	3.9560185185185186	216
45028	2006	3.4522613065326633	199
45950	2006	3.898989898989899	297
48385	2006	3.844951923076923	416
48783	2006	3.595890410958904	73
26606	2006	3.8222222222222224	45
31694	2006	3.221052631578947	95
8372	2006	2.5103092783505154	97
45208	2006	2.6402439024390243	82
45726	2006	2.8484848484848486	99
46337	2006	2.2439024390243905	41
49274	2006	3.3142857142857145	70
49278	2006	3.442857142857143	35
8485	2006	3.925	20
8645	2006	3.903041825095057	263
8910	2006	3.5298245614035086	285
8951	2006	3.867816091954023	87
8966	2006	3.5636363636363635	220
8973	2006	3.7756410256410255	156
8981	2006	3.5180555555555557	360
30822	2006	3.4954954954954953	222
30846	2006	3.5675675675675675	74
31903	2006	4.09375	16
33672	2006	3.3333333333333335	54
33817	2006	3.6744186046511627	43
37731	2006	3.672794117647059	136
27741	2006	4.127450980392157	51
43560	2006	3.392857142857143	140
8947	2006	2.6412429378531073	177
34532	2006	3.308743169398907	183
26713	2006	3.683333333333333	30
33880	2006	3.7189349112426036	169
43460	2006	3.4596774193548385	124
44937	2006	3.5	51
45662	2006	2.5707547169811322	106
46723	2006	3.747967479674797	123
34072	2006	3.757575757575758	528
42632	2006	3.80188679245283	106
30803	2006	3.9285714285714284	91
46322	2006	3.7202380952380953	84
7924	2006	3.864864864864865	37
8157	2006	3.711864406779661	59
8167	2006	3.8833333333333333	60
27772	2006	3.2152777777777777	72
27865	2006	3.260869565217391	23
27905	2006	3.090909090909091	44
31184	2006	3.5067567567567566	74
33615	2006	3.3781163434903045	361
34437	2006	3.6092184368737477	499
39715	2006	2.212121212121212	66
8811	2006	1.375	16
7891	2006	3.3125	16
8884	2006	3.2413793103448274	29
31584	2006	2.4	5
34528	2006	3.5903614457831323	166
44204	2006	3.7375886524822697	141
45106	2006	2.9623655913978495	93
45728	2006	3.7705479452054793	292
45880	2006	3.2848101265822787	79
47200	2006	3.4761904761904763	84
47261	2006	3.0	19
48780	2006	4.044392523364486	214
8638	2006	3.8463035019455254	257
27838	2006	3.6294117647058823	85
8371	2006	3.0790513833992095	253
8797	2006	3.6153846153846154	13
8865	2006	2.9105263157894736	285
8907	2006	2.9915254237288136	177
8972	2006	3.446236559139785	372
27706	2006	3.4009146341463414	328
34336	2006	2.937888198757764	161
27728	2006	3.6153846153846154	91
47423	2006	3.9722222222222223	36
7926	2006	4.255813953488372	43
27803	2006	3.8715277777777777	144
8404	2006	3.5	43
37475	2006	3.673076923076923	104
44709	2006	3.8473282442748094	131
7976	2006	3.15	20
8337	2006	4.028301886792453	106
8493	2006	3.518796992481203	133
8661	2006	3.6923076923076925	13
8969	2006	3.00561797752809	178
25866	2006	3.8035714285714284	28
26138	2006	3.75	10
27700	2006	3.615	100
42015	2006	3.239130434782609	138
43871	2006	2.85929648241206	199
45501	2006	3.063876651982379	227
8933	2006	3.4545454545454546	22
33138	2006	3.4482758620689653	58
33832	2006	3.2666666666666666	15
34148	2006	3.730769230769231	39
34271	2006	3.65625	208
34520	2006	2.5264900662251657	151
34523	2006	3.471830985915493	71
34530	2006	1.9935897435897436	78
36527	2006	3.5428571428571427	210
38304	2006	4.15	90
39231	2006	2.9927184466019416	206
39234	2006	3.5488505747126435	174
39400	2006	1.8555555555555556	45
39414	2006	3.398009950248756	201
39419	2006	3.2710843373493974	83
39435	2006	3.0034246575342465	146
39886	2006	3.5	51
40574	2006	2.4	30
40962	2006	2.574074074074074	54
41527	2006	3.774390243902439	82
42009	2006	2.6907894736842106	76
42732	2006	3.3157894736842106	76
43558	2006	2.2872340425531914	47
43836	2006	2.5419161676646707	167
43904	2006	2.2083333333333335	48
43919	2006	1.8195488721804511	133
47810	2006	2.0	34
48326	2006	2.9523809523809526	21
49530	2006	3.703125	32
8607	2006	3.6666666666666665	36
26172	2006	4.125	28
8880	2006	3.245	100
8119	2006	2.736842105263158	19
30825	2006	3.139367816091954	348
31000	2006	2.5	5
31225	2006	3.630841121495327	107
31685	2006	3.494285714285714	350
33669	2006	3.4130434782608696	92
34150	2006	2.886426592797784	361
44193	2006	3.0357142857142856	84
8533	2006	3.7336244541484715	229
8809	2006	3.8	30
8841	2006	3.375	12
8862	2006	3.4375	32
8866	2006	3.1704545454545454	88
8943	2006	3.4358974358974357	39
8955	2006	3.5	23
27391	2006	3.6875	48
27674	2006	3.451923076923077	52
27722	2006	3.909090909090909	33
27727	2006	4.037735849056604	53
27821	2006	3.3157894736842106	228
27826	2006	3.6666666666666665	12
27851	2006	3.7222222222222223	9
30898	2006	3.235294117647059	102
31032	2006	3.25	12
31114	2006	3.5	20
31364	2006	3.8076923076923075	39
31435	2006	3.6805555555555554	36
32598	2006	3.2203389830508473	118
33171	2006	3.6011904761904763	84
33358	2006	3.7884615384615383	26
33649	2006	3.6744186046511627	43
33722	2006	3.515151515151515	33
33826	2006	3.7439024390243905	41
34536	2006	3.4240506329113924	79
35015	2006	3.5217391304347827	23
35957	2006	3.1549295774647885	284
36477	2006	3.3333333333333335	27
36525	2006	3.446261682242991	214
36537	2006	3.5795454545454546	132
38701	2006	3.347826086956522	23
40946	2006	3.3728070175438596	114
40955	2006	3.5784313725490198	51
41025	2006	3.4375	24
41573	2006	3.186695278969957	233
42004	2006	3.740234375	256
42018	2006	3.5641025641025643	156
42725	2006	3.34375	80
42728	2006	3.289156626506024	83
43684	2006	3.402439024390244	41
43917	2006	3.3360655737704916	122
43936	2006	3.28110599078341	217
44864	2006	3.1690647482014387	139
45175	2006	3.3026315789473686	38
27523	2006	3.4545454545454546	33
45928	2006	3.8085106382978724	94
8977	2006	2.5258064516129033	155
27882	2006	3.9625	40
8643	2006	3.125	28
31424	2006	1.3928571428571428	42
45672	2006	3.2145922746781115	233
31049	2006	3.3125	8
48883	2006	3.22	25
41617	2006	2.9027777777777777	36
8637	2006	4.25	2
8796	2006	3.380952380952381	42
26084	2006	3.9285714285714284	91
40826	2006	3.2435064935064934	154
7980	2006	3.7719298245614037	114
8008	2006	3.6458333333333335	24
8010	2006	3.611111111111111	27
42007	2006	2.845679012345679	162
46559	2006	3.78125	32
48082	2006	3.9403669724770642	109
39869	2006	3.6527777777777777	72
26398	2006	3.0714285714285716	28
26838	2006	3.647727272727273	44
8526	2006	2.8484848484848486	66
8604	2006	3.654320987654321	81
8808	2006	2.6160714285714284	56
8830	2006	1.99	50
8918	2006	3.425	20
27434	2006	1.9166666666666667	24
30894	2006	2.537313432835821	67
31431	2006	1.8191489361702127	47
32289	2006	2.8958333333333335	24
32596	2006	3.0863309352517985	139
33164	2006	2.5853658536585367	82
36513	2006	3.3947368421052633	19
37727	2006	3.0077399380804954	323
44399	2006	2.2439024390243905	41
45221	2006	2.6025641025641026	39
33036	2006	3.341463414634146	41
49651	2006	3.6666666666666665	24
8974	2006	3.4407894736842106	76
26350	2006	4.054545454545455	55
32582	2006	3.8796296296296298	54
8662	2006	3.8	10
8783	2006	3.2958115183246073	382
8860	2006	3.012	125
33683	2006	3.236842105263158	57
44022	2006	3.290769230769231	325
7845	2006	2.5277777777777777	36
7920	2006	3.5555555555555554	9
7987	2006	2.7	5
8225	2006	3.090909090909091	44
26680	2006	3.526315789473684	95
27873	2006	3.4220779220779223	77
37380	2006	2.457894736842105	190
38600	2006	3.445945945945946	37
48591	2006	2.7903225806451615	31
8446	2006	3.15625	16
8524	2006	3.4166666666666665	6
8908	2006	3.0869565217391304	69
8968	2006	3.211267605633803	71
7930	2006	2.8545454545454545	55
8373	2006	2.721476510067114	149
8532	2006	3.608695652173913	46
8623	2006	3.4148471615720526	229
8666	2006	1.8958333333333333	120
8689	2006	3.75	4
8800	2006	3.1020408163265305	49
8912	2006	2.566666666666667	45
26349	2006	3.62	25
26504	2006	3.238095238095238	42
26974	2006	3.0588235294117645	17
27664	2006	2.5714285714285716	28
31221	2006	2.410377358490566	106
32011	2006	2.342857142857143	35
32019	2006	2.7413793103448274	116
33646	2006	3.0608695652173914	115
36533	2006	2.9642857142857144	42
43912	2006	2.509259259259259	54
45062	2006	3.104575163398693	153
45730	2006	3.0	117
46850	2006	3.9166666666666665	108
47610	2006	3.7808641975308643	162
8380	2006	1.875	4
32666	2006	2.3125	8
8454	2006	3.0	3
8640	2006	3.021276595744681	188
27839	2006	2.6538461538461537	104
33158	2006	2.1343283582089554	67
34334	2006	2.456043956043956	91
40614	2006	3.1	145
33499	2006	2.7642857142857142	70
45658	2006	4.25	4
8576	2006	3.4875	40
8642	2006	3.0	7
8651	2006	3.357142857142857	7
8799	2006	2.8653846153846154	26
8916	2006	3.2960526315789473	76
30816	2006	3.3811475409836067	122
43679	2006	2.6747967479674797	123
44613	2006	3.172727272727273	55
47122	2006	3.0	43
40414	2006	3.869047619047619	42
47264	2006	2.5576923076923075	26
47805	2006	3.25	4
47640	2006	3.0307692307692307	65
8827	2006	3.836734693877551	98
26375	2006	3.2857142857142856	35
37739	2006	3.7338709677419355	62
27834	2006	4.117021276595745	47
33896	2006	3.5069444444444446	72
7990	2006	3.4	15
33639	2006	3.878260869565217	115
8197	2006	3.6911764705882355	34
46976	2006	3.9464285714285716	140
31807	2006	3.3181818181818183	22
45732	2006	2.75	88
8994	2006	2.8846153846153846	13
26002	2006	3.138888888888889	18
26064	2006	3.951219512195122	41
26386	2006	3.5197368421052633	76
33495	2006	2.45	40
33836	2006	2.6153846153846154	169
38188	2006	2.9893617021276597	47
8633	2006	3.392156862745098	102
8674	2006	2.625	8
31687	2006	2.9615384615384617	13
40870	2006	3.9741379310344827	58
40966	2006	2.9184782608695654	92
27618	2006	2.15	40
37736	2006	3.5126582278481013	79
33621	2006	3.5952380952380953	21
37384	2006	3.356	125
39416	2006	3.2222222222222223	9
40581	2006	3.209090909090909	110
45666	2006	2.834254143646409	181
7896	2006	3.6956521739130435	23
8093	2006	3.125	8
8133	2006	3.533333333333333	15
8258	2006	2.9	10
8295	2006	3.5714285714285716	21
8520	2006	3.5	19
8733	2006	3.0	4
9018	2006	3.774193548387097	62
26094	2006	3.6875	24
26554	2006	3.8255813953488373	43
26704	2006	3.5344827586206895	58
27266	2006	3.5136054421768708	147
27397	2006	3.760869565217391	69
27828	2006	3.3125	8
27899	2006	2.59375	64
31588	2006	3.8333333333333335	3
31590	2006	4.0	9
31689	2006	3.4411764705882355	34
33421	2006	3.5428571428571427	35
34198	2006	3.260869565217391	23
34321	2006	2.8214285714285716	70
36276	2006	3.6038251366120218	183
39449	2006	3.069105691056911	123
40412	2006	3.5526315789473686	19
40952	2006	2.891891891891892	37
42013	2006	2.8563218390804597	87
43333	2006	3.9365079365079363	63
43708	2006	3.5	106
43914	2006	3.25	36
44511	2006	3.2857142857142856	7
44759	2006	2.0779220779220777	77
44815	2006	2.9166666666666665	12
44840	2006	2.8372093023255816	86
44949	2006	2.5454545454545454	11
45074	2006	2.40625	48
47124	2006	2.7954545454545454	22
33644	2006	1.9473684210526316	19
37720	2006	3.2402234636871508	179
25850	2006	4.0	29
25886	2006	3.82	25
45668	2006	3.2360248447204967	161
8017	2006	2.7777777777777777	9
8268	2006	3.0232558139534884	43
8272	2006	3.4166666666666665	6
25996	2006	3.5681818181818183	22
26178	2006	3.8181818181818183	22
26485	2006	3.475609756097561	41
26555	2006	2.9615384615384617	91
32329	2006	2.125	4
32632	2006	3.388888888888889	9
33677	2006	3.513157894736842	38
46974	2006	3.0757575757575757	99
47644	2006	3.6031746031746033	63
48319	2006	3.7083333333333335	12
8025	2006	3.2857142857142856	14
26834	2006	2.75	6
26985	2006	3.3076923076923075	13
8016	2006	3.7023809523809526	42
46335	2006	2.4391304347826086	115
46865	2006	1.1111111111111112	18
8530	2006	4.004385964912281	114
8948	2006	3.1129032258064515	93
33823	2006	2.923076923076923	13
46574	2006	2.9375	8
48412	2006	3.40625	16
7888	2006	3.275	20
32469	2006	3.625	52
46965	2006	3.1454545454545455	165
8534	2006	3.466666666666667	15
48520	2006	2.6052631578947367	19
8711	2006	3.513157894736842	38
8882	2006	3.3125	8
26462	2006	3.3645833333333335	48
49220	2006	3.1785714285714284	42
30820	2006	3.7392857142857143	140
31956	2006	3.3947368421052633	19
8806	2006	4.0	1
27685	2006	1.896551724137931	29
42740	2006	2.6785714285714284	28
37837	2006	3.625	4
7841	2006	3.763888888888889	72
8537	2006	2.7	10
47518	2006	3.232394366197183	71
7840	2006	3.675	40
7883	2006	3.5714285714285716	21
7889	2006	3.42	25
7895	2006	3.4761904761904763	21
8292	2006	3.4	10
8392	2006	2.6666666666666665	6
8423	2006	2.5	1
8491	2006	3.975	60
8605	2006	3.1551724137931036	29
8657	2006	3.0	9
8875	2006	3.2222222222222223	9
8921	2006	3.0	2
25828	2006	3.65625	16
41014	2006	3.1666666666666665	24
7991	2006	3.0125	40
8744	2006	3.0	2
26101	2006	3.7222222222222223	27
8094	2006	3.852272727272727	44
8379	2006	3.9	15
8451	2006	3.4444444444444446	18
8459	2006	3.973684210526316	19
8838	2006	3.675675675675676	37
26976	2006	2.75	2
31700	2006	3.0714285714285716	21
32770	2006	3.727272727272727	11
34129	2006	2.3421052631578947	19
37844	2006	3.0555555555555554	18
38992	2006	2.9473684210526314	95
42730	2006	3.5042735042735043	117
8667	2006	3.3333333333333335	30
32025	2006	3.5681818181818183	22
32593	2006	3.75	2
39307	2006	3.642857142857143	42
43419	2006	2.482142857142857	28
25971	2006	3.25	12
49526	2006	1.125	8
8291	2006	3.477272727272727	22
8677	2006	3.7222222222222223	9
8488	2006	3.3	10
26726	2006	2.6944444444444446	18
31223	2006	2.8333333333333335	18
39896	2006	3.2	5
31437	2006	3.8823529411764706	34
43376	2006	3.911290322580645	62
47950	2006	3.372093023255814	43
8362	2006	3.0476190476190474	42
31433	2006	3.2169811320754715	53
32296	2006	2.3636363636363638	88
43930	2006	2.3777777777777778	45
27604	2006	3.1904761904761907	21
8158	2006	3.5543478260869565	46
8195	2006	3.8448275862068964	29
8826	2006	3.625	12
26425	2006	3.8728070175438596	114
32261	2006	3.125	24
8033	2006	3.8947368421052633	38
8039	2006	3.597560975609756	41
8341	2006	3.7421875	64
8385	2006	3.9	15
8712	2006	3.588235294117647	34
25923	2006	3.8085106382978724	47
26148	2006	3.9310344827586206	29
48142	2006	2.9743589743589745	78
8147	2006	3.6904761904761907	42
34330	2006	3.2083333333333335	12
41425	2006	3.09375	16
48414	2006	3.0625	32
48791	2006	3.3333333333333335	3
49013	2006	2.1785714285714284	14
27765	2006	2.4	5
48982	2006	3.4871794871794872	39
8580	2006	4.211538461538462	26
8833	2006	3.013888888888889	36
30883	2006	1.88	25
32298	2006	2.9791666666666665	48
32589	2006	2.9705882352941178	17
37855	2006	3.715686274509804	51
43556	2006	2.8297872340425534	47
48593	2006	2.926829268292683	41
8019	2006	3.353448275862069	58
26603	2006	3.2413793103448274	29
31702	2006	3.35	10
33085	2006	2.592857142857143	70
48522	2006	3.0	8
27456	2006	3.625	12
33454	2006	3.576923076923077	26
8044	2006	3.840909090909091	22
8191	2006	3.8043478260869565	23
25870	2006	4.035714285714286	14
32160	2006	3.5833333333333335	12
34482	2006	3.736842105263158	19
8375	2006	3.2	5
33838	2006	3.532258064516129	31
43908	2006	2.526315789473684	19
8690	2006	3.6826923076923075	52
8828	2006	4.25	2
8266	2006	2.9204545454545454	44
8978	2006	2.147727272727273	44
8765	2006	4.045454545454546	33
8123	2006	2.875	4
8591	2006	3.2115384615384617	26
8732	2006	3.3636363636363638	11
8924	2006	4.0	2
26116	2006	3.6458333333333335	24
26203	2006	3.4615384615384617	13
26476	2006	3.418918918918919	37
31555	2006	2.4705882352941178	17
33681	2006	1.5	23
8270	2006	3.5714285714285716	14
32022	2006	3.272727272727273	11
32285	2006	3.5	1
8868	2006	2.764705882352941	17
30659	2006	2.9	10
33815	2006	2.92	25
37477	2006	2.9913793103448274	58
43906	2006	2.0454545454545454	11
8495	2006	3.259259259259259	27
8624	2006	3.5	2
26819	2006	2.8026315789473686	76
33188	2006	3.4285714285714284	7
42021	2006	3.0833333333333335	30
7918	2006	3.9545454545454546	11
8588	2006	1.9230769230769231	13
8658	2006	2.25	4
7893	2006	2.375	4
8015	2006	3.5454545454545454	22
8259	2006	2.5833333333333335	6
8634	2006	2.25	4
8928	2006	3.55	20
9004	2006	2.673076923076923	26
26230	2006	3.0	7
26285	2006	3.380952380952381	42
26422	2006	3.6379310344827585	29
26488	2006	3.0	7
27912	2006	3.8734177215189876	79
31162	2006	3.3383838383838382	99
48738	2006	3.789473684210526	19
49280	2006	3.5172413793103448	29
49822	2006	3.607142857142857	28
8365	2006	3.6	5
8915	2006	3.5	22
32584	2006	3.6052631578947367	19
46972	2006	3.5	11
47099	2006	3.775	20
48043	2006	3.5689655172413794	58
26150	2006	4.118055555555555	72
8872	2006	3.4722222222222223	18
31116	2006	3.8656716417910446	67
34767	2006	2.238095238095238	21
43932	2006	2.0454545454545454	22
49110	2006	2.4210526315789473	19
8496	2006	3.5526315789473686	19
8221	2006	3.625	12
8735	2006	3.375	4
26082	2006	4.22	25
26388	2006	3.409090909090909	11
27555	2006	3.775	20
32318	2006	2.0	1
48598	2006	3.625	4
7846	2006	2.3636363636363638	22
7879	2006	3.5714285714285716	14
7881	2006	3.05	10
7900	2006	3.0	7
7912	2006	3.0	2
7915	2006	3.55	10
7932	2006	3.9	40
7950	2006	3.5	1
7982	2006	3.5660377358490565	53
7984	2006	3.269230769230769	13
7993	2006	3.2222222222222223	9
8011	2006	3.725	20
8035	2006	2.923076923076923	13
8040	2006	3.3181818181818183	11
8062	2006	2.7857142857142856	7
8092	2006	3.0	4
8126	2006	3.75	6
8129	2006	2.5555555555555554	9
8137	2006	2.0	2
8169	2006	3.122950819672131	61
8222	2006	3.5	5
8240	2006	3.125	4
8261	2006	3.861111111111111	18
8265	2006	2.375	8
8367	2006	3.388888888888889	9
8405	2006	3.6666666666666665	18
8482	2006	3.5	27
8504	2006	3.24	25
8506	2006	2.625	4
8521	2006	3.4473684210526314	19
8578	2006	2.9482758620689653	29
8619	2006	3.3333333333333335	3
8626	2006	3.0	3
8628	2006	3.75	2
8639	2006	3.0625	16
8680	2006	3.5	2
8687	2006	2.1666666666666665	3
8709	2006	2.5	6
8717	2006	3.0	2
8728	2006	3.25	4
8746	2006	2.6666666666666665	3
8751	2006	3.8421052631578947	19
8754	2006	3.9038461538461537	26
8770	2006	2.0	1
8790	2006	3.5	2
8803	2006	2.9166666666666665	6
8805	2006	3.659090909090909	22
8814	2006	2.79	50
8815	2006	2.427536231884058	69
8836	2006	3.183673469387755	49
8839	2006	2.4444444444444446	9
8854	2006	2.611111111111111	9
8855	2006	2.4545454545454546	11
8878	2006	2.5	2
8885	2006	3.3333333333333335	9
8892	2006	2.3333333333333335	3
8893	2006	1.8333333333333333	3
8894	2006	2.4166666666666665	18
8903	2006	1.875	4
8906	2006	3.0694444444444446	36
8926	2006	3.25	2
8931	2006	3.8125	8
8932	2006	2.7	5
8934	2006	2.4444444444444446	9
8938	2006	3.264705882352941	17
8941	2006	2.125	12
8946	2006	2.75	18
8960	2006	3.25	2
8967	2006	2.1666666666666665	42
8986	2006	2.6875	8
8998	2006	3.823529411764706	34
9016	2006	2.5	1
25827	2006	3.7976190476190474	42
26241	2006	3.4444444444444446	9
26303	2006	3.5172413793103448	29
26629	2006	2.763888888888889	72
26677	2006	3.5	1
26729	2006	4.132075471698113	53
26810	2006	3.526315789473684	19
27022	2006	3.578125	32
27271	2006	3.4444444444444446	9
27340	2006	3.1	10
27408	2006	3.3295454545454546	44
27563	2006	3.522727272727273	44
27776	2006	3.142857142857143	7
27792	2006	2.8076923076923075	13
27820	2006	3.760869565217391	23
27837	2006	2.8392857142857144	84
27864	2006	2.8529411764705883	17
31060	2006	3.5	1
31724	2006	2.676470588235294	17
31737	2006	3.5	5
32015	2006	1.5	1
32088	2006	2.0	2
32122	2006	3.25	2
32300	2006	3.1739130434782608	23
32314	2006	3.1470588235294117	17
32385	2006	2.8	5
34645	2006	2.75	8
36397	2006	2.7448979591836733	49
36523	2006	2.588235294117647	17
45361	2006	2.1625	40
48394	2006	3.90625	16
33750	2006	3.642857142857143	7
31263	2006	3.375	8
8494	2006	3.7291666666666665	24
8503	2006	2.4375	8
26865	2006	3.8846153846153846	65
31934	2006	3.5217391304347827	23
33688	2006	2.5	4
8012	2006	3.793103448275862	58
8142	2006	3.3055555555555554	18
26313	2006	3.5416666666666665	12
42900	2006	3.574074074074074	27
8024	2006	3.142857142857143	7
8594	2006	4.5	1
8813	2006	3.261904761904762	21
9010	2006	3.911764705882353	34
26599	2006	3.78	25
41721	2006	3.7083333333333335	12
34326	2006	2.8676470588235294	34
27879	2006	3.8404255319148937	47
25773	2006	3.75	22
8007	2006	3.0625	8
8695	2006	3.4318181818181817	22
26758	2006	3.9583333333333335	12
7885	2006	3.5833333333333335	6
8747	2006	1.4	5
26465	2006	2.5	8
7951	2006	3.2	15
33168	2006	4.166666666666667	3
8338	2006	3.9565217391304346	23
8486	2006	3.625	4
8582	2006	4.044117647058823	34
8587	2006	2.9285714285714284	7
8768	2006	3.5454545454545454	11
8930	2006	3.7708333333333335	24
25826	2006	3.96875	16
25856	2006	3.5588235294117645	34
25898	2006	4.166666666666667	12
25904	2006	3.5833333333333335	6
26695	2006	3.1666666666666665	18
30892	2006	4.071428571428571	28
31770	2006	3.7083333333333335	12
8254	2006	3.806451612903226	31
8589	2006	3.6901408450704225	71
8477	2006	3.9146341463414633	41
8743	2006	3.75	2
32591	2006	3.625	12
8595	2006	3.125	4
27797	2006	3.65	10
25891	2006	3.5483870967741935	31
8847	2006	1.2	5
8849	2006	2.1666666666666665	3
8927	2006	3.0714285714285716	7
26782	2006	3.25	18
27193	2006	3.232394366197183	71
8141	2006	1.75	2
8971	2006	3.2857142857142856	7
8134	2006	3.25	8
8456	2006	4.055555555555555	9
25805	2006	3.911764705882353	17
46772	2006	3.1166666666666667	30
49347	2006	3.269230769230769	26
38388	2006	3.1707317073170733	41
45635	2006	3.111111111111111	36
7884	2006	3.9444444444444446	9
8952	2006	3.0	5
8383	2006	2.7222222222222223	9
8869	2006	2.403225806451613	31
8864	2006	2.62	25
8684	2006	4.176470588235294	17
8738	2006	3.5833333333333335	18
25954	2006	4.0	16
26052	2006	3.6206896551724137	29
26231	2006	3.7	15
30701	2006	4.166666666666667	9
38994	2006	3.5	13
8959	2006	2.8333333333333335	48
26085	2006	3.7266666666666666	75
40010	2006	3.8333333333333335	9
43910	2006	3.32	25
48774	2006	4.0	21
49824	2006	3.7	20
31445	2006	3.2916666666666665	12
49130	2006	3.2	10
30818	2006	3.16	25
26258	2006	4.153846153846154	13
26578	2006	3.9583333333333335	12
47465	2006	3.5	11
45525	2006	3.1315789473684212	19
27432	2006	3.5	13
42053	2006	1.7391304347826086	23
8618	2006	3.8181818181818183	11
47970	2006	3.2282608695652173	46
48560	2006	2.9047619047619047	21
7919	2006	3.55	10
8260	2006	3.6363636363636362	11
8740	2006	4.117647058823529	17
8785	2006	3.7	5
8848	2006	4.0	21
25750	2006	4.358974358974359	39
25825	2006	3.9210526315789473	19
25901	2006	3.227272727272727	11
26119	2006	3.730769230769231	13
26151	2006	3.517857142857143	28
26294	2006	3.5319148936170213	47
33124	2006	3.357142857142857	14
33675	2006	3.4166666666666665	12
48304	2006	3.5625	32
7843	2006	3.5	13
7958	2006	2.0	2
8256	2006	3.7777777777777777	9
8264	2006	3.625	16
8395	2006	3.75	4
8462	2006	3.125	4
8487	2006	3.3125	8
8502	2006	3.375	12
8512	2006	3.232142857142857	28
8527	2006	3.0	20
8535	2006	3.314814814814815	27
8584	2006	3.875	4
8616	2006	2.8333333333333335	3
8617	2006	2.25	4
8727	2006	3.5	6
8758	2006	2.9375	8
8999	2006	3.75	14
9017	2006	3.0	3
26038	2006	3.85	10
26394	2006	3.857142857142857	14
32049	2006	4.125	4
32170	2006	3.3	15
32325	2006	2.6666666666666665	3
32674	2006	2.9166666666666665	6
34177	2006	2.9	5
40973	2006	2.875	20
8463	2006	2.5	4
8886	2006	2.0	6
30996	2006	3.75	6
7937	2006	3.896551724137931	29
34155	2006	3.36	25
7838	2006	3.0	1
8124	2006	3.5	4
8598	2006	2.9642857142857144	14
8603	2006	4.0	2
8663	2006	3.142857142857143	7
8963	2006	2.388888888888889	18
9015	2006	2.75	4
27316	2006	3.5	9
27888	2006	2.375	4
31255	2006	3.1666666666666665	15
32668	2006	2.8	5
8779	2006	3.0714285714285716	7
48596	2006	2.5	2
7988	2006	3.0	10
26513	2006	2.9814814814814814	27
8201	2006	4.125	4
8702	2006	3.125	4
8996	2006	3.0833333333333335	6
26577	2006	3.8125	8
27833	2006	2.9285714285714284	14
8384	2006	4.0	2
25835	2006	3.7916666666666665	12
8600	2006	3.7435897435897436	39
7994	2006	2.5	1
8905	2006	3.0	19
27636	2006	3.1363636363636362	11
32605	2006	2.375	4
8913	2006	3.0625	8
33145	2006	3.2555555555555555	45
39408	2006	2.1	5
8782	2006	2.35	20
7944	2006	3.772727272727273	22
8753	2006	4.1875	8
8767	2006	3.607142857142857	14
8920	2006	3.5555555555555554	9
8989	2006	3.62	25
25795	2006	3.5454545454545454	11
25839	2006	4.0	11
25841	2006	3.7222222222222223	9
25952	2006	3.9583333333333335	12
49286	2006	2.9714285714285715	35
33603	2006	3.5	7
32076	2006	2.8181818181818183	11
33585	2006	2.1923076923076925	26
8189	2006	3.7142857142857144	7
8573	2006	3.675	20
8923	2006	3.5	17
40887	2006	2.861111111111111	18
8852	2006	3.0	5
7847	2006	3.142857142857143	7
8043	2006	3.5833333333333335	6
8363	2006	2.1515151515151514	33
8411	2006	1.25	2
8525	2006	2.0	1
8612	2006	3.0	7
8701	2006	2.4285714285714284	14
8713	2006	3.25	12
8761	2006	3.5	3
8850	2006	2.5	5
8871	2006	2.7142857142857144	7
8919	2006	2.7666666666666666	15
8929	2006	2.5714285714285716	7
27648	2006	3.0	14
31079	2006	2.0	9
31422	2006	1.5208333333333333	24
31447	2006	1.6428571428571428	7
32078	2006	3.3125	8
8822	2006	1.9	5
7897	2006	3.5	14
7979	2006	3.7333333333333334	30
8183	2006	3.526315789473684	38
8543	2006	2.3	5
8571	2006	3.5	11
8649	2006	2.5	5
8675	2006	3.6785714285714284	14
8700	2006	3.2	10
8706	2006	3.5	1
8900	2006	2.5	4
8954	2006	4.0	2
8979	2006	3.75	6
8991	2006	2.9285714285714284	7
9001	2006	2.5	3
25757	2006	2.9642857142857144	28
25802	2006	2.5	10
25893	2006	3.1875	16
26198	2006	3.53125	32
26240	2006	3.5303030303030303	33
27830	2006	3.2666666666666666	15
27869	2006	3.872093023255814	43
27876	2006	3.0555555555555554	18
30991	2006	3.55	10
31429	2006	3.5	9
31485	2006	3.732142857142857	28
32002	2006	3.5	1
32862	2006	2.888888888888889	9
33136	2006	3.411764705882353	17
33725	2006	3.5555555555555554	36
33819	2006	3.421875	32
40988	2006	3.375	8
42736	2006	2.3	5
43744	2006	3.017857142857143	28
46803	2006	3.763157894736842	19
47646	2006	2.7142857142857144	14
8391	2006	2.75	4
8755	2006	3.7916666666666665	24
40817	2006	3.1666666666666665	12
43987	2006	3.05	10
33539	2006	3.6363636363636362	22
44058	2006	3.1875	8
9002	2006	3.0	10
8726	2006	3.25	8
8465	2006	3.0	1
8583	2006	3.3333333333333335	3
8731	2006	3.625	12
8772	2006	3.8	30
8786	2006	3.625	8
8887	2006	2.9	5
8982	2006	3.7413793103448274	29
25947	2006	3.7222222222222223	18
26283	2006	3.6	5
26497	2006	3.388888888888889	9
26567	2006	2.3260869565217392	23
26663	2006	3.74	25
27768	2006	3.7857142857142856	7
30712	2006	3.625	12
34538	2006	2.75	6
26495	2006	2.9838709677419355	31
7939	2006	3.9782608695652173	23
48696	2006	3.8333333333333335	33
26734	2006	2.642857142857143	7
27564	2006	2.625	12
31522	2006	3.775	20
31867	2006	2.8636363636363638	22
44189	2006	2.6842105263157894	19
31467	2006	3.125	4
7899	2006	3.638888888888889	18
8899	2006	4.0	4
8401	2006	3.625	16
7938	2006	3.9130434782608696	23
26117	2006	3.59375	16
26302	2006	3.45	20
26359	2006	3.3703703703703702	27
27812	2006	3.4375	16
8631	2006	3.8125	8
26187	2006	3.05	10
8656	2006	4.1625	40
7894	2006	3.4571428571428573	35
7913	2006	4.0	3
8004	2006	3.5833333333333335	6
8136	2006	2.5	1
8138	2006	2.125	4
8206	2006	3.2	5
8447	2006	3.3333333333333335	9
9008	2006	3.25	2
9019	2006	2.1666666666666665	3
25753	2006	3.90625	48
26306	2006	3.5789473684210527	19
30949	2006	3.75	6
32060	2006	2.375	4
32395	2006	3.3125	8
34359	2006	3.3421052631578947	19
32371	2006	3.6333333333333333	15
8364	2006	3.65	30
32128	2006	2.1666666666666665	3
33148	2006	2.5	5
33685	2006	2.107142857142857	14
34540	2006	3.090909090909091	22
45183	2006	3.5	33
47952	2006	2.75	10
49314	2006	2.75	4
8574	2006	3.3076923076923075	13
8909	2006	2.5	1
26521	2006	3.5	10
8922	2006	3.388888888888889	9
8688	2006	2.5	1
32058	2006	2.9375	8
39394	2006	2.25	6
25999	2006	3.7142857142857144	21
49396	2006	3.421875	32
49524	2006	3.0357142857142856	14
8273	2006	3.5714285714285716	14
8787	2006	2.625	8
27783	2006	3.5	7
47382	2006	3.375	12
8898	2006	3.1875	8
7931	2006	3.0	1
32090	2006	3.0	1
34608	2006	3.8	5
8168	2006	3.1875	8
26112	2006	2.6666666666666665	3
32387	2006	4.0	16
8698	2006	3.0833333333333335	6
8756	2006	4.5	1
25855	2006	3.8333333333333335	12
8127	2006	2.892857142857143	14
7914	2006	3.0	2
7941	2006	3.9782608695652173	23
8143	2006	3.375	4
8153	2006	3.5	12
8194	2006	2.642857142857143	7
8400	2006	3.142857142857143	7
8516	2006	3.975	20
8611	2006	2.9	5
8650	2006	3.7	5
8710	2006	3.5714285714285716	7
8724	2006	3.323529411764706	17
8851	2006	3.3333333333333335	3
26744	2006	3.0	7
7942	2006	3.9	5
8332	2006	3.6666666666666665	6
8718	2006	3.8333333333333335	9
8388	2006	2.0	1
8752	2006	3.4642857142857144	14
9003	2006	2.75	4
8911	2006	3.3333333333333335	6
32009	2006	2.911764705882353	17
8009	2006	3.25	2
8294	2006	3.75	2
8572	2006	3.5	2
9011	2006	3.9166666666666665	6
32302	2006	2.847826086956522	23
31035	2006	3.8461538461538463	13
7922	2006	2.75	2
8460	2006	3.227272727272727	11
8593	2006	3.3125	8
8720	2006	2.6153846153846154	13
31362	2006	2.6666666666666665	6
26965	2006	3.1333333333333333	15
48161	2006	3.409090909090909	11
8859	2006	0.7333333333333333	15
8302	2006	3.6666666666666665	3
8902	2006	4.5	1
8139	2006	4.5	2
33134	2006	3.625	4
44729	2006	1.9545454545454546	22
7947	2006	3.2	5
7959	2006	2.875	4
7995	2006	3.25	4
8238	2006	3.0	2
8252	2006	3.0	1
8577	2006	3.3333333333333335	3
8602	2006	4.0	5
8629	2006	3.95	10
8669	2006	2.5	4
8703	2006	2.3333333333333335	3
8736	2006	4.5	1
26174	2006	2.857142857142857	7
30977	2006	2.0	1
31083	2006	2.0	4
32109	2006	3.0	1
32369	2006	3.611111111111111	9
7890	2006	2.4	5
25865	2006	3.8076923076923075	13
32349	2006	3.5	4
8410	2006	3.5	6
8857	2006	3.5	1
31408	2006	3.5	6
36539	2006	3.5	10
8131	2006	3.875	4
47642	2006	2.625	4
8739	2006	3.9166666666666665	6
7948	2006	4.25	2
8236	2006	2.5	1
8608	2006	3.3636363636363638	11
8609	2006	3.9285714285714284	14
8749	2006	3.875	4
8481	2006	3.0	4
26128	2006	3.625	8
32149	2006	2.3	5
34185	2006	3.25	4
36541	2006	2.375	4
8045	2006	3.282608695652174	23
8121	2006	3.9705882352941178	17
31251	2006	2.909090909090909	11
34579	2006	3.2222222222222223	9
49649	2006	2.4285714285714284	7
8378	2006	3.272727272727273	11
31613	2006	0.5	1
32116	2006	2.375	16
34648	2006	2.5	4
7940	2006	3.8	10
25937	2006	3.5789473684210527	19
31030	2006	3.875	8
8846	2006	2.9	5
26181	2006	3.4583333333333335	12
32139	2006	3.4285714285714284	7
34583	2006	3.2857142857142856	7
39425	2006	3.0	1
49282	2006	2.125	4
7986	2006	2.375	4
8676	2006	1.7	5
32084	2006	2.3	5
8844	2006	4.0	13
27370	2006	3.25	2
9013	2006	3.9166666666666665	6
8935	2006	4.0	3
8987	2006	3.25	2
32124	2006	3.2	10
8499	2006	3.8	10
8063	2006	3.25	4
30954	2006	2.25	2
49647	2006	3.3333333333333335	6
8988	2006	2.9375	8
41575	2006	2.8461538461538463	13
8426	2006	2.625	8
8801	2006	3.625	4
32602	2006	2.6	5
30952	2006	3.033333333333333	15
8942	2006	3.5	1
47793	2006	3.2222222222222223	9
8227	2006	3.5	7
8540	2006	3.3333333333333335	6
8692	2006	3.0	3
8655	2006	3.3333333333333335	3
8823	2006	2.2142857142857144	7
26226	2006	2.5	4
8070	2006	3.25	2
31747	2006	2.0	3
48416	2006	2.5555555555555554	9
31038	2006	2.0	3
49793	2006	2.75	2
32153	2006	3.25	2
34624	2006	3.25	4
30747	2006	3.75	4
30890	2006	4.0	1
7954	2006	2.5	3
49772	2006	3.5	2
50064	2006	3.3333333333333335	3
26055	2006	3.676470588235294	17
8678	2006	3.2	5
48879	2006	3.5	7
32074	2006	3.1666666666666665	3
32381	2006	3.4166666666666665	6
39441	2006	4.0	4
8398	2006	5.0	1
7923	2006	3.4	5
8003	2006	3.1666666666666665	6
8748	2006	3.3333333333333335	3
31026	2006	2.25	8
31047	2006	3.0	2
8188	2006	3.888888888888889	9
40148	2006	3.1923076923076925	39
7949	2006	2.7857142857142856	7
8140	2006	3.3333333333333335	6
8237	2006	2.75	2
8936	2006	3.5	1
47956	2006	3.6	5
30896	2006	2.7	5
8453	2006	3.3	5
36545	2006	1.5	1
43926	2006	1.5	10
26791	2006	3.6666666666666665	3
31104	2006	3.0	1
8881	2006	3.0	3
8671	2006	3.375	4
8750	2006	3.5	1
32620	2006	3.0	1
8812	2006	4.0	1
34158	2006	4.5	1
32892	2006	4.181818181818182	11
7892	2006	2.8	5
8630	2006	3.5	2
8613	2006	2.75	2
8673	2006	2.5	2
8775	2006	2.0	3
26404	2006	2.5	1
34643	2006	2.5625	8
37846	2006	2.5	4
8867	2006	2.0	1
30942	2006	2.8333333333333335	3
33641	2006	3.5	2
8241	2006	3.0	2
7946	2006	3.0	1
49355	2006	3.625	4
27734	2006	2.5	2
32988	2006	3.25	10
47830	2006	1.75	2
49132	2006	3.25	4
49205	2006	2.5	2
49284	2006	4.0	1
49528	2006	1.6666666666666667	3
27874	2006	3.0	2
8232	2006	4.375	4
8458	2006	4.0	1
8648	2006	3.0	2
8654	2006	3.0	1
8771	2006	3.0	1
8774	2006	3.5	1
8877	2006	3.0	1
8995	2006	2.3333333333333335	3
8997	2006	2.5	1
9000	2006	2.625	4
9007	2006	3.0	1
25906	2006	3.3333333333333335	3
26106	2006	3.5	2
30994	2006	3.0	3
32151	2006	3.0	2
32162	2006	3.5714285714285716	7
32781	2006	3.6666666666666665	6
34473	2006	3.5	1
7936	2006	3.5	8
8190	2006	3.6666666666666665	6
8263	2006	3.75	2
8714	2006	3.25	4
8725	2006	3.8333333333333335	6
8757	2006	4.25	2
32383	2006	3.5	3
8773	2006	2.9166666666666665	6
33821	2006	3.5	4
7878	2006	1.5	1
39410	2006	2.875	4
40969	2006	2.8333333333333335	3
41564	2006	2.6666666666666665	3
43934	2006	3.6875	8
33132	2006	2.0	1
8374	2006	4.25	2
26745	2006	2.8636363636363638	11
8615	2006	3.25	4
8267	2006	2.0	1
8804	2006	3.5	1
39402	2006	3.6666666666666665	3
7882	2006	4.166666666666667	3
7898	2006	3.625	4
32627	2006	2.7	5
7952	2006	2.5	1
8393	2006	1.25	2
8766	2006	3.75	2
8778	2006	3.357142857142857	7
8793	2006	3.1	5
8816	2006	1.5	1
8818	2006	1.5	2
8820	2006	2.0	2
8730	2006	3.769230769230769	13
49276	2006	2.375	4
39439	2006	3.5	1
33150	2006	3.5	1
8956	2006	3.5	6
7928	2006	2.0	1
8652	2006	1.0	1
8660	2006	3.0	3
8682	2006	3.5	1
26211	2006	4.5	1
32375	2006	3.0	3
25766	2006	3.75	6
32600	2006	3.0	8
36511	2006	2.3333333333333335	3
8832	2006	3.5833333333333335	6
32013	2006	3.5	1
8382	2006	3.5	2
8421	2006	3.5	2
8522	2006	2.875	8
31107	2006	2.25	2
8840	2006	2.6	5
44844	2006	1.875	4
8377	2006	4.0	3
8853	2006	3.0	1
8975	2006	2.0	1
49644	2006	2.5	1
46430	2006	3.1	5
8762	2006	4.0	1
8792	2006	3.0	1
31042	2006	3.2857142857142856	7
8681	2006	2.1666666666666665	3
8794	2006	3.0	3
8780	2006	3.5	2
7945	2006	4.5	1
8585	2006	3.357142857142857	7
8013	2006	3.25	2
8722	2006	2.8333333333333335	3
27875	2006	4.083333333333333	6
8788	2006	3.0	3
7916	2006	2.875	4
8424	2006	2.5	1
8693	2006	2.8333333333333335	3
8745	2006	3.75	2
8837	2006	2.5	2
8925	2006	2.0	1
25931	2006	3.4	5
31594	2006	3.0	3
32082	2006	2.75	2
32617	2006	2.3333333333333335	3
32625	2006	2.0	1
26996	2006	2.7	5
8696	2006	3.0	1
7921	2006	1.875	4
8057	2006	3.6666666666666665	3
8120	2006	3.5	1
8269	2006	2.0833333333333335	6
8683	2006	2.1666666666666665	3
8705	2006	1.25	2
8715	2006	3.5	2
8742	2006	2.125	4
8990	2006	3.25	2
8992	2006	3.0	3
8993	2006	3.5	2
26841	2006	2.375	4
32646	2006	2.75	6
34353	2006	2.25	2
34193	2006	3.625	4
8889	2006	3.0	1
8257	2006	3.0	3
47384	2006	2.6666666666666665	3
48159	2006	1.5	3
27509	2006	3.2	5
8944	2006	2.5	1
8597	2006	2.25	2
39421	2006	3.1666666666666665	3
36392	2006	2.1666666666666665	3
8290	2006	0.75	2
31682	2006	3.25	2
31577	2006	5.0	1
40964	2006	2.4	5
8664	2006	4.5	1
7839	2006	3.5	2
8224	2006	3.5	2
8484	2006	3.1666666666666665	3
8791	2006	3.0	3
50147	2006	0.5	1
34170	2006	1.375	4
27528	2006	2.5	3
8407	2006	4.0	2
8422	2006	3.6666666666666665	3
27735	2006	1.6666666666666667	3
7872	2006	4.0	1
26868	2006	4.5	1
31600	2006	3.0	2
8293	2006	3.6666666666666665	3
8425	2006	4.0	2
8118	2006	1.25	2
26289	2006	3.5	6
47516	2006	1.0	4
8694	2006	2.5	3
9009	2006	1.0	1
8769	2006	2.875	4
8819	2006	2.5	1
7886	2006	3.375	4
8329	2006	3.0	1
8403	2006	3.0	3
8579	2006	2.0	1
8679	2006	3.5	1
8686	2006	4.25	2
8716	2006	3.5	2
8723	2006	0.5	1
8789	2006	2.0	1
9014	2006	2.0	1
31112	2006	2.5	2
32677	2006	3.0	1
36553	2006	0.5	1
49642	2006	4.5	1
31494	2006	2.5	1
8891	2006	2.25	2
8592	2006	2.5	1
8760	2006	2.5	1
8759	2006	3.5	1
7992	2006	3.5	1
8962	2006	3.5	1
33193	2006	3.0	1
48600	2006	3.0	1
31610	2006	2.0	3
8427	2006	1.0	1
8122	2006	3.5	1
27841	2006	3.0	1
30981	2006	3.0	2
26682	2006	2.3333333333333335	3
31045	2006	2.0	2
33152	2006	2.25	2
8964	2006	3.75	2
8896	2006	2.25	2
8599	2006	3.0	1
8402	2006	3.0	1
8704	2006	3.0	1
8895	2006	3.0	1
34189	2006	2.0	1
8255	2006	3.75	2
7989	2006	2.5	1
8519	2006	3.0	1
8825	2006	3.0	3
8858	2006	1.75	2
8856	2006	0.5	1
39390	2006	3.25	2
30970	2006	2.5	1
7917	2006	1.0	1
27644	2006	4.25	2
33142	2006	2.5	1
31606	2006	2.5	1
8149	2006	3.0	1
8834	2006	2.0	2
7837	2006	3.25	2
32347	2006	2.5	3
8653	2006	1.0	1
8829	2006	1.5	1
31090	2006	2.0	1
8691	2006	3.5	1
8202	2006	4.0	1
31109	2006	3.0	1
31247	2006	3.0	1
8478	2006	3.5	1
8544	2006	1.0	1
8741	2006	0.5	1
32342	2006	1.5	1
31053	2006	4.0	1
8685	2006	2.0	1
8586	2006	3.0	1
32361	2006	4.0	1
8776	2006	2.0	1
32335	2006	2.5	1
32352	2006	3.0	1
31040	2006	2.0	1
32392	2006	4.0	1