27	2007	3.5	15
293	2007	4.195652173913044	805
296	2007	4.186799805163176	2053
377	2007	3.149511645379414	1331
726	2007	2.625	4
802	2007	3.0283505154639174	194
832	2007	3.089655172413793	290
1013	2007	3.45	60
1047	2007	3.206153846153846	325
1479	2007	3.0670391061452515	179
1552	2007	3.0563829787234043	470
1615	2007	3.5686274509803924	51
1754	2007	3.5242718446601944	103
1892	2007	3.340659340659341	91
2058	2007	3.495515695067265	223
2340	2007	3.3	170
2432	2007	3.043859649122807	57
29	2007	3.8958333333333335	312
111	2007	4.066810344827586	696
741	2007	3.7623574144486693	263
1175	2007	3.9473684210526314	228
1306	2007	4.230769230769231	13
337	2007	3.7473684210526317	380
509	2007	3.47962962962963	270
916	2007	4.0927152317880795	151
1678	2007	3.453488372093023	129
1707	2007	1.7477477477477477	111
1911	2007	2.537313432835821	201
2013	2007	3.1506410256410255	156
2136	2007	2.4415584415584415	77
2	2007	2.927960057061341	701
176	2007	3.59375	16
292	2007	3.1975425330812857	529
356	2007	3.9616444648598987	2177
367	2007	2.836909871244635	1165
442	2007	2.924821002386635	419
448	2007	3.4696969696969697	33
586	2007	2.948207171314741	1004
750	2007	4.177251732101617	866
1036	2007	3.878026070763501	1074
1060	2007	3.640909090909091	330
1079	2007	3.7146946564885495	524
1084	2007	3.791044776119403	201
1237	2007	4.053846153846154	130
1253	2007	3.9494949494949494	99
1721	2007	3.0723086900129704	1542
2502	2007	4.033024333719583	863
1	2007	3.6684747925973196	1567
5	2007	2.6	205
25	2007	3.62316715542522	341
32	2007	3.9910296411856474	1282
34	2007	3.108322324966975	757
39	2007	3.11340206185567	679
47	2007	4.088581314878892	1445
50	2007	4.26657824933687	1508
110	2007	3.847127856701668	1619
150	2007	3.6201700154559506	1294
223	2007	3.746234939759036	664
231	2007	2.9157801418439715	1128
260	2007	4.030906990179087	1731
288	2007	3.3911504424778762	565
318	2007	4.398898898898899	1998
344	2007	2.953479576399395	1322
357	2007	3.47787610619469	678
457	2007	3.747758761206194	1227
480	2007	3.46806768558952	1832
500	2007	3.1248912097476067	1149
520	2007	3.077433628318584	452
541	2007	4.048861480075901	1054
587	2007	3.1043478260869564	805
589	2007	3.7694591029023745	1516
593	2007	3.9986172566371683	1808
597	2007	3.228993536472761	1083
648	2007	3.3075079872204474	1252
736	2007	2.868787276341948	1006
780	2007	3.1	1660
858	2007	4.333662064431295	1521
1073	2007	3.6681870011402506	877
1089	2007	4.023914968999114	1129
1097	2007	3.608119658119658	1170
1136	2007	4.116705698672912	1281
1193	2007	4.146543778801843	1085
1196	2007	4.131368937998772	1629
1198	2007	4.126228501228502	1628
1210	2007	3.9784735812133074	1533
1213	2007	4.178173719376392	898
1214	2007	3.975336322869955	1115
1240	2007	3.720720720720721	1221
1265	2007	3.869365609348915	1198
1270	2007	3.860861759425494	1671
1307	2007	3.628401360544218	588
1387	2007	3.674867021276596	752
1393	2007	3.315086782376502	749
1517	2007	3.3524027459954233	874
1527	2007	3.7154115586690017	1142
1580	2007	3.405727155727156	1554
1617	2007	3.968187274909964	833
1639	2007	3.4514563106796117	412
1704	2007	3.970614828209765	1106
1784	2007	3.6891191709844557	772
1923	2007	3.4034038638454462	1087
1961	2007	3.820939334637965	1022
2028	2007	3.8789267015706805	1528
2329	2007	4.161467116357504	1186
2353	2007	3.498924731182796	465
2571	2007	4.12756264236902	2195
180	2007	3.6277533039647576	227
1222	2007	4.027980535279806	822
2542	2007	4.032258064516129	620
306	2007	4.090909090909091	143
307	2007	3.9177215189873418	158
308	2007	3.939873417721519	158
1216	2007	3.8679245283018866	53
1320	2007	3.1743869209809263	367
1419	2007	4.142857142857143	21
1690	2007	2.9161676646706587	501
1757	2007	4.111111111111111	36
1913	2007	3.6458333333333335	24
1921	2007	3.7991573033707864	356
112	2007	3.0482758620689654	145
316	2007	3.3646131805157595	698
329	2007	3.1078199052132702	422
592	2007	3.4995934959349593	1230
919	2007	3.802924791086351	718
924	2007	3.803789731051345	818
1275	2007	3.586267605633803	284
1374	2007	3.5865384615384617	312
1779	2007	3.006993006993007	143
2105	2007	3.2704225352112677	355
2396	2007	3.503267973856209	765
2529	2007	3.6401869158878504	321
6	2007	3.929453262786596	567
16	2007	3.965034965034965	429
19	2007	2.6282894736842106	608
36	2007	3.750793650793651	315
101	2007	3.852517985611511	139
104	2007	3.308731808731809	481
153	2007	2.5956719817767655	878
161	2007	3.529968454258675	317
165	2007	3.4465042372881354	944
208	2007	2.649282920469361	767
216	2007	3.220812182741117	197
333	2007	3.3	175
364	2007	3.600985221674877	1218
370	2007	2.919191919191919	297
380	2007	3.3015165031222122	1121
410	2007	2.810850439882698	341
471	2007	3.7209302325581395	172
475	2007	3.919047619047619	210
508	2007	3.612676056338028	426
527	2007	4.170212765957447	1504
588	2007	3.541255605381166	1115
590	2007	3.556872037914692	1055
594	2007	3.4121447028423773	387
595	2007	3.463400900900901	888
608	2007	3.9841930116472546	1202
610	2007	3.095	100
647	2007	3.1459627329192545	161
733	2007	3.4556367432150314	958
784	2007	2.622950819672131	427
786	2007	2.7255747126436782	348
903	2007	4.0344827586206895	406
909	2007	4.009868421052632	152
912	2007	4.171215880893301	806
920	2007	3.690265486725664	339
923	2007	3.9853479853479854	546
926	2007	4.086206896551724	116
953	2007	4.009536784741145	367
968	2007	3.931318681318681	182
1019	2007	3.4798850574712645	174
1020	2007	3.0952380952380953	168
1031	2007	3.3777777777777778	90
1032	2007	3.658291457286432	199
1035	2007	3.6709844559585494	386
1042	2007	3.2426470588235294	204
1090	2007	3.9233067729083664	502
1101	2007	3.2004160887656035	721
1127	2007	3.6643026004728134	423
1197	2007	4.112294288480155	1033
1199	2007	3.961916461916462	407
1200	2007	3.9735973597359737	909
1203	2007	4.173596673596673	481
1204	2007	4.02233676975945	291
1206	2007	3.989094874591058	917
1207	2007	4.061503416856492	439
1208	2007	4.048349056603773	848
1220	2007	3.7963286713286712	572
1221	2007	4.247770069375619	1009
1225	2007	3.985645933014354	627
1234	2007	4.073490813648294	381
1246	2007	3.7954230235783633	721
1249	2007	3.689655172413793	319
1250	2007	4.030054644808743	366
1251	2007	3.9838709677419355	93
1252	2007	4.166666666666667	402
1258	2007	3.980920314253648	891
1263	2007	3.8718354430379747	316
1274	2007	3.8214285714285716	294
1287	2007	3.7819148936170213	188
1288	2007	3.9586129753914987	447
1293	2007	3.983402489626556	241
1302	2007	3.553921568627451	306
1391	2007	2.8803786574870913	581
1394	2007	3.7222222222222223	333
1396	2007	3.685267857142857	224
1584	2007	3.548888888888889	675
1608	2007	2.920275590551181	508
1610	2007	3.800289435600579	691
1625	2007	3.7631048387096775	496
1653	2007	3.86046511627907	602
1673	2007	3.7019774011299433	354
1682	2007	3.7507082152974505	1059
1732	2007	4.036386449184442	797
1747	2007	3.5609756097560976	205
1748	2007	3.8922077922077922	385
1777	2007	3.3043478260869565	414
1801	2007	2.8964646464646466	198
1845	2007	3.7790697674418605	43
1927	2007	3.7313432835820897	67
1945	2007	4.002976190476191	168
1952	2007	3.779279279279279	222
1953	2007	3.8411552346570397	277
1954	2007	3.6214788732394365	568
1955	2007	3.6176470588235294	102
1958	2007	3.5592105263157894	152
1962	2007	3.6551724137931036	203
1967	2007	3.6433823529411766	272
1968	2007	3.6980392156862747	765
2000	2007	3.5859766277128546	599
2009	2007	3.5425531914893615	94
2010	2007	3.934659090909091	176
2011	2007	3.4941935483870967	775
2012	2007	3.2857142857142856	777
2046	2007	3.473684210526316	152
2054	2007	2.7199341021416803	607
2080	2007	3.428813559322034	295
2117	2007	3.8013698630136985	73
2134	2007	3.1933333333333334	150
2139	2007	3.7857142857142856	112
2144	2007	3.4761029411764706	272
2194	2007	3.8893617021276596	470
2232	2007	3.645748987854251	247
2278	2007	3.5885416666666665	384
2321	2007	3.5214797136038185	419
2324	2007	4.098319327731092	595
2346	2007	2.9146341463414633	41
2371	2007	3.4214659685863875	191
2395	2007	3.8050632911392404	395
2411	2007	2.923076923076923	169
2431	2007	3.1277173913043477	184
2527	2007	3.382716049382716	81
2528	2007	3.3588235294117648	85
2572	2007	3.3254437869822486	338
922	2007	4.155172413793103	174
1029	2007	3.2551020408163267	294
1209	2007	4.186567164179104	201
2068	2007	4.076923076923077	52
743	2007	2.696319018404908	163
799	2007	3.277056277056277	231
1367	2007	2.7435897435897436	234
1409	2007	2.7417218543046356	151
1586	2007	2.621212121212121	198
413	2007	2.8489583333333335	96
414	2007	2.44	25
631	2007	2.2142857142857144	21
940	2007	3.7149532710280373	107
999	2007	3.486111111111111	36
1021	2007	2.4276315789473686	76
1321	2007	3.4192139737991267	229
1499	2007	1.9313725490196079	204
1503	2007	2.3181818181818183	22
1592	2007	2.2777777777777777	27
1693	2007	3.597826086956522	138
2123	2007	2.8671875	64
2124	2007	3.1505791505791505	259
2133	2007	3.1589147286821704	129
2163	2007	2.511627906976744	43
2294	2007	3.0836012861736335	311
2302	2007	3.4832535885167464	418
2505	2007	3.0574324324324325	148
2539	2007	3.115079365079365	252
65	2007	2.2612612612612613	111
95	2007	2.7985537190082646	484
169	2007	1.7906976744186047	86
172	2007	2.6934782608695653	230
555	2007	3.792332268370607	313
628	2007	3.8351648351648353	182
870	2007	2.227272727272727	11
1259	2007	3.960616438356164	584
1333	2007	3.6715481171548117	478
1595	2007	1.8181818181818181	22
1760	2007	1.5135135135135136	111
1882	2007	2.253787878787879	264
2036	2007	2.2037037037037037	27
2113	2007	2.0416666666666665	12
2370	2007	3.5416666666666665	12
58	2007	3.754166666666667	120
539	2007	3.215725806451613	744
933	2007	3.937984496124031	129
1096	2007	3.983050847457627	59
1230	2007	4.034883720930233	344
1300	2007	3.840909090909091	44
1594	2007	3.838709677419355	31
1674	2007	3.622340425531915	282
2064	2007	3.608695652173913	161
2352	2007	3.5723684210526314	152
1201	2007	4.193775100401607	498
1665	2007	2.8072289156626504	83
1028	2007	3.617142857142857	350
21	2007	3.25	390
62	2007	3.402046783625731	342
141	2007	3.298687089715536	457
185	2007	2.727272727272727	517
253	2007	3.625909752547307	687
349	2007	3.4565701559020043	449
788	2007	2.388779527559055	508
441	2007	3.707865168539326	267
551	2007	3.8240418118466897	574
1343	2007	3.4298892988929888	271
1464	2007	3.7711864406779663	177
2490	2007	3.3361702127659574	235
1095	2007	3.824712643678161	174
1276	2007	4.074074074074074	270
1392	2007	3.625	16
315	2007	2.618811881188119	202
485	2007	2.5208333333333335	408
1376	2007	3.4266409266409266	259
1590	2007	3.1262135922330097	206
1876	2007	2.7976878612716765	346
1917	2007	2.8686210640608034	921
2268	2007	3.7182628062360803	449
2351	2007	4.327586206896552	29
491	2007	2.935483870967742	155
1064	2007	2.7767857142857144	56
1080	2007	3.9977409638554215	664
1219	2007	3.9225908372827805	633
1242	2007	3.8638132295719845	257
1262	2007	4.012096774193548	372
1266	2007	3.9278350515463916	388
1272	2007	4.0266272189349115	169
1291	2007	3.9804979253112034	1205
1370	2007	3.368320610687023	524
1644	2007	2.2839285714285715	280
2019	2007	4.259305210918114	403
2085	2007	3.2233201581027666	253
2094	2007	2.954337899543379	219
2116	2007	3.1884615384615387	130
585	2007	2.1089965397923875	289
661	2007	3.142857142857143	217
783	2007	2.900576368876081	347
1282	2007	3.5726315789473686	475
1372	2007	3.2408256880733943	218
1729	2007	3.708181818181818	550
1909	2007	3.201570680628272	382
2424	2007	2.868530020703934	483
345	2007	3.4662162162162162	296
910	2007	3.8493506493506495	385
1244	2007	3.9748062015503876	258
1297	2007	3.6772151898734178	79
1541	2007	2.840909090909091	22
2015	2007	3.338709677419355	31
2262	2007	3.293103448275862	29
2407	2007	3.060790273556231	329
714	2007	4.045454545454546	132
778	2007	3.954030226700252	794
10	2007	3.40718954248366	765
11	2007	3.2738589211618256	241
267	2007	2.661111111111111	90
952	2007	3.287037037037037	54
1103	2007	3.737037037037037	135
1407	2007	2.92128801431127	559
1544	2007	2.850332594235033	451
1573	2007	3.139673105497771	673
1619	2007	3.4035087719298245	114
1686	2007	3.45	10
1884	2007	3.9262734584450403	373
2164	2007	1.75	6
175	2007	3.503875968992248	129
745	2007	3.9630801687763713	474
2021	2007	3.282258064516129	310
1041	2007	3.975609756097561	41
1104	2007	3.82	150
1950	2007	3.932584269662921	89
2363	2007	3.2093023255813953	43
94	2007	3.642857142857143	35
653	2007	3.0225409836065573	244
708	2007	3.0256410256410255	195
1094	2007	3.38860103626943	193
1183	2007	3.365439093484419	353
1380	2007	3.1555323590814197	479
2001	2007	3.348529411764706	340
2081	2007	3.3621867881548977	439
2237	2007	3.25	10
2470	2007	2.928904428904429	429
252	2007	2.9468085106382977	141
440	2007	3.2844202898550723	276
902	2007	3.8666666666666667	225
915	2007	3.7620967741935485	124
1271	2007	3.701530612244898	196
1461	2007	2.8454545454545452	55
1485	2007	3.0262738853503186	628
2072	2007	3.3295454545454546	88
2423	2007	3.7291666666666665	168
60	2007	2.5103092783505154	194
671	2007	3.8434343434343434	99
1023	2007	3.24	50
1285	2007	3.760233918128655	171
1449	2007	3.8846153846153846	169
1907	2007	3.5043478260869567	230
2078	2007	3.4410377358490565	212
2137	2007	3.351123595505618	178
2355	2007	3.3194662480376764	637
1212	2007	4.18716577540107	187
1248	2007	4.046296296296297	108
2249	2007	3.3529411764705883	17
215	2007	3.9545454545454546	154
599	2007	3.9770114942528734	87
898	2007	3.9850299401197606	167
994	2007	3.7222222222222223	54
1189	2007	4.12962962962963	54
1949	2007	3.8513513513513513	37
52	2007	3.4622641509433962	106
145	2007	3.1911764705882355	340
904	2007	4.167279411764706	544
942	2007	3.8846153846153846	39
1277	2007	3.566666666666667	75
1283	2007	3.9160583941605838	137
1676	2007	3.224236641221374	524
1680	2007	3.3181818181818183	231
17	2007	3.8203125	320
168	2007	2.504694835680751	213
235	2007	3.685667752442997	307
236	2007	3.192622950819672	122
266	2007	3.5024038461538463	208
339	2007	3.1156716417910446	402
353	2007	3.448529411764706	408
368	2007	3.246177370030581	327
908	2007	4.08375	400
1408	2007	3.7406716417910446	268
1500	2007	3.6596774193548387	310
2100	2007	3.0216450216450217	231
2115	2007	3.667777777777778	900
2291	2007	3.762486126526082	901
2406	2007	3.3745762711864407	295
1261	2007	3.8844444444444446	225
18	2007	3.556390977443609	133
1537	2007	3.353932584269663	89
2023	2007	3.4854260089686098	446
2114	2007	3.4308510638297873	94
277	2007	2.9054054054054053	111
342	2007	3.314732142857143	224
838	2007	3.416267942583732	209
901	2007	3.4482758620689653	29
1247	2007	3.9309978768577496	471
1498	2007	3.1470588235294117	17
1672	2007	3.644144144144144	111
1688	2007	3.302325581395349	86
1831	2007	2.4098360655737703	183
2205	2007	3.3378378378378377	37
2231	2007	3.8422053231939164	263
2273	2007	3.2561349693251533	326
2496	2007	2.974747474747475	99
2174	2007	3.4242227979274613	772
3	2007	2.9867021276595747	188
9	2007	2.5535714285714284	56
31	2007	2.9503311258278146	151
42	2007	2.9791666666666665	24
48	2007	2.736842105263158	285
70	2007	3.3013513513513515	370
122	2007	2.6666666666666665	36
159	2007	3.642857142857143	28
163	2007	3.4397058823529414	340
170	2007	3.1470588235294117	187
173	2007	2.2532894736842106	304
196	2007	2.600896860986547	223
256	2007	2.259493670886076	158
379	2007	2.466666666666667	165
393	2007	1.75	84
409	2007	3.357142857142857	14
420	2007	2.568100358422939	279
431	2007	3.769230769230769	299
434	2007	2.759259259259259	540
435	2007	2.4341463414634146	205
464	2007	2.6341463414634148	41
466	2007	2.9406474820143886	278
474	2007	3.452755905511811	254
510	2007	3.1875	8
529	2007	3.718543046357616	151
606	2007	2.088235294117647	17
704	2007	2.3333333333333335	27
866	2007	3.528776978417266	139
990	2007	2.5	12
998	2007	3.05	10
1245	2007	4.021739130434782	207
1342	2007	2.760204081632653	98
1377	2007	3.1956521739130435	391
1447	2007	3.0	8
1497	2007	1.935483870967742	31
1562	2007	2.0890207715133533	337
1587	2007	3.346368715083799	179
1645	2007	3.5	359
1662	2007	3.625	4
1717	2007	2.550531914893617	188
1722	2007	3.136887608069164	347
1771	2007	2.6666666666666665	6
1840	2007	3.5483870967741935	31
1976	2007	2.1951219512195124	41
2006	2007	3.007425742574257	404
2076	2007	3.8934169278996866	319
2196	2007	2.4583333333333335	12
2265	2007	2.0526315789473686	19
2269	2007	3.0	80
2373	2007	2.264705882352941	51
2384	2007	2.5985401459854014	137
2408	2007	2.803030303030303	33
1086	2007	4.053125	160
2014	2007	3.1634615384615383	52
913	2007	4.044836956521739	368
1217	2007	4.161585365853658	164
1228	2007	4.018518518518518	297
1254	2007	4.083333333333333	114
1348	2007	3.794392523364486	107
1939	2007	3.869047619047619	42
1997	2007	3.57847533632287	446
1215	2007	3.6670588235294117	425
2322	2007	2.9361702127659575	47
79	2007	2.6041666666666665	72
158	2007	2.5646766169154227	201
160	2007	2.392857142857143	224
186	2007	2.437238493723849	239
317	2007	2.7286245353159853	269
350	2007	3.288659793814433	194
355	2007	2.0297619047619047	336
374	2007	2.269230769230769	143
376	2007	2.954954954954955	111
454	2007	3.335671342685371	499
502	2007	2.139830508474576	118
531	2007	3.1700404858299596	247
552	2007	2.942622950819672	244
637	2007	2.375	92
673	2007	2.458974358974359	195
718	2007	3.4	20
762	2007	2.1398809523809526	168
880	2007	2.4574468085106385	141
1022	2007	3.379934210526316	304
1061	2007	3.7282051282051283	195
1088	2007	3.0344827586206895	290
1091	2007	2.871794871794872	156
1092	2007	3.172473867595819	287
1345	2007	3.297029702970297	303
1388	2007	2.5328947368421053	76
1389	2007	1.683673469387755	49
1416	2007	2.953020134228188	149
1438	2007	2.6153846153846154	130
1556	2007	1.816831683168317	202
1569	2007	3.017467248908297	229
1616	2007	2.7777777777777777	63
1702	2007	2.34375	112
1835	2007	3.1219512195121952	164
1858	2007	3.121212121212121	33
2003	2007	3.2486033519553073	358
2067	2007	3.7393162393162394	117
2167	2007	3.254278728606357	409
2253	2007	2.8181818181818183	110
2338	2007	2.012	125
2378	2007	3.0375	160
2379	2007	2.489247311827957	93
2420	2007	3.2056962025316458	316
2454	2007	3.232456140350877	114
2455	2007	3.474308300395257	253
2467	2007	3.894230769230769	156
2468	2007	2.675925925925926	54
2471	2007	2.5689655172413794	174
2485	2007	2.820588235294118	170
2533	2007	2.839622641509434	53
2541	2007	3.192073170731707	328
194	2007	3.624087591240876	137
229	2007	3.7954545454545454	22
247	2007	3.6180904522613067	199
347	2007	3.576923076923077	26
1037	2007	2.646551724137931	174
1233	2007	4.076822916666667	384
1281	2007	4.114754098360656	122
1635	2007	3.7152777777777777	216
2160	2007	3.683266932270916	251
2360	2007	3.9615384615384617	91
2488	2007	3.891304347826087	23
346	2007	3.0384615384615383	13
737	2007	1.5723684210526316	76
1441	2007	3.5357142857142856	126
1459	2007	3.142857142857143	42
1658	2007	3.140625	32
2060	2007	3.1488095238095237	84
2504	2007	3.0125	40
1077	2007	3.6907894736842106	152
1296	2007	3.856164383561644	146
1033	2007	3.392405063291139	79
1186	2007	3.515873015873016	189
2018	2007	3.357707509881423	253
2336	2007	3.6566455696202533	316
1027	2007	3.221223021582734	278
1373	2007	2.940944881889764	254
2427	2007	3.6003134796238245	319
1347	2007	3.1066433566433567	286
1350	2007	3.506802721088435	147
1969	2007	2.4444444444444446	54
1970	2007	2.7058823529411766	51
1971	2007	2.3255813953488373	43
1972	2007	2.361111111111111	36
1974	2007	2.8262711864406778	118
2325	2007	3.1666666666666665	48
2366	2007	3.3946188340807173	223
1012	2007	3.39	50
1299	2007	3.835570469798658	149
2311	2007	3.4510869565217392	92
222	2007	3.1153846153846154	39
652	2007	3.6666666666666665	3
735	2007	4.051724137931035	29
965	2007	3.9174311926605503	109
1223	2007	3.9166666666666665	306
1241	2007	3.7245762711864407	118
1255	2007	3.42	100
1739	2007	1.6304347826086956	23
1982	2007	3.6490683229813663	161
2140	2007	3.4680851063829787	235
2141	2007	3.210526315789474	76
2142	2007	2.6710526315789473	38
1641	2007	3.518847006651885	451
44	2007	2.3588709677419355	248
1358	2007	3.854609929078014	282
1466	2007	3.743556701030928	388
1564	2007	3.6666666666666665	6
443	2007	3.0714285714285716	7
1305	2007	4.104838709677419	62
837	2007	3.300632911392405	158
1005	2007	2.0775862068965516	58
1016	2007	2.5	5
1713	2007	2.7685185185185186	54
1995	2007	2.7115384615384617	26
2042	2007	2.4722222222222223	72
2050	2007	2.1	15
2052	2007	2.962686567164179	67
2082	2007	2.7560975609756095	123
2354	2007	3.0294117647058822	17
151	2007	3.403125	160
303	2007	2.988721804511278	133
319	2007	3.6	150
1148	2007	3.9578544061302683	522
1218	2007	3.903409090909091	88
1304	2007	3.953074433656958	309
1354	2007	3.840909090909091	110
1805	2007	3.013986013986014	286
543	2007	3.1171171171171173	222
553	2007	3.7564102564102564	234
748	2007	2.9740259740259742	77
1093	2007	3.3655172413793104	290
1171	2007	3.75	26
1334	2007	3.2586206896551726	29
1339	2007	3.5669781931464173	321
2412	2007	2.2113821138211383	123
97	2007	4.036144578313253	83
123	2007	4.083333333333333	72
665	2007	3.9313725490196076	51
928	2007	4.05607476635514	107
1111	2007	3.9565217391304346	46
1232	2007	4.140625	64
2575	2007	4.0	10
372	2007	3.254201680672269	238
428	2007	3.870503597122302	139
1385	2007	3.0592105263157894	152
1411	2007	3.6785714285714284	182
2248	2007	3.626470588235294	170
761	2007	2.343283582089552	67
1260	2007	4.184397163120567	141
2428	2007	2.7010869565217392	184
1663	2007	3.560810810810811	296
362	2007	2.9454545454545453	220
805	2007	3.5181451612903225	248
849	2007	2.6854545454545455	275
932	2007	3.8255813953488373	43
1231	2007	3.8068181818181817	220
1267	2007	3.81055900621118	322
1269	2007	3.9685714285714284	175
1303	2007	3.9344262295081966	61
1356	2007	3.5833333333333335	378
2393	2007	3.0412371134020617	291
2403	2007	3.529126213592233	206
497	2007	3.6878612716763004	173
1057	2007	3.3636363636363638	55
1172	2007	4.068181818181818	176
2580	2007	3.338709677419355	186
914	2007	3.6924242424242424	330
1120	2007	3.4138972809667676	331
2020	2007	3.826171875	256
2409	2007	3.120320855614973	187
954	2007	3.9047619047619047	210
2557	2007	3.638888888888889	18
313	2007	2.8333333333333335	15
605	2007	3.1964285714285716	56
2501	2007	3.734848484848485	264
181	2007	1.5757575757575757	33
779	2007	3.0	7
1066	2007	3.923076923076923	13
1227	2007	4.0962962962962965	135
1381	2007	1.84375	80
1731	2007	1.6956521739130435	23
1957	2007	3.6655405405405403	148
1960	2007	3.86	175
1965	2007	3.353723404255319	188
1994	2007	3.38929889298893	271
2053	2007	2.1142857142857143	105
2087	2007	3.4297297297297296	185
2320	2007	3.0948275862068964	58
76	2007	3.1595744680851063	47
162	2007	3.8048780487804876	82
188	2007	3.0806451612903225	31
249	2007	3.673076923076923	78
300	2007	3.653225806451613	248
322	2007	3.38	50
521	2007	3.3333333333333335	12
535	2007	3.9153225806451615	124
538	2007	3.6123595505617976	89
562	2007	3.8435114503816794	131
663	2007	3.4615384615384617	39
678	2007	3.93	50
851	2007	3.323529411764706	17
951	2007	4.028169014084507	71
996	2007	3.235294117647059	85
1179	2007	3.664473684210526	76
1224	2007	3.9696969696969697	66
1243	2007	3.8732394366197185	71
1279	2007	3.9098360655737703	61
1280	2007	4.183333333333334	60
1298	2007	3.679738562091503	153
1352	2007	3.2	15
1357	2007	3.7883211678832116	137
1694	2007	3.603448275862069	29
1785	2007	3.727272727272727	22
1799	2007	3.5217391304347827	69
1916	2007	3.7714285714285714	70
2118	2007	3.63953488372093	86
2143	2007	3.277027027027027	74
2289	2007	3.6968503937007875	127
2313	2007	3.9334763948497855	233
2333	2007	3.673469387755102	49
2459	2007	3.449438202247191	89
230	2007	3.4050632911392404	158
742	2007	2.3548387096774195	31
1483	2007	3.3877551020408165	98
2120	2007	2.838709677419355	31
2122	2007	2.4740259740259742	77
2517	2007	3.0113636363636362	44
177	2007	2.5	18
1735	2007	3.1666666666666665	60
1895	2007	3.0706521739130435	92
2159	2007	3.275	40
86	2007	2.9714285714285715	35
382	2007	2.886111111111111	180
596	2007	3.3302180685358254	321
1059	2007	3.413621262458472	301
1147	2007	3.966666666666667	75
1202	2007	4.052631578947368	38
1211	2007	4.2936507936507935	63
1378	2007	3.1264367816091956	174
1925	2007	3.642857142857143	7
1934	2007	4.0476190476190474	21
2132	2007	3.8173076923076925	52
2193	2007	3.3846153846153846	247
2478	2007	3.089655172413793	145
2296	2007	2.6153846153846154	78
82	2007	3.7142857142857144	21
848	2007	3.2777777777777777	9
1284	2007	4.088028169014085	142
1365	2007	3.375	4
1719	2007	3.851063829787234	47
2070	2007	3.3076923076923075	13
290	2007	3.875	72
493	2007	3.7211538461538463	52
918	2007	3.736842105263158	19
971	2007	3.8839285714285716	56
1025	2007	3.429936305732484	157
1235	2007	3.962162162162162	185
1947	2007	3.486772486772487	189
2096	2007	3.4705882352941178	153
2161	2007	3.3759398496240602	399
2183	2007	3.827956989247312	93
2186	2007	4.088235294117647	136
2398	2007	3.5441176470588234	102
383	2007	3.3168316831683167	101
1049	2007	3.410377358490566	106
1185	2007	3.884	125
839	2007	2.9634146341463414	82
1188	2007	3.5273224043715845	183
2005	2007	3.633766233766234	385
2335	2007	2.7682291666666665	192
224	2007	3.245	100
232	2007	4.014018691588785	107
341	2007	3.8333333333333335	3
934	2007	3.516949152542373	59
1375	2007	3.25625	160
1833	2007	3.064814814814815	54
1900	2007	4.160714285714286	28
1946	2007	3.9285714285714284	21
2375	2007	3.0044642857142856	112
1588	2007	2.336283185840708	113
1873	2007	3.8197674418604652	86
1920	2007	2.685185185185185	81
2059	2007	3.08974358974359	78
7	2007	2.963636363636364	165
45	2007	3.421875	64
117	2007	3.5833333333333335	12
193	2007	2.0884353741496597	147
261	2007	3.5217391304347827	161
276	2007	2.4357142857142855	70
280	2007	3.532608695652174	46
327	2007	2.6026785714285716	224
361	2007	3.0277777777777777	54
415	2007	2.3870967741935485	31
432	2007	2.4326923076923075	156
455	2007	2.341614906832298	161
481	2007	3.203333333333333	150
515	2007	3.7447916666666665	96
524	2007	3.463963963963964	222
709	2007	2.8055555555555554	36
781	2007	3.537037037037037	27
785	2007	3.2222222222222223	162
852	2007	3.017730496453901	141
1131	2007	4.0	53
1611	2007	3.440677966101695	59
1755	2007	3.566666666666667	15
2004	2007	2.8008474576271185	118
2126	2007	2.7327586206896552	116
2138	2007	3.650943396226415	53
2359	2007	3.7591743119266057	218
2561	2007	3.1153846153846154	13
2145	2007	3.242857142857143	245
2581	2007	2.843873517786561	253
26	2007	3.7586206896551726	29
2376	2007	3.265625	96
514	2007	3.2987012987012987	77
2579	2007	3.7421875	64
366	2007	2.9714285714285715	35
724	2007	2.7648221343873516	253
1430	2007	3.125	8
1762	2007	2.5434782608695654	23
1862	2007	2.0636363636363635	55
2026	2007	2.3947368421052633	19
2107	2007	2.188888888888889	90
2279	2007	2.4262295081967213	61
2448	2007	2.403225806451613	31
2514	2007	2.28	25
2548	2007	2.026315789473684	19
23	2007	2.9775280898876404	89
517	2007	3.138888888888889	54
254	2007	2.1	5
969	2007	3.899484536082474	194
22	2007	3.024336283185841	226
14	2007	3.32	50
423	2007	3.046875	32
765	2007	2.6686046511627906	86
1006	2007	3.25	12
1082	2007	3.5833333333333335	12
1344	2007	3.5851063829787235	141
1401	2007	3.6333333333333333	15
1488	2007	2.73	50
1883	2007	3.1236559139784945	93
2236	2007	3.2325581395348837	43
2520	2007	3.15	20
2179	2007	2.892857142857143	14
1390	2007	3.088235294117647	17
1453	2007	2.1666666666666665	24
1463	2007	3.0	4
1711	2007	3.4210526315789473	114
1821	2007	3.107142857142857	28
2292	2007	3.25	4
2369	2007	2.7265625	128
2416	2007	3.189655172413793	29
2318	2007	3.865	100
199	2007	4.0	23
213	2007	3.4523809523809526	21
405	2007	2.4295774647887325	71
911	2007	3.9193548387096775	93
1429	2007	3.103448275862069	58
15	2007	2.1403508771929824	57
88	2007	2.9838709677419355	93
548	2007	2.6470588235294117	34
674	2007	2.888888888888889	54
836	2007	2.8515625	128
1273	2007	3.9863013698630136	73
1359	2007	2.25	78
1379	2007	3.03	50
1405	2007	3.008522727272727	176
1476	2007	3.101503759398496	133
1515	2007	2.5615384615384613	130
1591	2007	2.466019417475728	103
1597	2007	3.122983870967742	248
1620	2007	3.3931297709923665	131
1687	2007	2.9224806201550386	129
1726	2007	3.0153846153846153	65
1730	2007	3.7093023255813953	43
1772	2007	2.3157894736842106	76
1918	2007	3.020220588235294	272
1924	2007	2.369047619047619	42
2002	2007	3.0652173913043477	230
2188	2007	2.5972222222222223	36
2288	2007	3.9157088122605366	261
2315	2007	1.8617021276595744	47
2382	2007	2.0638297872340425	94
2402	2007	2.7133333333333334	150
2404	2007	2.3859649122807016	114
2410	2007	3.069620253164557	158
2516	2007	1.6428571428571428	14
2567	2007	2.735576923076923	104
482	2007	3.276315789473684	38
1034	2007	3.55	30
2203	2007	4.042857142857143	70
2300	2007	3.512135922330097	206
2305	2007	3.0833333333333335	6
1340	2007	3.8378378378378377	37
899	2007	4.0	204
905	2007	4.115853658536586	82
907	2007	3.75	12
927	2007	4.115384615384615	13
936	2007	3.8703703703703702	27
945	2007	3.8636363636363638	33
947	2007	4.090909090909091	22
955	2007	3.890625	128
973	2007	3.8823529411764706	17
233	2007	3.375	28
251	2007	2.1666666666666665	3
265	2007	3.903669724770642	109
450	2007	3.42	25
616	2007	3.188679245283019	159
1129	2007	3.5427631578947367	152
1151	2007	3.0714285714285716	7
1301	2007	3.7341772151898733	79
1554	2007	3.8703703703703702	27
1566	2007	3.2740384615384617	104
1769	2007	2.9302325581395348	43
1792	2007	3.1064814814814814	108
1866	2007	3.015151515151515	33
2282	2007	3.369565217391304	23
272	2007	3.6610169491525424	59
107	2007	2.985	200
930	2007	4.060344827586207	116
1422	2007	3.0454545454545454	44
1589	2007	3.286231884057971	138
1889	2007	3.546875	64
1912	2007	3.456692913385827	127
2348	2007	3.475	40
2553	2007	3.4444444444444446	18
2554	2007	3.1666666666666665	9
24	2007	2.9	210
140	2007	2.630434782608696	23
225	2007	2.836734693877551	98
237	2007	2.7111111111111112	45
282	2007	3.026178010471204	191
348	2007	3.7753623188405796	69
371	2007	2.6470588235294117	17
494	2007	2.936936936936937	111
540	2007	2.4705882352941178	68
830	2007	2.7209302325581395	172
1125	2007	3.4653179190751446	173
1278	2007	3.8682539682539683	315
2108	2007	3.562937062937063	143
2109	2007	3.537878787878788	198
2243	2007	3.5	109
2391	2007	3.6149425287356323	174
2405	2007	3.1231884057971016	138
2421	2007	2.596875	160
2435	2007	3.590909090909091	11
516	2007	3.0	28
1363	2007	2.75	10
2125	2007	3.5164835164835164	182
2328	2007	2.7	45
2457	2007	3.1666666666666665	15
1727	2007	3.1363636363636362	44
2245	2007	3.085	100
147	2007	3.585526315789474	76
2565	2007	3.76	75
2303	2007	3.875	28
710	2007	1.9615384615384615	13
1753	2007	3.328125	96
1827	2007	3.6875	24
2387	2007	2.8793103448275863	58
2560	2007	3.6527777777777777	36
198	2007	3.4094202898550723	138
204	2007	2.4	75
246	2007	3.91	100
437	2007	2.3076923076923075	13
468	2007	3.0722543352601157	173
719	2007	2.5726141078838176	241
1371	2007	3.1564625850340136	147
1472	2007	2.611111111111111	9
1513	2007	2.763333333333333	150
1959	2007	3.5672268907563027	119
2150	2007	3.520408163265306	245
2443	2007	3.6666666666666665	18
1290	2007	3.480769230769231	26
720	2007	3.761467889908257	218
782	2007	2.9224137931034484	58
1894	2007	2.626984126984127	126
1017	2007	3.6595744680851063	47
1888	2007	2.5945945945945947	37
2088	2007	2.5774647887323945	71
1078	2007	3.6132075471698113	53
2469	2007	3.0892857142857144	56
512	2007	3.5	12
519	2007	1.9758064516129032	124
533	2007	2.5673076923076925	52
546	2007	2.088050314465409	159
611	2007	2.3448275862068964	29
2043	2007	3.411764705882353	17
2083	2007	3.6621621621621623	111
2092	2007	2.5531914893617023	47
2093	2007	3.323529411764706	34
2162	2007	2.42	75
2297	2007	3.313008130081301	123
2450	2007	2.176470588235294	85
2027	2007	2.25	22
1292	2007	3.8636363636363638	121
2401	2007	3.6296296296296298	54
2475	2007	3.5833333333333335	6
2451	2007	2.2916666666666665	12
1893	2007	3.5	7
2380	2007	2.2552083333333335	96
2381	2007	2.096590909090909	88
2383	2007	2.0053763440860215	93
1256	2007	3.9962406015037595	133
105	2007	3.2546296296296298	108
381	2007	3.1984126984126986	63
418	2007	1.0	5
419	2007	2.1464646464646466	99
426	2007	2.9302325581395348	43
488	2007	3.0714285714285716	7
534	2007	3.8823529411764706	51
615	2007	3.8	5
818	2007	2.4594594594594597	37
824	2007	3.25	6
900	2007	3.4456521739130435	46
944	2007	4.0	14
1014	2007	2.9615384615384617	13
1015	2007	2.9682539682539684	63
1081	2007	3.6097560975609757	41
1124	2007	3.5864197530864197	81
1135	2007	2.9649122807017543	57
1177	2007	3.7083333333333335	12
1184	2007	3.95	10
1238	2007	4.1	25
1643	2007	3.5925925925925926	27
1936	2007	3.6666666666666665	12
1944	2007	3.7419354838709675	31
1948	2007	3.78125	16
1951	2007	3.6176470588235294	34
1956	2007	3.6666666666666665	66
2034	2007	2.7058823529411766	34
2065	2007	3.881818181818182	55
2069	2007	3.4	5
2135	2007	3.225	20
2151	2007	2.9210526315789473	19
2206	2007	4.106060606060606	33
2250	2007	3.2	5
2290	2007	3.8947368421052633	19
2374	2007	2.730769230769231	13
2436	2007	3.289473684210526	19
2474	2007	3.3292682926829267	82
2531	2007	2.396551724137931	29
2178	2007	3.4375	32
2180	2007	3.3095238095238093	21
2187	2007	3.4583333333333335	12
1178	2007	4.114814814814815	135
2285	2007	3.5357142857142856	14
469	2007	3.638888888888889	18
1100	2007	2.6408045977011496	174
2439	2007	3.730769230769231	13
12	2007	2.4375	48
63	2007	2.8181818181818183	44
69	2007	3.5441176470588234	102
986	2007	3.1444444444444444	45
1627	2007	3.309090909090909	55
1689	2007	3.0161290322580645	31
2184	2007	3.707317073170732	41
2497	2007	3.064516129032258	31
2367	2007	2.774193548387097	62
725	2007	2.789473684210526	19
2568	2007	2.2954545454545454	22
164	2007	3.2375	40
1783	2007	3.2777777777777777	9
2364	2007	1.9642857142857142	14
203	2007	2.8684210526315788	114
1257	2007	3.7958579881656807	169
2146	2007	3.1454545454545455	55
2392	2007	2.46	25
2301	2007	3.4402985074626864	134
564	2007	1.5	4
2267	2007	2.8333333333333335	3
2413	2007	3.578125	96
275	2007	2.5	16
278	2007	2.5555555555555554	9
931	2007	3.986111111111111	36
1836	2007	3.53125	16
332	2007	2.425925925925926	27
640	2007	2.685185185185185	27
1286	2007	3.625	20
2090	2007	3.309090909090909	55
2263	2007	2.7666666666666666	30
412	2007	3.6475409836065573	61
949	2007	3.8333333333333335	36
1128	2007	3.0303030303030303	33
1991	2007	2.6779661016949152	59
2112	2007	3.1041666666666665	24
2312	2007	3.8	30
2442	2007	3.477272727272727	22
2433	2007	3.230769230769231	52
875	2007	1.75	2
627	2007	3.5681818181818183	22
711	2007	2.0357142857142856	28
135	2007	2.649532710280374	107
273	2007	3.082474226804124	97
532	2007	2.985	100
1973	2007	2.0535714285714284	28
2061	2007	3.375	4
157	2007	2.7976190476190474	42
841	2007	3.8333333333333335	21
1176	2007	4.085106382978723	47
1834	2007	3.824561403508772	57
2495	2007	3.763157894736842	19
2536	2007	2.8333333333333335	9
30	2007	3.9	10
298	2007	3.7	5
326	2007	3.6470588235294117	17
680	2007	3.716666666666667	30
757	2007	4.0	6
1514	2007	4.166666666666667	3
2153	2007	2.225609756097561	82
299	2007	3.8666666666666667	15
2025	2007	3.3658536585365852	41
407	2007	3.364864864864865	37
492	2007	3.727272727272727	44
1963	2007	3.6805555555555554	36
2152	2007	1.71875	16
1130	2007	3.2333333333333334	30
2463	2007	3.2282608695652173	46
2511	2007	3.9838709677419355	31
20	2007	2.849056603773585	106
46	2007	3.090909090909091	33
92	2007	2.6551724137931036	29
227	2007	2.7327586206896552	58
248	2007	2.4583333333333335	12
338	2007	2.7058823529411766	68
489	2007	1.9827586206896552	29
542	2007	2.8875	80
609	2007	2.0294117647058822	17
662	2007	3.1739130434782608	46
691	2007	2.857142857142857	14
804	2007	2.764705882352941	17
861	2007	3.242424242424242	33
879	2007	2.4886363636363638	44
1009	2007	3.2857142857142856	28
1010	2007	2.96	25
1518	2007	3.324324324324324	37
1752	2007	2.7837837837837838	37
1810	2007	3.103448275862069	58
2057	2007	3.15	10
2121	2007	2.6341463414634148	41
2316	2007	3.0588235294117645	68
2574	2007	2.3333333333333335	15
57	2007	3.0	15
66	2007	1.3	25
74	2007	3.0	24
98	2007	3.0	2
113	2007	2.625	4
121	2007	3.5833333333333335	6
125	2007	3.4069767441860463	43
132	2007	2.125	16
154	2007	3.9404761904761907	42
195	2007	3.0277777777777777	18
200	2007	3.75	4
217	2007	2.357142857142857	7
220	2007	2.0	6
257	2007	3.375	20
279	2007	3.1666666666666665	3
291	2007	2.7142857142857144	7
320	2007	2.5	2
340	2007	3.0	13
483	2007	3.8333333333333335	9
490	2007	3.3421052631578947	19
501	2007	3.717391304347826	23
504	2007	2.888888888888889	9
544	2007	2.75	28
547	2007	2.5	8
567	2007	3.2142857142857144	14
600	2007	3.375	4
688	2007	2.1333333333333333	30
798	2007	2.55625	80
891	2007	2.0217391304347827	23
893	2007	3.9375	8
992	2007	2.75	4
1007	2007	2.7857142857142856	14
1076	2007	4.071428571428571	14
1105	2007	2.4545454545454546	11
1323	2007	1.7272727272727273	11
1336	2007	2.5	8
1427	2007	1.9285714285714286	7
1454	2007	3.0454545454545454	11
1508	2007	3.25	2
1612	2007	2.625	4
1626	2007	2.1666666666666665	18
1661	2007	2.95	10
1666	2007	2.5	2
1734	2007	4.17741935483871	31
1756	2007	2.75	6
1798	2007	2.3125	8
1841	2007	3.2222222222222223	9
1852	2007	2.75	2
1899	2007	4.0	1
1978	2007	1.893939393939394	33
1980	2007	1.875	32
1983	2007	2.813953488372093	43
1985	2007	2.4	30
1986	2007	2.269230769230769	26
1996	2007	2.3	20
1998	2007	2.109375	32
2016	2007	2.5	11
2017	2007	2.0	12
2048	2007	3.283333333333333	30
2091	2007	3.0625	8
2148	2007	2.823529411764706	17
2149	2007	2.2777777777777777	9
2171	2007	3.3461538461538463	13
2192	2007	3.6666666666666665	3
2219	2007	2.5	5
2240	2007	3.5	9
2287	2007	3.5555555555555554	18
2298	2007	1.9166666666666667	6
2372	2007	2.45	20
2422	2007	2.234375	96
2461	2007	2.6	10
2465	2007	1.8888888888888888	9
2472	2007	2.8333333333333335	3
2498	2007	2.2857142857142856	7
2507	2007	2.4375	8
2515	2007	2.4166666666666665	12
2524	2007	3.482142857142857	28
2525	2007	2.088235294117647	17
2563	2007	3.8529411764705883	17
416	2007	2.0789473684210527	19
886	2007	2.75	28
1398	2007	3.0625	8
2385	2007	2.46875	16
2558	2007	2.772727272727273	33
1603	2007	2.5982142857142856	56
2549	2007	2.22972972972973	37
694	2007	3.0416666666666665	24
1003	2007	2.9545454545454546	11
1161	2007	4.014285714285714	35
1289	2007	4.075	60
1295	2007	3.6944444444444446	54
1964	2007	3.6481481481481484	27
2176	2007	3.9166666666666665	102
2210	2007	3.84375	16
2212	2007	3.7758620689655173	29
2344	2007	3.6458333333333335	24
2512	2007	3.8333333333333335	6
2334	2007	3.0073529411764706	68
1806	2007	2.409090909090909	11
946	2007	3.9696969696969697	33
1236	2007	4.0	11
1809	2007	4.0636363636363635	55
262	2007	3.5520833333333335	96
429	2007	1.891304347826087	23
550	2007	2.8846153846153846	26
2389	2007	2.823943661971831	71
324	2007	3.8333333333333335	6
917	2007	3.9	15
943	2007	4.03125	16
1194	2007	3.372549019607843	51
2047	2007	3.1666666666666665	3
2095	2007	3.0	10
2111	2007	2.9871794871794872	39
2361	2007	2.84375	16
2532	2007	2.642857142857143	28
518	2007	2.9166666666666665	18
2394	2007	3.24585635359116	181
427	2007	2.7241379310344827	29
1056	2007	2.933333333333333	15
1190	2007	3.6052631578947367	38
1268	2007	3.5531914893617023	47
2155	2007	3.433333333333333	30
239	2007	2.8896103896103895	77
810	2007	1.41	50
1649	2007	3.8	15
2130	2007	3.625	20
2356	2007	3.14	25
1495	2007	0.9444444444444444	18
2022	2007	3.96875	80
941	2007	3.8333333333333335	18
581	2007	4.111111111111111	18
831	2007	3.5	2
896	2007	3.5	2
1046	2007	4.021739130434782	23
1446	2007	4.0606060606060606	33
598	2007	3.6666666666666665	3
1327	2007	2.9934210526315788	76
1361	2007	4.03125	32
1465	2007	3.4444444444444446	9
1696	2007	3.2	10
2097	2007	3.1176470588235294	17
2550	2007	3.6470588235294117	17
1004	2007	2.6315789473684212	19
1681	2007	2.051470588235294	68
2582	2007	3.0	9
2261	2007	3.1818181818181817	11
728	2007	3.6739130434782608	23
2357	2007	3.951923076923077	52
2492	2007	2.4545454545454546	11
2182	2007	3.710526315789474	19
1431	2007	2.3771929824561404	57
1226	2007	3.757142857142857	35
289	2007	2.7941176470588234	17
351	2007	2.973684210526316	19
2275	2007	2.5625	16
89	2007	3.0434782608695654	46
191	2007	2.3947368421052633	19
334	2007	3.45	10
766	2007	3.433333333333333	15
2513	2007	3.0530973451327434	113
670	2007	4.333333333333333	12
301	2007	3.75	4
813	2007	3.0	6
668	2007	4.0	19
1406	2007	3.3333333333333335	3
1685	2007	2.0	7
2045	2007	3.0	5
43	2007	3.4	5
64	2007	1.5	6
81	2007	3.3181818181818183	33
174	2007	2.090909090909091	22
259	2007	3.1666666666666665	12
328	2007	3.2142857142857144	28
352	2007	3.85	10
358	2007	3.206896551724138	29
360	2007	2.6875	16
365	2007	3.375	20
378	2007	2.5714285714285716	7
449	2007	3.3636363636363638	11
453	2007	3.1666666666666665	9
459	2007	2.2	15
507	2007	3.691666666666667	60
511	2007	3.111111111111111	9
707	2007	3.0483870967741935	31
842	2007	2.1363636363636362	22
1051	2007	3.230769230769231	13
1126	2007	3.049382716049383	81
1382	2007	2.8666666666666667	15
1425	2007	2.9482758620689653	29
1542	2007	3.3653846153846154	26
1623	2007	2.4375	16
1633	2007	3.2916666666666665	12
1648	2007	3.86	25
1699	2007	3.5789473684210527	19
1879	2007	3.75	4
1880	2007	3.3333333333333335	6
2066	2007	4.046875	32
2073	2007	3.15	10
2119	2007	2.375	32
2202	2007	3.6551724137931036	29
2252	2007	3.1379310344827585	29
2264	2007	2.8181818181818183	11
2365	2007	2.230769230769231	13
2390	2007	3.5714285714285716	28
2399	2007	2.6875	16
2414	2007	3.392857142857143	28
2447	2007	2.8823529411764706	85
2456	2007	2.3	35
2460	2007	2.5	20
2476	2007	3.392857142857143	42
2518	2007	3.275	20
2519	2007	3.576923076923077	13
2555	2007	1.4516129032258065	31
2562	2007	3.0714285714285716	7
1423	2007	4.0	6
760	2007	3.6216216216216215	37
100	2007	3.0961538461538463	26
209	2007	2.5	5
274	2007	2.2	15
417	2007	3.423076923076923	13
436	2007	2.5526315789473686	19
1701	2007	3.712962962962963	54
1966	2007	3.861111111111111	18
2024	2007	3.1666666666666665	12
2377	2007	3.3125	16
49	2007	3.8	5
506	2007	3.1666666666666665	12
270	2007	2.8	5
764	2007	3.0	7
1353	2007	3.142857142857143	21
2272	2007	3.1666666666666665	12
1173	2007	3.6792452830188678	53
2551	2007	3.6041666666666665	48
537	2007	3.2241379310344827	29
2165	2007	3.611111111111111	9
85	2007	3.3095238095238093	21
281	2007	3.86	25
305	2007	2.942857142857143	35
1150	2007	3.888888888888889	9
1395	2007	3.1	10
1457	2007	2.83	50
1614	2007	2.9305555555555554	108
1914	2007	3.6875	24
2247	2007	3.0454545454545454	22
2241	2007	2.1538461538461537	13
61	2007	2.6363636363636362	11
833	2007	2.1818181818181817	22
1474	2007	2.25	26
1523	2007	3.0833333333333335	6
2170	2007	2.6904761904761907	21
473	2007	2.3684210526315788	19
2110	2007	3.34	25
2147	2007	2.5357142857142856	14
116	2007	3.9285714285714284	7
452	2007	3.0	4
715	2007	3.4166666666666665	6
803	2007	3.3333333333333335	3
1116	2007	2.75	2
1153	2007	3.25	6
1337	2007	3.1578947368421053	19
1346	2007	2.9782608695652173	23
1386	2007	3.3333333333333335	3
1404	2007	3.3	5
1482	2007	3.3125	8
1598	2007	2.6	10
1933	2007	3.9166666666666665	6
1941	2007	3.909090909090909	22
1942	2007	3.6818181818181817	22
2185	2007	3.5625	16
2197	2007	3.6666666666666665	3
28	2007	4.160714285714286	28
1931	2007	3.8333333333333335	36
1943	2007	3.55	10
2056	2007	3.1	5
1360	2007	2.0	2
268	2007	2.75	6
314	2007	3.90625	32
321	2007	4.111111111111111	9
446	2007	3.858695652173913	46
1132	2007	4.174418604651163	43
1859	2007	3.8333333333333335	12
2181	2007	3.6375	40
72	2007	3.0	26
1609	2007	2.923076923076923	13
1671	2007	3.8	5
705	2007	3.2857142857142856	7
218	2007	2.923076923076923	39
41	2007	3.642857142857143	49
1456	2007	1.9166666666666667	6
1487	2007	2.7142857142857144	35
1526	2007	1.8214285714285714	14
1604	2007	2.7222222222222223	18
2430	2007	2.7916666666666665	12
1572	2007	3.8541666666666665	24
1975	2007	2.3777777777777778	45
1977	2007	2.2241379310344827	29
2477	2007	1.5	9
565	2007	3.03125	16
271	2007	2.8333333333333335	6
451	2007	2.7	5
800	2007	4.053191489361702	47
1083	2007	3.28125	16
2071	2007	3.975	20
950	2007	4.072916666666667	48
2208	2007	3.9655172413793105	58
478	2007	2.625	4
681	2007	3.9166666666666665	6
692	2007	1.9090909090909092	11
1355	2007	3.1	20
2166	2007	3.5	8
2337	2007	3.588235294117647	34
2500	2007	2.86	25
1593	2007	2.4473684210526314	19
2177	2007	3.0384615384615383	13
2204	2007	3.763157894736842	19
2089	2007	3.024390243902439	41
373	2007	3.789473684210526	19
1117	2007	3.1666666666666665	3
1366	2007	3.418918918918919	37
1984	2007	1.8846153846153846	26
854	2007	4.0	3
1164	2007	4.375	4
1570	2007	3.7	5
1579	2007	3.0	1
202	2007	2.7142857142857144	7
214	2007	4.0	9
1652	2007	3.5	3
126	2007	2.119047619047619	21
700	2007	3.1	10
1855	2007	1.9	10
2029	2007	2.9	5
1979	2007	2.0757575757575757	33
1904	2007	3.59375	16
1040	2007	4.0	2
2084	2007	3.2941176470588234	17
166	2007	2.823529411764706	17
1174	2007	2.5	2
4	2007	2.260869565217391	23
828	2007	2.409090909090909	22
78	2007	3.5416666666666665	12
156	2007	2.75	10
369	2007	3.125	8
422	2007	3.2083333333333335	12
659	2007	4.4	5
746	2007	4.25	4
869	2007	3.0	6
906	2007	3.94	25
929	2007	3.9523809523809526	21
935	2007	4.136363636363637	11
948	2007	4.017857142857143	28
958	2007	2.8333333333333335	3
959	2007	4.0	6
970	2007	3.8333333333333335	6
976	2007	3.3333333333333335	6
1069	2007	4.166666666666667	15
1070	2007	3.5	4
1114	2007	3.6	5
1152	2007	3.5833333333333335	6
1264	2007	3.861111111111111	18
1759	2007	3.3333333333333335	6
1773	2007	3.875	4
1885	2007	3.3095238095238093	42
1929	2007	3.6818181818181817	11
1938	2007	3.935483870967742	31
1940	2007	3.95	10
2074	2007	3.15	10
2209	2007	3.875	8
2211	2007	3.5	13
2284	2007	3.7857142857142856	7
2349	2007	3.6818181818181817	11
2425	2007	3.5833333333333335	12
1844	2007	4.019230769230769	26
73	2007	3.685185185185185	27
425	2007	2.8	10
1417	2007	2.8181818181818183	11
1650	2007	3.75	4
1669	2007	3.6666666666666665	3
1928	2007	2.75	4
1932	2007	3.642857142857143	7
8	2007	2.5	14
421	2007	2.65	10
577	2007	3.0	7
1547	2007	3.2	5
1582	2007	3.3	5
1848	2007	2.55	10
1993	2007	2.2586206896551726	29
2386	2007	1.1071428571428572	14
2493	2007	3.75	6
1099	2007	3.642857142857143	21
549	2007	3.8461538461538463	13
575	2007	3.1785714285714284	42
1581	2007	2.875	4
2437	2007	3.6578947368421053	19
523	2007	3.7	5
2221	2007	3.7	10
2227	2007	3.625	8
888	2007	1.875	8
2566	2007	2.4	10
667	2007	2.142857142857143	7
1030	2007	3.0729166666666665	48
1655	2007	2.6666666666666665	15
284	2007	2.0	1
2307	2007	2.1666666666666665	3
840	2007	2.5	10
171	2007	2.8	15
685	2007	2.6666666666666665	6
1326	2007	1.9705882352941178	17
1331	2007	2.375	4
1414	2007	3.2777777777777777	9
2499	2007	3.25	4
1906	2007	3.25	2
2168	2007	3.1818181818181817	11
2506	2007	2.761904761904762	21
71	2007	1.8636363636363635	11
210	2007	2.7	5
363	2007	3.8125	8
384	2007	2.7	10
390	2007	3.3947368421052633	19
458	2007	2.7142857142857144	7
465	2007	3.0833333333333335	6
479	2007	3.0384615384615383	13
522	2007	3.45	50
1068	2007	3.3125	8
1432	2007	2.7115384615384617	26
1667	2007	2.75	10
1788	2007	4.2	5
1989	2007	1.375	4
2102	2007	3.533333333333333	15
2258	2007	1.0	4
2368	2007	1.4230769230769231	13
2449	2007	1.0909090909090908	11
2462	2007	1.96	25
2530	2007	2.914285714285714	35
2535	2007	2.6666666666666665	9
2537	2007	2.0	11
205	2007	3.25	4
207	2007	2.996	125
211	2007	3.4166666666666665	6
496	2007	2.2	5
571	2007	2.0	2
1399	2007	3.2045454545454546	22
1413	2007	3.5	2
1683	2007	3.0	6
1728	2007	2.6	5
2106	2007	3.357142857142857	14
2453	2007	2.576923076923077	13
234	2007	1.9722222222222223	18
242	2007	2.6666666666666665	6
641	2007	2.125	4
829	2007	2.409090909090909	33
860	2007	3.3333333333333335	3
989	2007	4.0	1
1312	2007	3.5	2
1496	2007	2.8333333333333335	3
2304	2007	3.5714285714285716	7
2309	2007	4.5	1
2347	2007	3.0833333333333335	6
1509	2007	3.9166666666666665	6
2075	2007	3.3823529411764706	17
396	2007	2.0	2
1470	2007	2.0	1
937	2007	4.083333333333333	6
2214	2007	3.5833333333333335	6
1397	2007	3.5	4
1475	2007	2.875	12
1797	2007	3.962962962962963	27
921	2007	3.888888888888889	9
1937	2007	3.4166666666666665	6
2310	2007	3.35	10
13	2007	2.75	18
87	2007	1.5416666666666667	12
241	2007	2.25	4
244	2007	2.2	5
487	2007	1.9090909090909092	11
558	2007	2.772727272727273	22
569	2007	2.625	16
697	2007	2.1153846153846154	13
881	2007	1.8333333333333333	12
1018	2007	2.7222222222222223	9
1606	2007	2.6363636363636362	11
1646	2007	2.9444444444444446	9
1992	2007	2.107142857142857	28
2008	2007	1.75	2
2033	2007	3.216666666666667	30
2041	2007	3.25	6
2051	2007	2.625	20
2458	2007	2.388888888888889	9
2482	2007	3.6	5
2257	2007	2.8333333333333335	3
2473	2007	2.3125	16
1981	2007	1.8333333333333333	36
1999	2007	2.5217391304347827	23
80	2007	4.111111111111111	9
124	2007	4.0	2
536	2007	3.5	6
68	2007	3.1875	8
134	2007	3.5	1
758	2007	3.0	1
772	2007	3.5	1
773	2007	3.0	1
656	2007	1.8076923076923077	13
1484	2007	3.55	10
2131	2007	4.318181818181818	22
2169	2007	2.625	20
2545	2007	3.5	1
1169	2007	4.0	10
2341	2007	3.8333333333333335	3
1085	2007	3.4375	16
470	2007	1.5833333333333333	6
302	2007	3.5	14
612	2007	2.0416666666666665	12
801	2007	3.25	14
1875	2007	3.588235294117647	17
2038	2007	2.6818181818181817	11
2077	2007	3.4	10
2154	2007	2.625	12
1605	2007	2.857142857142857	14
51	2007	1.0	2
56	2007	0.5	1
75	2007	1.25	4
109	2007	0.5	1
148	2007	3.0	5
226	2007	3.25	2
228	2007	1.5	3
243	2007	1.8	5
285	2007	1.0	2
286	2007	1.6666666666666667	6
343	2007	1.6428571428571428	14
397	2007	1.5	3
430	2007	2.0	2
438	2007	1.8333333333333333	6
444	2007	2.5	8
447	2007	1.8333333333333333	3
460	2007	1.7	10
462	2007	3.0	3
619	2007	2.0833333333333335	6
660	2007	3.75	2
687	2007	3.3333333333333335	3
790	2007	5.0	1
885	2007	2.2142857142857144	7
892	2007	4.0	8
956	2007	3.857142857142857	7
964	2007	3.9166666666666665	6
967	2007	3.75	2
975	2007	3.5	2
1011	2007	2.4375	16
1044	2007	3.125	8
1102	2007	1.5	2
1162	2007	3.857142857142857	7
1168	2007	2.0	6
1170	2007	2.0	2
1308	2007	0.5	1
1322	2007	2.0	8
1324	2007	2.4285714285714284	7
1325	2007	1.6875	8
1328	2007	2.0625	8
1329	2007	1.8333333333333333	6
1335	2007	1.4	5
1351	2007	3.1666666666666665	9
1383	2007	1.1	5
1440	2007	3.3	10
1468	2007	2.25	10
1490	2007	1.7916666666666667	12
1507	2007	3.5	5
1551	2007	2.5	5
1599	2007	1.4090909090909092	11
1602	2007	1.9166666666666667	6
1631	2007	3.9	5
1656	2007	3.3333333333333335	3
1679	2007	0.6666666666666666	3
1692	2007	0.5	3
1697	2007	1.875	4
1703	2007	2.5625	8
1744	2007	1.3333333333333333	3
1770	2007	3.6666666666666665	3
1822	2007	1.25	6
1826	2007	1.0666666666666667	15
1829	2007	3.625	4
1853	2007	1.0	5
1867	2007	1.7142857142857142	7
1869	2007	2.05	10
1878	2007	0.75	2
1887	2007	2.5454545454545454	11
1988	2007	1.875	4
1990	2007	1.2142857142857142	7
2044	2007	2.25	4
2055	2007	2.8333333333333335	3
2200	2007	3.5	2
2201	2007	3.3333333333333335	9
2207	2007	3.0555555555555554	9
2215	2007	3.5	2
2216	2007	2.75	4
2218	2007	3.1666666666666665	3
2220	2007	2.5	2
2222	2007	0.5	1
2224	2007	1.0	2
2225	2007	3.5	1
2230	2007	1.25	2
2242	2007	1.6666666666666667	3
2259	2007	2.6666666666666665	15
2283	2007	3.6818181818181817	11
2306	2007	2.5625	16
2317	2007	0.5	1
2452	2007	1.1666666666666667	3
2486	2007	1.75	2
2487	2007	1.25	4
2508	2007	0.5	1
2521	2007	2.6538461538461537	13
2522	2007	2.5	12
2534	2007	2.0	3
2556	2007	1.5	2
639	2007	2.7083333333333335	12
187	2007	3.75	8
556	2007	3.7857142857142856	14
1600	2007	2.75	6
1804	2007	2.8181818181818183	11
1191	2007	2.4545454545454546	22
2330	2007	3.888888888888889	9
445	2007	2.5625	8
477	2007	3.2432432432432434	37
613	2007	3.357142857142857	14
991	2007	3.6904761904761907	21
2484	2007	0.5	1
143	2007	1.25	2
1480	2007	3.6538461538461537	13
495	2007	3.576923076923077	13
2583	2007	3.533333333333333	15
144	2007	3.265957446808511	47
2418	2007	2.375	4
2266	2007	2.7083333333333335	12
1525	2007	1.375	4
2195	2007	3.0	15
1860	2007	3.9615384615384617	13
2445	2007	2.9375	16
1863	2007	2.1785714285714284	14
1489	2007	3.1	5
190	2007	3.5	12
354	2007	2.888888888888889	9
574	2007	3.4285714285714284	14
602	2007	2.5	2
722	2007	3.3333333333333335	3
982	2007	3.7857142857142856	7
1180	2007	3.3	5
1535	2007	2.9	5
1865	2007	3.3333333333333335	3
1935	2007	3.3157894736842106	19
2239	2007	4.166666666666667	6
2441	2007	2.5	3
250	2007	3.1153846153846154	13
603	2007	2.75	6
1654	2007	3.4166666666666665	6
2035	2007	3.388888888888889	9
1519	2007	3.6	5
118	2007	2.0	5
258	2007	1.65	10
1550	2007	1.8571428571428572	7
456	2007	3.575	20
439	2007	3.5	1
729	2007	3.875	4
1332	2007	3.0625	8
1341	2007	2.4285714285714284	7
1891	2007	2.5	1
2158	2007	4.0	1
2233	2007	3.1666666666666665	3
1123	2007	3.6	5
2464	2007	2.75	2
2339	2007	1.9166666666666667	6
2400	2007	2.5	5
938	2007	3.4130434782608696	23
1926	2007	3.1666666666666665	6
2509	2007	2.3	5
1050	2007	3.15	10
1846	2007	3.3333333333333335	6
1192	2007	3.3333333333333335	6
53	2007	3.0	1
618	2007	2.3333333333333335	3
2358	2007	3.5	5
635	2007	3.625	4
2032	2007	3.125	4
2040	2007	3.0	5
152	2007	3.611111111111111	9
1733	2007	3.3333333333333335	6
1930	2007	3.0	5
624	2007	2.0	2
1054	2007	3.5	7
1318	2007	2.5	2
1872	2007	3.0	1
2172	2007	3.0	5
2271	2007	3.3	5
617	2007	3.611111111111111	18
583	2007	3.9166666666666665	6
1450	2007	3.75	6
1546	2007	3.625	8
93	2007	2.25	30
563	2007	3.625	4
645	2007	3.1	5
561	2007	3.6666666666666665	3
312	2007	2.0	6
1008	2007	3.0	4
2099	2007	3.75	16
2429	2007	2.375	16
889	2007	3.5	1
424	2007	2.6153846153846154	13
1856	2007	2.5555555555555554	9
149	2007	3.409090909090909	11
846	2007	3.0	5
297	2007	3.5	1
666	2007	3.0	5
38	2007	2.2777777777777777	9
808	2007	2.3333333333333335	9
1038	2007	2.5	1
309	2007	4.0	1
103	2007	2.75	6
433	2007	2.375	4
505	2007	1.9090909090909092	11
731	2007	2.7	5
638	2007	3.6666666666666665	3
754	2007	2.7	5
1113	2007	2.7142857142857144	7
1460	2007	2.0	6
1565	2007	3.5	4
1902	2007	3.25	8
2491	2007	2.75	16
2546	2007	2.8461538461538463	13
40	2007	3.625	8
2345	2007	3.4166666666666665	6
630	2007	4.0	2
702	2007	4.5625	8
1024	2007	3.3125	8
1156	2007	4.2	5
634	2007	1.8333333333333333	3
2417	2007	2.625	8
1824	2007	3.1	5
775	2007	3.3	5
1629	2007	3.1363636363636362	11
1660	2007	3.6666666666666665	6
2540	2007	2.8076923076923075	13
1445	2007	2.2142857142857144	14
573	2007	3.625	4
1415	2007	4.0	2
1839	2007	2.4444444444444446	9
1053	2007	3.5	2
513	2007	3.5	2
1317	2007	3.25	4
925	2007	3.5	3
2483	2007	3.5714285714285716	7
1647	2007	2.9	5
387	2007	1.8	5
1642	2007	3.5	2
408	2007	2.875	8
632	2007	3.7	5
962	2007	3.0	3
974	2007	3.625	4
2494	2007	3.5	7
219	2007	3.1666666666666665	6
2446	2007	2.4583333333333335	12
472	2007	2.9375	8
1063	2007	4.0	2
1384	2007	5.0	1
1684	2007	3.1	5
120	2007	3.3333333333333335	3
621	2007	2.5	3
2426	2007	4.5	1
283	2007	4.0	1
1121	2007	2.5	2
1640	2007	2.75	4
1533	2007	3.625	4
201	2007	2.1666666666666665	3
1791	2007	3.2	5
1987	2007	2.5833333333333335	6
2331	2007	2.75	6
1181	2007	2.5	1
1695	2007	3.375	4
1749	2007	2.75	2
2327	2007	3.1875	8
2280	2007	3.1923076923076925	13
713	2007	3.0	1
862	2007	2.8	5
897	2007	3.5625	8
957	2007	4.25	2
2523	2007	2.0	2
2526	2007	1.6666666666666667	3
2570	2007	3.6666666666666665	6
54	2007	2.5	4
734	2007	2.0	3
1897	2007	3.3636363636363638	11
716	2007	3.375	4
1854	2007	2.0	4
1621	2007	3.142857142857143	7
747	2007	1.4090909090909092	11
1502	2007	2.9166666666666665	6
1651	2007	3.75	2
1816	2007	2.625	8
55	2007	4.25	2
1442	2007	3.111111111111111	9
1583	2007	2.0	3
1723	2007	2.0	1
2559	2007	2.5	7
102	2007	1.5833333333333333	6
876	2007	3.1666666666666665	3
1538	2007	1.5	1
2191	2007	0.5	1
2244	2007	1.0	1
2552	2007	2.3333333333333335	9
650	2007	3.25	6
2128	2007	3.0	3
2332	2007	2.8333333333333335	6
388	2007	2.75	2
703	2007	2.9166666666666665	6
2031	2007	2.375	4
626	2007	1.5	1
806	2007	3.25	6
1055	2007	2.25	2
1313	2007	2.0	3
1601	2007	2.7857142857142856	7
1715	2007	2.25	2
2479	2007	2.2857142857142856	7
182	2007	2.1666666666666665	3
484	2007	3.0	7
1087	2007	2.75	2
1349	2007	2.5	2
1410	2007	2.8333333333333335	6
1750	2007	1.8333333333333333	3
823	2007	3.0	2
835	2007	3.4375	8
1746	2007	2.9375	8
2238	2007	3.5	2
2308	2007	2.5	4
884	2007	3.5	1
238	2007	3.125	4
240	2007	2.9375	8
294	2007	2.5	2
295	2007	2.625	4
304	2007	2.8333333333333335	3
325	2007	2.642857142857143	7
386	2007	2.8333333333333335	3
486	2007	2.3	5
554	2007	3.0	1
580	2007	3.7142857142857144	7
767	2007	3.5	3
809	2007	2.5	9
988	2007	3.25	2
1330	2007	2.75	8
1458	2007	3.5	2
1473	2007	2.625	4
1501	2007	3.0	1
1632	2007	3.0	1
1668	2007	2.25	2
1811	2007	2.5	1
1837	2007	3.1666666666666665	3
1857	2007	3.3333333333333335	3
1864	2007	4.0	2
2007	2007	3.0	4
2234	2007	1.8333333333333333	3
2286	2007	2.0	3
2295	2007	3.5	7
2362	2007	1.625	4
2419	2007	2.75	4
2510	2007	2.25	2
1710	2007	2.0	1
1776	2007	1.0	2
1624	2007	3.0	6
2481	2007	2.25	4
1549	2007	1.25	2
255	2007	2.2142857142857144	7
528	2007	2.3125	8
331	2007	2.6666666666666665	3
179	2007	2.875	8
35	2007	4.75	2
980	2007	3.75	2
1881	2007	3.75	4
83	2007	3.8	5
1659	2007	3.5	1
1670	2007	3.5	5
1767	2007	3.3	5
1553	2007	3.0	1
130	2007	3.5	2
2101	2007	3.75	2
330	2007	2.1	5
1571	2007	3.625	4
263	2007	4.5	2
461	2007	3.4	5
579	2007	2.75	2
795	2007	4.0	1
961	2007	3.5	2
1493	2007	3.25	4
2156	2007	4.0	1
2388	2007	4.0	1
2503	2007	4.5	2
651	2007	5.0	1
672	2007	5.0	1
676	2007	3.75	2
1062	2007	3.75	2
1443	2007	5.0	1
1558	2007	5.0	1
1636	2007	5.0	1
1718	2007	5.0	1
1764	2007	5.0	1
2226	2007	2.0	3
643	2007	2.5	1
1154	2007	2.5	2
1412	2007	4.125	4
1794	2007	4.0	3
1529	2007	4.5	5
2342	2007	3.75	4
1628	2007	3.75	2
1919	2007	2.0	2
963	2007	3.875	4
1187	2007	3.5714285714285716	7
1516	2007	2.8333333333333335	3
1768	2007	3.0	2
2199	2007	4.5	1
2190	2007	2.75	4
525	2007	2.5	3
146	2007	2.8333333333333335	3
771	2007	4.0	2
872	2007	4.0	2
2270	2007	3.5	2
867	2007	1.4285714285714286	7
67	2007	4.0	1
530	2007	3.0	2
993	2007	3.25	2
2103	2007	3.5	3
696	2007	3.25	2
753	2007	3.25	2
1043	2007	2.611111111111111	9
1107	2007	2.75	4
1142	2007	3.5	1
1922	2007	2.5	2
2062	2007	3.5	2
1310	2007	3.5	3
115	2007	3.5	1
1765	2007	1.0	2
212	2007	2.0	7
1825	2007	2.5	1
1708	2007	1.0	1
155	2007	2.5	2
389	2007	3.25	2
997	2007	3.5	2
1780	2007	3.3333333333333335	3
2299	2007	2.75	2
2314	2007	2.625	4
2569	2007	3.0	2
582	2007	3.5	1
1545	2007	4.5	3
2573	2007	4.0	1
183	2007	3.0	5
1596	2007	3.5	3
59	2007	3.0	2
184	2007	3.25	2
717	2007	0.5	1
695	2007	2.0	1
114	2007	3.0	2
37	2007	3.0	1
99	2007	3.8333333333333335	3
984	2007	2.0	1
850	2007	2.75	2
1420	2007	5.0	1
1437	2007	3.625	4
1520	2007	2.5	3
2578	2007	3.5	1
2444	2007	3.0	1
1364	2007	5.0	1
2547	2007	5.0	1
375	2007	3.5	1
499	2007	3.0	3
882	2007	2.25	2
1167	2007	2.0	3
1426	2007	2.0	1
1870	2007	3.0	1
1877	2007	1.0	2
1890	2007	2.0	2
2086	2007	2.75	2
625	2007	3.5	1
335	2007	4.5	2
206	2007	2.25	2
1439	2007	2.3333333333333335	3
498	2007	3.0	1
1781	2007	3.5	1
2260	2007	2.1666666666666665	3
629	2007	5.0	1
1677	2007	3.5	2
987	2007	3.375	4
1807	2007	2.75	2
2104	2007	3.5	2
2256	2007	0.75	2
1898	2007	3.0	2
2037	2007	2.75	4
1698	2007	3.5	1
391	2007	2.8333333333333335	3
706	2007	2.0	1
1477	2007	2.5	2
2538	2007	3.75	2
693	2007	4.5	1
310	2007	2.0	2
1613	2007	1.0	1
1795	2007	0.5	1
1716	2007	0.5	1
128	2007	3.5	1
411	2007	2.75	2
1065	2007	4.0	2
1522	2007	3.5	1
2255	2007	2.25	4
1315	2007	3.5	1
1575	2007	3.8333333333333335	3
712	2007	3.5	1
738	2007	2.0	1
264	2007	4.0	2
1886	2007	2.75	2
960	2007	3.25	4
119	2007	3.0	1
2466	2007	3.0	2
1630	2007	0.5	1
394	2007	3.0	2
392	2007	4.0	2
395	2007	2.5	1
269	2007	4.0	3
2049	2007	3.3333333333333335	3
476	2007	2.75	2
402	2007	3.8333333333333335	3
1311	2007	2.25	2
1532	2007	2.0	1
137	2007	2.75	2
1574	2007	4.25	2
2175	2007	1.0	1
131	2007	1.8333333333333333	3
287	2007	3.0	1
90	2007	1.75	2
136	2007	2.5	1
167	2007	1.5	1
359	2007	2.5	2
385	2007	2.5	1
400	2007	2.5	1
404	2007	2.5	2
406	2007	2.75	2
463	2007	3.0	1
568	2007	2.8333333333333335	3
633	2007	2.0	1
649	2007	3.0	1
664	2007	2.5	1
759	2007	3.0	1
776	2007	3.0	1
847	2007	1.0	1
874	2007	2.25	2
877	2007	2.75	2
981	2007	2.0	1
1000	2007	2.0	1
1002	2007	3.0	1
1138	2007	1.75	2
1428	2007	3.5	2
1444	2007	3.0	1
1455	2007	2.5	1
1510	2007	3.0	2
1511	2007	3.0	1
1528	2007	2.0	1
1543	2007	3.0	1
1563	2007	3.0	1
1585	2007	3.0	1
1622	2007	1.5	2
1725	2007	3.0	1
1742	2007	2.0	1
1861	2007	3.0	1
1896	2007	3.0	1
1905	2007	1.0	1
2323	2007	3.0	1
2350	2007	2.0	1
2434	2007	4.0	1
2440	2007	2.8333333333333335	6
701	2007	4.5	1
796	2007	2.75	2
129	2007	3.5	1
311	2007	2.0	1
336	2007	2.0	1
503	2007	3.5	1
526	2007	1.5	1
559	2007	2.5	1
566	2007	2.5	1
572	2007	2.0	1
576	2007	1.5	1
591	2007	2.0	1
675	2007	2.5	1
723	2007	1.5	1
815	2007	2.0	1
816	2007	2.0	1
1119	2007	1.5	1
1144	2007	2.5	1
1434	2007	3.5	1
1812	2007	2.0	1
1901	2007	2.5	1
2098	2007	2.75	2
2189	2007	3.25	2
2480	2007	3.5	1
939	2007	1.5	2
1026	2007	1.75	2
751	2007	5.0	1
1908	2007	2.5	1
878	2007	3.5	1
1832	2007	2.5	1
2173	2007	4.0	2
1567	2007	3.0	1
1740	2007	0.5	1
1814	2007	3.5	1
749	2007	2.5	1
755	2007	3.0	1
770	2007	3.0	1
774	2007	2.5	1
792	2007	4.0	1
820	2007	2.0	1
857	2007	4.0	1
873	2007	2.5	1
894	2007	4.0	1
966	2007	3.0	2
972	2007	3.0	1
977	2007	1.5	1
1001	2007	3.0	1
1067	2007	2.5	1
1157	2007	4.0	1
1158	2007	2.5	1
1159	2007	3.0	1
1160	2007	3.0	1
1368	2007	3.0	1
1436	2007	2.0	1
1534	2007	3.0	1
2079	2007	2.5	1
2213	2007	1.5	1
2217	2007	2.5	1
2397	2007	3.0	1
33	2007	3.0	1