2605	2007	3.050751879699248	266
2763	2007	3.4817275747508307	301
2803	2007	3.3642384105960264	151
2881	2007	3.0345744680851063	188
2975	2007	3.1666666666666665	6
3005	2007	3.054913294797688	173
3186	2007	3.617816091954023	174
3255	2007	3.341463414634146	287
3510	2007	3.3262987012987013	308
3554	2007	3.5	16
3578	2007	3.8541666666666665	1608
3717	2007	3.071969696969697	396
3798	2007	3.2386363636363638	176
3980	2007	3.3186274509803924	102
4018	2007	3.0318181818181817	330
4023	2007	3.091743119266055	109
4054	2007	3.061224489795918	98
4148	2007	3.090909090909091	308
4238	2007	3.211340206185567	97
4344	2007	2.8612244897959185	245
4448	2007	3.398496240601504	133
4720	2007	3.673580786026201	458
4865	2007	3.2995391705069124	217
3070	2007	3.291044776119403	67
4119	2007	4.428571428571429	7
4086	2007	3.6785714285714284	28
4979	2007	3.6648	625
2719	2007	2.430894308943089	123
3157	2007	2.596638655462185	119
2628	2007	2.8530534351145036	1310
2640	2007	3.367713004484305	446
2641	2007	3.0314685314685317	286
2648	2007	3.7071428571428573	70
2716	2007	3.649616368286445	1173
2731	2007	4.097222222222222	108
2797	2007	3.482832618025751	699
2944	2007	3.7397540983606556	244
2997	2007	3.8184742647058822	1088
3300	2007	3.3826923076923077	260
3362	2007	3.9903846153846154	260
3742	2007	3.738095238095238	63
3996	2007	3.737246963562753	1235
4426	2007	3.88	25
4624	2007	3.404255319148936	47
4718	2007	2.756443298969072	388
4896	2007	3.4644128113879002	843
2683	2007	3.151173708920188	1065
2699	2007	2.6128266033254155	421
2706	2007	3.0692454632282713	1047
2762	2007	3.8849885844748857	1752
2858	2007	4.037037037037037	1971
2959	2007	4.239187763713081	1896
2987	2007	3.4098062953995156	826
3052	2007	3.5777479892761392	746
3114	2007	3.515056461731493	797
4306	2007	3.788327526132404	1722
4993	2007	4.068042813455658	1962
3581	2007	3.7545454545454544	55
3949	2007	4.033596837944664	759
4011	2007	4.045555555555556	900
4251	2007	3.54	50
2819	2007	3.953846153846154	65
3147	2007	3.901463963963964	888
3470	2007	3.983050847457627	59
4422	2007	4.328947368421052	38
4927	2007	3.9444444444444446	9
3039	2007	3.6875	240
3624	2007	3.098148148148148	270
3981	2007	2.7857142857142856	98
4022	2007	3.483652762119504	887
4291	2007	3.0813953488372094	43
4370	2007	3.1432432432432433	555
5069	2007	3.314814814814815	27
2657	2007	3.3535620052770447	379
2672	2007	3.47244094488189	127
2692	2007	3.9404945904173108	647
2700	2007	3.6	570
2710	2007	2.736231884057971	690
2712	2007	3.1904761904761907	546
2761	2007	3.815	200
2791	2007	3.7420382165605095	628
2799	2007	1.9659090909090908	44
2846	2007	3.486842105263158	38
2890	2007	3.4491682070240297	541
2916	2007	3.4887417218543044	755
2918	2007	3.857142857142857	931
2952	2007	3.6875	40
2953	2007	2.512367491166078	283
2985	2007	3.2660044150110377	453
3033	2007	3.4278131634819533	471
3156	2007	3.122549019607843	102
3160	2007	3.8038116591928253	446
3210	2007	3.52258064516129	310
3253	2007	3.334307992202729	513
3254	2007	2.8675496688741724	151
3399	2007	2.607142857142857	14
3420	2007	3.68	25
3424	2007	3.920245398773006	163
3438	2007	3.0350877192982457	171
3552	2007	3.679856115107914	278
3671	2007	3.8095238095238093	357
3686	2007	3.353211009174312	109
3698	2007	3.1622222222222223	225
3793	2007	3.523431294678316	1259
3863	2007	2.8216911764705883	272
3897	2007	3.736631016042781	748
3911	2007	3.671787709497207	358
3948	2007	3.319095477386935	796
3959	2007	3.759493670886076	79
3977	2007	2.604619565217391	736
3986	2007	2.8733766233766236	154
3994	2007	3.3970792767732965	719
4014	2007	3.659770114942529	435
4015	2007	2.393258426966292	267
4027	2007	3.812430011198208	893
4226	2007	4.144574599260173	1622
4262	2007	3.9479717813051147	567
4304	2007	3.55	20
4308	2007	3.482456140350877	570
4432	2007	3.8392857142857144	28
4446	2007	2.91875	240
4447	2007	3.0127610208816704	431
4571	2007	3.169278996865204	319
4734	2007	3.24	250
4816	2007	3.245049504950495	404
4874	2007	3.3617021276595747	282
4878	2007	4.008189262966333	1099
4886	2007	3.7701480263157894	1216
4963	2007	3.762861169837914	1419
4975	2007	3.2752293577981653	436
4995	2007	3.817149569303054	1277
5009	2007	3.088607594936709	79
5076	2007	3.1666666666666665	18
4159	2007	2.9516129032258065	62
4973	2007	4.223257418909593	1449
2792	2007	3.0625	112
2793	2007	2.5396825396825395	63
2817	2007	2.3333333333333335	12
2826	2007	3.0285171102661597	263
3173	2007	3.214814814814815	135
3363	2007	3.5889423076923075	208
3481	2007	3.7824074074074074	648
3535	2007	3.5575757575757576	330
3648	2007	2.8333333333333335	9
3754	2007	2.1666666666666665	42
4167	2007	2.7666666666666666	60
4305	2007	2.5925925925925926	27
4467	2007	3.5042372881355934	118
4792	2007	2.75	44
5049	2007	3.4908536585365852	164
2841	2007	3.3833333333333333	150
3917	2007	3.0123456790123457	81
4103	2007	3.8008130081300813	123
4223	2007	3.582474226804124	291
4265	2007	1.8070175438596492	57
4340	2007	2.380434782608696	46
4725	2007	3.7065217391304346	46
4902	2007	3.7475247524752477	101
2788	2007	3.935960591133005	203
3461	2007	3.3430232558139537	86
3629	2007	3.973404255319149	94
4672	2007	3.6666666666666665	3
2600	2007	3.2962962962962963	189
2968	2007	3.4206349206349205	252
3000	2007	4.0875	400
3275	2007	3.9693396226415096	424
3176	2007	3.470873786407767	412
4007	2007	3.6810344827586206	116
2986	2007	2.620567375886525	141
3527	2007	3.5758426966292136	534
2843	2007	4.330508474576271	59
5015	2007	3.45	190
2807	2007	2.019230769230769	52
3555	2007	3.1565656565656566	198
3799	2007	1.7159090909090908	44
4321	2007	3.1538461538461537	247
4767	2007	3.5	5
4775	2007	1.171875	32
3504	2007	4.114406779661017	118
3814	2007	4.022222222222222	45
4246	2007	3.248196248196248	693
4464	2007	3.58974358974359	39
2730	2007	3.8206521739130435	92
2662	2007	3.4124087591240877	137
3020	2007	3.621468926553672	177
3081	2007	3.5271535580524342	534
3168	2007	3.669811320754717	159
3263	2007	3.038659793814433	194
3355	2007	3.4375	144
3386	2007	3.747448979591837	196
3408	2007	3.4533834586466163	665
3536	2007	3.3035714285714284	84
3617	2007	2.9543650793650795	252
3623	2007	2.8380884450784594	701
4020	2007	3.315068493150685	73
4034	2007	3.7455418381344305	729
4239	2007	3.7593659942363113	347
4954	2007	3.576923076923077	91
5014	2007	3.503968253968254	126
5065	2007	3.107142857142857	84
2617	2007	3.1398809523809526	672
3252	2007	3.7925764192139737	229
3471	2007	3.7170022371364655	447
3785	2007	2.6401617250673852	371
4545	2007	3.2857142857142856	112
4787	2007	3.511904761904762	42
2611	2007	3.0714285714285716	14
2867	2007	3.1794871794871793	39
2966	2007	3.8	100
3179	2007	3.621212121212121	33
4427	2007	4.078431372549019	51
3101	2007	3.2962962962962963	189
4336	2007	3.603448275862069	29
4361	2007	3.4672131147540983	244
2795	2007	3.622340425531915	188
2990	2007	3.2669172932330826	133
3100	2007	3.7234848484848486	132
3361	2007	3.464426877470356	253
3638	2007	3.172932330827068	133
3998	2007	2.8773584905660377	53
4776	2007	3.6086350974930363	359
2973	2007	4.129411764705883	85
3068	2007	3.892857142857143	42
3088	2007	4.068493150684931	73
3198	2007	3.8594771241830066	153
3469	2007	3.9583333333333335	60
3521	2007	3.857142857142857	35
3730	2007	4.017094017094017	117
4326	2007	3.8106060606060606	132
4406	2007	4.008333333333334	60
4423	2007	4.5	4
2671	2007	3.2401960784313726	408
2701	2007	2.234375	512
2745	2007	3.8174603174603177	63
3893	2007	2.709090909090909	165
4848	2007	3.7786016949152543	472
5010	2007	3.675311203319502	482
2599	2007	3.5939716312056738	282
3751	2007	3.3762798634812285	586
4105	2007	3.571138211382114	246
2863	2007	3.75	86
3174	2007	3.554585152838428	229
2687	2007	3.168965517241379	145
2724	2007	2.641826923076923	208
2805	2007	2.607142857142857	70
2872	2007	3.5707547169811322	106
3082	2007	3.1646825396825395	252
3113	2007	2.5527777777777776	180
3967	2007	3.7447698744769875	239
3968	2007	2.6653225806451615	124
3969	2007	3.2070063694267517	157
3979	2007	2.481651376146789	109
4069	2007	2.7522935779816513	109
4225	2007	3.7295081967213113	61
4299	2007	3.1282722513089007	191
4310	2007	2.6005221932114884	383
4343	2007	2.6231155778894473	199
4351	2007	3.129032258064516	124
4369	2007	2.559880239520958	334
4487	2007	2.78125	80
4489	2007	3.473372781065089	169
4638	2007	2.6378600823045266	243
4641	2007	3.627853881278539	219
4701	2007	3.0444444444444443	225
3307	2007	4.040404040404041	99
3462	2007	4.133093525179856	139
4499	2007	3.6692913385826773	127
4992	2007	3.0754716981132075	106
5083	2007	3.1666666666666665	3
2587	2007	2.847826086956522	23
2722	2007	2.4107142857142856	252
2808	2007	2.5301724137931036	116
2860	2007	3.033333333333333	60
3006	2007	3.874468085106383	235
3050	2007	3.2142857142857144	7
3053	2007	3.1944444444444446	54
3105	2007	3.702439024390244	205
3257	2007	2.751336898395722	187
3273	2007	2.286624203821656	157
3298	2007	3.4545454545454546	99
3328	2007	3.6655405405405403	148
3444	2007	3.058333333333333	60
3646	2007	2.38125	80
3753	2007	3.2241758241758243	455
3865	2007	3.375	16
3879	2007	3.0606060606060606	33
3898	2007	2.5	13
3916	2007	3.6769547325102883	243
4016	2007	3.4402173913043477	184
4019	2007	3.5433333333333334	150
4164	2007	3.1666666666666665	9
4199	2007	1.9375	8
4200	2007	2.340909090909091	22
4235	2007	4.025401069518717	374
4367	2007	2.5919540229885056	348
4388	2007	2.3121827411167515	197
4558	2007	2.739864864864865	148
4614	2007	2.740740740740741	27
4640	2007	3.8205128205128207	39
4745	2007	2.857142857142857	14
4815	2007	2.96875	32
4958	2007	3.05607476635514	107
5026	2007	3.545045045045045	111
5093	2007	2.58974358974359	78
2905	2007	4.06140350877193	57
4372	2007	3.0384615384615383	52
4552	2007	3.607142857142857	28
4853	2007	3.1	5
2686	2007	3.839622641509434	106
2804	2007	3.916417910447761	335
2927	2007	3.757575757575758	33
3022	2007	4.125	80
3089	2007	4.0905172413793105	116
3224	2007	3.9411764705882355	17
3788	2007	4.008333333333334	60
4214	2007	2.9742268041237114	97
4529	2007	3.4722222222222223	18
2951	2007	3.9264069264069263	231
3681	2007	4.016806722689076	238
2717	2007	3.0476190476190474	336
2735	2007	2.8513513513513513	74
2947	2007	3.567	500
3247	2007	2.7510460251046025	239
3264	2007	2.6720779220779223	154
3285	2007	3.06	175
3354	2007	2.6595238095238094	210
3409	2007	3.0073891625615765	203
3448	2007	3.531017369727047	403
3450	2007	3.201183431952663	169
3499	2007	3.6718213058419242	291
3705	2007	2.975	40
3868	2007	3.551792828685259	251
3869	2007	3.184563758389262	149
3882	2007	2.8322147651006713	149
4040	2007	2.625	48
4084	2007	3.183006535947712	153
4085	2007	3.4647058823529413	425
4240	2007	3.2	15
4643	2007	2.618457300275482	363
4974	2007	2.4827586206896552	116
5064	2007	3.8141025641025643	234
3060	2007	3.7176470588235295	170
3569	2007	3.75	28
3741	2007	3.9925373134328357	67
4470	2007	3.5	23
3534	2007	2.995	100
4741	2007	3.9468085106382977	47
3107	2007	3.1684981684981683	273
3175	2007	3.3611670020120723	497
3503	2007	3.7758620689655173	116
3699	2007	3.39	100
3811	2007	3.7666666666666666	30
4232	2007	2.355769230769231	104
2621	2007	2.8333333333333335	3
2739	2007	3.7723214285714284	112
3476	2007	3.7907801418439715	141
3993	2007	3.6608695652173915	115
3148	2007	3.603734439834025	241
2643	2007	2.3190476190476192	105
2789	2007	2.767857142857143	28
2790	2007	2.2666666666666666	15
4052	2007	3.053030303030303	66
4149	2007	2.8615384615384616	65
4215	2007	2.533333333333333	30
4914	2007	4.074712643678161	87
3827	2007	2.9397163120567376	141
3202	2007	3.28125	16
3626	2007	3.3333333333333335	15
3676	2007	3.536	125
3892	2007	2.7916666666666665	12
4128	2007	3.403314917127072	181
4645	2007	3.111111111111111	9
4748	2007	2.4125	40
4749	2007	1.75	28
4750	2007	1.7115384615384615	26
4967	2007	3.857894736842105	95
3008	2007	4.0	21
4936	2007	3.125	32
2707	2007	3.4545454545454546	242
3037	2007	3.8947368421052633	76
3185	2007	3.111111111111111	18
3418	2007	3.4123989218328843	371
3653	2007	3.7142857142857144	14
3752	2007	2.898671096345515	301
4146	2007	3.1944444444444446	18
4161	2007	2.8920863309352516	139
4233	2007	2.475	20
4873	2007	3.8686131386861313	137
2606	2007	2.8369565217391304	46
2747	2007	3.1470588235294117	85
3961	2007	2.25	10
3973	2007	2.022222222222222	45
3990	2007	2.7222222222222223	9
4386	2007	2.3134328358208953	67
4493	2007	2.2	10
4744	2007	2.5555555555555554	63
4876	2007	2.528169014084507	71
3265	2007	3.9213483146067416	89
3910	2007	3.7818791946308723	149
3030	2007	4.1069182389937104	159
3468	2007	4.021739130434782	138
3571	2007	3.5714285714285716	7
3835	2007	2.74	25
3905	2007	2.888888888888889	9
4338	2007	3.75	28
4339	2007	3.6333333333333333	15
2948	2007	3.6278026905829597	223
2949	2007	3.6838842975206614	242
3134	2007	3.98	50
4298	2007	4.136363636363637	44
3421	2007	3.676470588235294	459
3726	2007	3.602272727272727	44
4033	2007	3.5265151515151514	132
4356	2007	3.4875	40
4482	2007	2.9	10
4888	2007	3.611111111111111	27
2693	2007	3.5625	32
3083	2007	4.090643274853801	171
3435	2007	4.163101604278075	187
2594	2007	3.961206896551724	116
2862	2007	2.7875	40
3102	2007	3.392857142857143	14
3505	2007	3.7222222222222223	54
3512	2007	3.404255319148936	47
3707	2007	3.216666666666667	60
4042	2007	3.5	20
4047	2007	3.7941176470588234	51
4102	2007	3.4942528735632186	87
4826	2007	3.4285714285714284	28
3146	2007	2.485981308411215	107
4754	2007	3.656862745098039	102
5060	2007	3.7794759825327513	229
2596	2007	3.6923076923076925	65
3305	2007	3.5	5
3359	2007	3.951923076923077	52
3679	2007	3.40625	16
4872	2007	3.7	5
5066	2007	3.4516129032258065	62
2720	2007	1.9675324675324675	77
2764	2007	3.533333333333333	60
2852	2007	3.8	10
2930	2007	4.0	10
2965	2007	1.8888888888888888	9
3035	2007	3.892857142857143	28
3043	2007	2.3333333333333335	3
3062	2007	3.9	55
3256	2007	3.5046296296296298	216
3452	2007	2.880434782608696	138
3483	2007	3.0694444444444446	36
3563	2007	2.6176470588235294	17
3593	2007	1.5133928571428572	112
3598	2007	2.75	18
3599	2007	3.75	8
3864	2007	2.5285714285714285	35
4025	2007	2.772020725388601	386
4142	2007	2.125	12
4241	2007	1.3181818181818181	33
4270	2007	2.7757009345794392	321
4366	2007	2.962025316455696	79
4387	2007	3.1328125	64
4846	2007	3.5697674418604652	43
4857	2007	3.9466019417475726	103
4880	2007	3.753012048192771	83
4887	2007	2.8684210526315788	95
4901	2007	3.5252293577981653	218
4941	2007	3.0625	80
4990	2007	3.0	16
5047	2007	2.8359375	64
5094	2007	1.7037037037037037	54
2908	2007	3.6575	200
3007	2007	3.8684210526315788	38
3108	2007	3.5945017182130585	291
3155	2007	3.28494623655914	93
3246	2007	3.871794871794872	117
3267	2007	3.597457627118644	118
3334	2007	3.780701754385965	57
3706	2007	3.7222222222222223	81
3718	2007	3.5384615384615383	13
3758	2007	2.875	4
3841	2007	3.022222222222222	45
3852	2007	3.5454545454545454	22
4378	2007	3.5476190476190474	84
4466	2007	2.816666666666667	30
4478	2007	3.2241379310344827	29
4515	2007	3.82	25
4572	2007	3.263157894736842	38
4713	2007	3.517543859649123	57
3755	2007	2.958656330749354	387
4056	2007	3.4051724137931036	58
4373	2007	2.380952380952381	21
4732	2007	2.4625	40
4879	2007	3.0	8
4639	2007	2.722689075630252	119
2847	2007	4.2	15
2857	2007	3.807377049180328	122
3067	2007	4.0	64
3235	2007	3.2333333333333334	15
3301	2007	3.282051282051282	234
3736	2007	3.9358974358974357	39
3983	2007	3.9056603773584904	53
4280	2007	3.5706521739130435	92
4294	2007	3.625	12
4695	2007	4.25	4
4224	2007	2.8645833333333335	48
2883	2007	3.1904761904761907	21
3097	2007	3.875	28
3178	2007	3.568548387096774	124
3925	2007	3.635135135135135	37
4506	2007	3.397727272727273	44
3556	2007	3.681434599156118	237
2941	2007	3.4375	24
3360	2007	3.9065040650406506	123
3507	2007	4.055555555555555	81
3606	2007	3.8529411764705883	17
4357	2007	3.6206896551724137	29
4519	2007	3.1484375	64
4642	2007	3.7823529411764705	85
3213	2007	3.141509433962264	53
3439	2007	2.8130841121495327	107
3440	2007	2.3716216216216215	74
3087	2007	3.4943181818181817	176
4006	2007	3.3134328358208953	67
2624	2007	4.055555555555555	27
2935	2007	4.129032258064516	31
3077	2007	4.146341463414634	41
3451	2007	4.015384615384615	65
3456	2007	4.0	8
3632	2007	4.142857142857143	21
3786	2007	3.7222222222222223	45
3787	2007	3.4615384615384617	13
3909	2007	2.6666666666666665	15
4191	2007	3.7096774193548385	31
4272	2007	4.071428571428571	7
4971	2007	2.9	15
3159	2007	3.475609756097561	82
3639	2007	3.4952830188679247	106
2616	2007	2.8053691275167787	149
2618	2007	3.9431818181818183	44
2694	2007	2.993006993006993	286
2729	2007	3.8130841121495327	107
2942	2007	2.8227272727272728	110
3203	2007	3.6666666666666665	57
3249	2007	3.0161290322580645	93
3477	2007	3.4266666666666667	75
3668	2007	3.6923076923076925	65
3723	2007	3.6320754716981134	53
3791	2007	3.0197368421052633	76
3825	2007	2.5445205479452055	146
3826	2007	2.4156378600823047	243
4132	2007	2.6792452830188678	53
4168	2007	2.6875	16
4903	2007	3.5307692307692307	65
5080	2007	3.0	16
2989	2007	3.4741379310344827	116
2991	2007	3.471311475409836	122
2993	2007	3.6594827586206895	116
3633	2007	3.4393939393939394	99
3635	2007	3.5844594594594597	148
3984	2007	3.492424242424242	132
3317	2007	3.5761904761904764	210
4380	2007	3.953125	32
4881	2007	3.7755681818181817	176
5016	2007	3.2045454545454546	44
2827	2007	2.307017543859649	57
2995	2007	2.507575757575758	66
3908	2007	1.9482758620689655	29
4036	2007	3.435185185185185	54
4143	2007	2.1666666666666665	24
4735	2007	2.311320754716981	53
4758	2007	2.4444444444444446	9
4852	2007	2.727272727272727	11
2967	2007	3.5	11
3889	2007	2.5428571428571427	35
3997	2007	1.823076923076923	65
2810	2007	3.4625	40
3092	2007	3.8	5
3654	2007	3.7162162162162162	111
4681	2007	3.264705882352941	85
2812	2007	3.1666666666666665	6
2871	2007	3.7322175732217575	239
2902	2007	2.7142857142857144	21
3208	2007	2.857142857142857	56
3372	2007	3.7	10
3430	2007	3.21875	16
3432	2007	2.466666666666667	15
3434	2007	2.1875	8
3445	2007	3.0416666666666665	12
3513	2007	3.32	50
3710	2007	2.1296296296296298	27
3713	2007	3.9375	8
3767	2007	1.7272727272727273	11
3985	2007	3.6	25
4041	2007	3.3783783783783785	111
4095	2007	4.14	25
4450	2007	3.5789473684210527	38
4474	2007	2.8783783783783785	37
4564	2007	2.9558823529411766	34
4566	2007	2.09375	16
4567	2007	2.227272727272727	11
4809	2007	3.75	26
4844	2007	3.3297872340425534	94
4855	2007	3.7653508771929824	228
4945	2007	3.16	25
2870	2007	3.3333333333333335	21
2962	2007	3.3333333333333335	15
3396	2007	3.412442396313364	217
3524	2007	3.1145833333333335	48
3525	2007	2.7794117647058822	34
3809	2007	3.406779661016949	177
4039	2007	3.0703125	64
4080	2007	2.9565217391304346	23
2840	2007	3.010344827586207	145
3357	2007	3.65	10
3953	2007	2.097560975609756	41
4169	2007	3.6153846153846154	13
4381	2007	3.5517241379310347	29
4788	2007	4.333333333333333	18
2688	2007	2.9871134020618557	194
2770	2007	2.802395209580838	167
2971	2007	3.823529411764706	34
3248	2007	2.2658227848101267	79
3262	2007	3.695876288659794	97
3271	2007	3.636904761904762	84
3306	2007	3.9761904761904763	21
3316	2007	2.4833333333333334	60
3489	2007	3.1478260869565218	345
3566	2007	2.92	25
3697	2007	2.8833333333333333	210
3703	2007	3.7367424242424243	264
3783	2007	3.5671641791044775	67
3858	2007	2.814814814814815	27
3861	2007	3.1161616161616164	99
3978	2007	3.109090909090909	55
4247	2007	2.551282051282051	78
4368	2007	2.3859649122807016	57
4553	2007	3.680327868852459	61
4563	2007	2.782608695652174	23
4719	2007	2.725	20
4757	2007	2.736842105263158	38
4771	2007	2.5	14
4889	2007	3.377049180327869	61
4980	2007	2.918032786885246	122
5013	2007	3.5628019323671496	207
2925	2007	3.918918918918919	37
3201	2007	3.7735849056603774	53
2696	2007	3.7857142857142856	28
3002	2007	4.0	20
3099	2007	2.7916666666666665	12
3735	2007	3.9130434782608696	138
3738	2007	3.3181818181818183	11
4008	2007	3.5492957746478875	142
4703	2007	3.732142857142857	56
4932	2007	3.3275862068965516	29
5062	2007	3.473684210526316	19
3341	2007	4.147058823529412	17
4184	2007	4.0625	16
4359	2007	3.4857142857142858	35
2681	2007	3.5833333333333335	12
2915	2007	3.3091603053435112	262
2924	2007	3.6818181818181817	66
3163	2007	3.611111111111111	18
3404	2007	3.2058823529411766	51
3615	2007	2.882978723404255	47
3619	2007	2.8	5
3720	2007	3.710526315789474	19
3745	2007	3.169642857142857	112
3760	2007	3.5217391304347827	23
3822	2007	4.066666666666666	15
3972	2007	3.607142857142857	84
3992	2007	3.661290322580645	31
4066	2007	3.0952380952380953	21
4327	2007	3.8112582781456954	151
4334	2007	4.1	30
4404	2007	3.8947368421052633	19
4438	2007	3.519230769230769	26
4440	2007	3.3846153846153846	26
4533	2007	3.4245283018867925	53
4866	2007	3.4545454545454546	44
4868	2007	3.0	3
3095	2007	3.826923076923077	78
3152	2007	4.011627906976744	43
3484	2007	2.7698412698412698	63
3498	2007	3.7954545454545454	88
3677	2007	4.006666666666667	75
4210	2007	3.642857142857143	56
4623	2007	3.418032786885246	122
4814	2007	2.7872340425531914	47
4821	2007	3.0428571428571427	35
4885	2007	2.3	15
2746	2007	3.2649769585253456	217
3104	2007	3.757425742574257	101
3526	2007	3.4956521739130433	115
3702	2007	3.4226006191950464	323
4002	2007	3.5057251908396947	262
4602	2007	2.5	10
4664	2007	3.5	19
4616	2007	3.7753623188405796	69
4969	2007	3.9464285714285716	28
5074	2007	3.393939393939394	33
4070	2007	3.2777777777777777	9
3844	2007	3.391304347826087	92
2877	2007	3.0961538461538463	26
3618	2007	3.3780487804878048	41
2771	2007	2.8958333333333335	24
3018	2007	3.6132075471698113	53
3740	2007	3.5098039215686274	153
4017	2007	3.4537037037037037	54
4354	2007	2.7857142857142856	14
4437	2007	3.5789473684210527	57
4546	2007	3.8424657534246576	73
4774	2007	3.090909090909091	11
2723	2007	2.867149758454106	207
2778	2007	2.0	2
3072	2007	3.3150183150183152	273
3304	2007	3.8	5
3683	2007	3.9583333333333335	132
3704	2007	3.045751633986928	153
3727	2007	3.5125	40
3731	2007	3.2857142857142856	7
3429	2007	3.9166666666666665	114
2713	2007	2.3360655737704916	61
4082	2007	3.4285714285714284	14
2794	2007	2.8376623376623376	77
3040	2007	3.0517241379310347	29
3259	2007	3.0949367088607596	79
4890	2007	2.6685082872928176	181
3988	2007	2.608108108108108	222
4799	2007	3.5350877192982457	57
3034	2007	3.6931818181818183	132
2983	2007	3.9166666666666665	12
4133	2007	2.111111111111111	45
4198	2007	2.75	12
4414	2007	3.0555555555555554	9
4544	2007	2.98	50
4833	2007	3.586206896551724	29
4911	2007	3.017857142857143	28
4942	2007	2.25	4
2714	2007	3.6	5
4181	2007	2.0	5
4677	2007	2.9587628865979383	97
4898	2007	2.3636363636363638	11
3206	2007	2.78125	16
4195	2007	3.25	18
4842	2007	3.5	5
4959	2007	2.625	8
4155	2007	2.8333333333333335	42
3801	2007	3.935483870967742	62
3854	2007	3.710526315789474	19
3964	2007	3.7916666666666665	12
2929	2007	3.710526315789474	19
3011	2007	3.9166666666666665	12
3028	2007	3.90625	16
3076	2007	3.7857142857142856	14
3079	2007	3.735294117647059	34
3096	2007	4.25	10
3103	2007	2.6	5
3111	2007	3.533333333333333	15
3167	2007	3.1136363636363638	22
3194	2007	3.3333333333333335	21
3196	2007	4.04320987654321	81
3204	2007	3.3870967741935485	31
3211	2007	3.35	10
3244	2007	3.235294117647059	17
3251	2007	3.5588235294117645	17
3260	2007	3.669491525423729	59
3296	2007	3.7419354838709675	31
3347	2007	3.92	25
3412	2007	3.675	20
3422	2007	3.1	10
3494	2007	3.847826086956522	23
3501	2007	3.5833333333333335	6
3528	2007	2.9473684210526314	19
3545	2007	3.6065573770491803	61
3547	2007	3.6538461538461537	13
3577	2007	2.2142857142857144	7
3591	2007	2.938775510204082	49
3649	2007	3.1153846153846154	26
3672	2007	2.6153846153846154	13
3675	2007	3.625	36
3724	2007	3.5588235294117645	17
3733	2007	3.357142857142857	21
3812	2007	3.518181818181818	55
3831	2007	3.72972972972973	37
3927	2007	3.689655172413793	29
3932	2007	3.8666666666666667	30
3963	2007	2.5	4
4062	2007	2.892857142857143	42
4117	2007	3.55	20
4123	2007	1.6428571428571428	14
4187	2007	3.725806451612903	31
4194	2007	4.318181818181818	11
4212	2007	3.5294117647058822	17
4220	2007	3.451219512195122	41
4254	2007	2.2586206896551726	58
4276	2007	3.6153846153846154	13
4285	2007	3.388888888888889	18
4290	2007	3.125	8
4292	2007	3.880952380952381	21
4296	2007	3.25	24
4318	2007	3.3823529411764706	17
4333	2007	2.947058823529412	85
4420	2007	3.9166666666666665	6
4508	2007	3.556451612903226	62
4612	2007	3.619047619047619	21
4621	2007	2.738709677419355	155
4688	2007	3.7142857142857144	14
4705	2007	3.6875	24
4706	2007	2.2	5
4714	2007	2.611111111111111	18
4727	2007	2.7333333333333334	30
4784	2007	3.5	13
4803	2007	3.5	19
4835	2007	3.635135135135135	37
4840	2007	4.4375	8
4976	2007	3.3035714285714284	28
5004	2007	3.7941176470588234	34
5021	2007	3.953125	32
5033	2007	2.6875	8
5034	2007	3.607142857142857	14
5036	2007	3.2	5
5051	2007	3.5625	24
5087	2007	3.7142857142857144	7
5027	2007	2.712962962962963	54
4147	2007	4.125	4
4920	2007	4.0	13
3214	2007	3.4285714285714284	7
3701	2007	3.03	50
4465	2007	3.7214285714285715	70
3054	2007	1.5483870967741935	31
4462	2007	2.125	8
3763	2007	3.2325581395348837	86
3952	2007	3.6029411764705883	34
4029	2007	3.21875	48
4699	2007	3.0	31
3794	2007	3.4615384615384617	13
2690	2007	3.4594594594594597	37
2728	2007	3.7980132450331126	151
2772	2007	3.2244897959183674	49
2889	2007	3.25	36
3250	2007	3.373015873015873	63
3261	2007	3.3482142857142856	56
3274	2007	3.1704545454545454	44
4492	2007	2.734375	32
4526	2007	2.671875	32
4676	2007	2.5	27
4679	2007	3.23125	80
4693	2007	3.0	3
5008	2007	4.145161290322581	62
5025	2007	2.9310344827586206	87
2593	2007	3.65	10
2642	2007	2.6983471074380163	121
2726	2007	4.026881720430108	93
4587	2007	2.8205128205128207	39
3479	2007	3.3555555555555556	90
4456	2007	2.625	4
4458	2007	4.0	9
4459	2007	3.25	4
3769	2007	3.3	10
4242	2007	3.1666666666666665	3
4248	2007	2.4655172413793105	29
4411	2007	3.9545454545454546	11
4700	2007	2.988372093023256	86
4795	2007	3.7222222222222223	27
4031	2007	2.8461538461538463	13
4256	2007	3.25	8
4770	2007	2.5	37
3205	2007	3.5416666666666665	12
3680	2007	3.65	10
4347	2007	3.75	6
4350	2007	3.4166666666666665	24
4501	2007	2.7	15
2976	2007	3.3640776699029127	103
3991	2007	2.3541666666666665	48
4144	2007	4.136363636363637	110
4355	2007	2.46875	16
4978	2007	3.7674418604651163	43
4485	2007	2.6875	8
4055	2007	3.8333333333333335	9
2676	2007	3.0	34
2921	2007	3.7033898305084745	59
3190	2007	2.3043478260869565	23
3576	2007	3.6875	24
3725	2007	3.0	9
3933	2007	1.2142857142857142	7
4001	2007	2.4444444444444446	9
4092	2007	2.6818181818181817	11
4188	2007	3.5833333333333335	6
4494	2007	2.3181818181818183	11
4610	2007	2.8333333333333335	9
4625	2007	2.8125	8
4626	2007	3.2	5
4652	2007	2.15	10
4808	2007	3.239130434782609	23
4944	2007	1.5833333333333333	6
4946	2007	2.0	4
5041	2007	3.0	7
5054	2007	3.1	20
2612	2007	3.9375	24
2940	2007	3.9642857142857144	28
3098	2007	3.8175675675675675	148
3217	2007	4.0	4
3258	2007	2.9759615384615383	104
3330	2007	3.9285714285714284	14
3496	2007	4.5	2
3543	2007	3.7375	40
3551	2007	3.7	105
3604	2007	4.0	7
4131	2007	3.2	5
4211	2007	3.8703703703703702	27
4218	2007	3.7142857142857144	28
4649	2007	3.78125	32
3327	2007	3.4375	16
3918	2007	2.638888888888889	36
4390	2007	2.4318181818181817	22
4899	2007	2.2142857142857144	35
5040	2007	2.867816091954023	87
3010	2007	4.125	4
3032	2007	3.1875	32
3085	2007	3.0	5
3121	2007	3.25	4
3268	2007	1.7661290322580645	62
3592	2007	2.8	5
3153	2007	3.526315789473684	19
2732	2007	3.9431818181818183	44
2806	2007	2.2	25
2972	2007	3.75	10
3074	2007	3.92	25
3158	2007	3.53125	16
3289	2007	4.045454545454546	22
3406	2007	3.625	8
3565	2007	3.0	30
4035	2007	3.4	5
4259	2007	3.5	8
4325	2007	4.03125	16
4337	2007	3.8	10
4712	2007	3.5	8
4849	2007	3.590909090909091	11
4908	2007	3.5	7
5011	2007	3.25	20
5028	2007	4.0	2
3700	2007	3.5357142857142856	14
4005	2007	3.375	76
4531	2007	2.8815789473684212	38
2718	2007	3.1625	40
2750	2007	3.875	32
3161	2007	3.125	4
3999	2007	2.5277777777777777	72
2585	2007	3.911764705882353	17
3075	2007	3.986111111111111	36
3272	2007	3.740740740740741	27
3608	2007	3.2628205128205128	156
3621	2007	3.8	5
3652	2007	3.5	16
3693	2007	2.7	25
3732	2007	3.25	10
3970	2007	3.5555555555555554	18
4658	2007	3.933333333333333	15
4794	2007	3.730769230769231	13
4928	2007	3.9864864864864864	37
2912	2007	3.4903846153846154	52
2828	2007	2.2	20
2598	2007	3.0	113
2709	2007	3.40625	16
2759	2007	3.3142857142857145	35
2822	2007	3.2903225806451615	31
2829	2007	2.6	20
2906	2007	2.4285714285714284	21
2907	2007	2.611111111111111	27
3270	2007	3.2375	40
3712	2007	3.152173913043478	23
3802	2007	2.4696969696969697	33
4091	2007	3.0606060606060606	33
4121	2007	3.2884615384615383	104
4205	2007	2.9696969696969697	33
4228	2007	2.839622641509434	53
4275	2007	3.0535714285714284	28
4293	2007	3.3181818181818183	11
4673	2007	2.8466666666666667	75
4686	2007	1.9473684210526316	38
2607	2007	3.9473684210526314	19
2655	2007	1.5714285714285714	7
2678	2007	2.8333333333333335	3
2780	2007	3.5	8
2782	2007	3.2	5
2783	2007	3.625	4
2850	2007	3.0	1
2873	2007	3.3333333333333335	3
2878	2007	1.3125	8
2903	2007	2.3	15
2992	2007	2.0	3
3014	2007	2.375	4
3064	2007	2.75	6
3379	2007	3.45	10
3397	2007	3.6125	40
3398	2007	3.4523809523809526	42
3459	2007	3.0	11
3490	2007	3.2142857142857144	7
3544	2007	2.375	4
3557	2007	2.8055555555555554	18
3559	2007	4.0	13
3572	2007	1.8333333333333333	9
3573	2007	1.5625	8
3574	2007	0.9444444444444444	9
3622	2007	2.875	4
3630	2007	1.8125	8
3651	2007	2.6	5
3658	2007	3.8	10
3660	2007	2.7666666666666666	15
3685	2007	3.564516129032258	31
3692	2007	2.2857142857142856	7
3709	2007	2.3823529411764706	17
3721	2007	2.25	2
3757	2007	2.9	5
3797	2007	2.6	10
3821	2007	2.4066666666666667	75
3833	2007	2.2857142857142856	14
3837	2007	3.125	8
3838	2007	2.9375	8
3839	2007	3.0	5
3840	2007	2.25	14
3848	2007	3.1666666666666665	3
3849	2007	3.55	10
3850	2007	3.3333333333333335	3
3851	2007	4.25	6
3872	2007	3.5833333333333335	6
3895	2007	2.26	25
3929	2007	4.2727272727272725	11
3937	2007	3.05	10
3938	2007	2.0	2
3941	2007	1.25	2
3946	2007	2.3333333333333335	33
3962	2007	1.8571428571428572	7
3975	2007	2.3333333333333335	9
4030	2007	2.359375	32
4073	2007	2.5	10
4089	2007	2.5833333333333335	12
4108	2007	3.4	5
4109	2007	2.3461538461538463	13
4116	2007	3.888888888888889	9
4124	2007	1.8055555555555556	54
4125	2007	1.6111111111111112	18
4186	2007	3.6666666666666665	6
4250	2007	2.3	10
4392	2007	3.676470588235294	17
4393	2007	3.9444444444444446	9
4400	2007	3.25	2
4417	2007	3.3	10
4425	2007	1.65	10
4430	2007	2.5	3
4436	2007	2.857142857142857	7
4514	2007	2.0	6
4532	2007	2.9411764705882355	17
4556	2007	2.75	2
4560	2007	2.8	5
4618	2007	2.6153846153846154	13
4632	2007	3.5	8
4656	2007	2.25	2
4669	2007	2.25	6
4689	2007	3.2222222222222223	9
4708	2007	4.3	5
4717	2007	2.6	5
4764	2007	3.0	1
4773	2007	3.75	4
4789	2007	3.4166666666666665	6
4863	2007	3.65	10
4919	2007	3.1923076923076925	13
4948	2007	2.7	5
4961	2007	2.875	12
4966	2007	3.8684210526315788	19
5042	2007	3.0555555555555554	9
3063	2007	2.5208333333333335	24
4317	2007	2.725	20
4743	2007	3.625	8
4823	2007	3.3125	104
4867	2007	2.925	40
5005	2007	3.8666666666666667	15
3824	2007	2.4347826086956523	46
3044	2007	3.641304347826087	46
3627	2007	3.5208333333333335	24
3708	2007	2.980769230769231	26
4580	2007	2.019230769230769	26
5055	2007	3.2641509433962264	53
4535	2007	3.7083333333333335	24
4696	2007	2.5	9
3066	2007	3.4863013698630136	73
4444	2007	3.4	25
3197	2007	3.3333333333333335	15
4496	2007	3.0	14
3744	2007	2.8185840707964602	113
2917	2007	3.7280701754385963	57
2919	2007	3.98	25
2969	2007	4.5	9
2970	2007	4.1875	40
3091	2007	4.084905660377358	53
3200	2007	3.857142857142857	21
3339	2007	3.7127659574468086	47
3342	2007	3.9565217391304346	23
3384	2007	3.739130434782609	23
3739	2007	4.0	12
3947	2007	3.53125	32
4349	2007	3.761904761904762	42
4644	2007	3.880952380952381	21
5022	2007	3.65	10
4628	2007	3.1176470588235294	17
5056	2007	3.9791666666666665	24
5072	2007	3.5	62
2926	2007	3.5	52
4875	2007	1.3333333333333333	9
4678	2007	3.712328767123288	73
3243	2007	2.623529411764706	85
4234	2007	3.1041666666666665	24
4728	2007	2.98728813559322	118
2622	2007	3.1325301204819276	83
2733	2007	2.5833333333333335	6
3770	2007	3.275	20
3784	2007	2.8088235294117645	34
4263	2007	3.2222222222222223	18
4804	2007	2.9285714285714284	7
4834	2007	3.1153846153846154	13
4915	2007	2.6666666666666665	21
4994	2007	3.3174603174603177	63
3041	2007	1.6111111111111112	9
3042	2007	1.5	9
3129	2007	3.511627906976744	43
4505	2007	2.7142857142857144	7
4769	2007	3.6666666666666665	6
4951	2007	3.0588235294117645	34
3127	2007	3.1315789473684212	19
4870	2007	3.25	4
4892	2007	2.8333333333333335	3
5023	2007	3.2142857142857144	7
2859	2007	3.9864864864864864	37
4557	2007	3.466666666666667	15
5012	2007	1.8846153846153846	13
3019	2007	3.918032786885246	61
4415	2007	3.3636363636363638	11
2738	2007	3.875	4
5059	2007	4.0285714285714285	35
2802	2007	2.9193548387096775	31
3181	2007	3.5166666666666666	30
3550	2007	3.1136363636363638	22
3688	2007	2.6823529411764704	85
3950	2007	3.3863636363636362	44
2721	2007	3.9444444444444446	9
3281	2007	3.857142857142857	7
4468	2007	3.7	15
4884	2007	3.9166666666666665	6
2866	2007	3.8	20
3071	2007	3.77	50
4912	2007	3.4166666666666665	18
4921	2007	3.710526315789474	19
3415	2007	4.153846153846154	26
3128	2007	3.0	6
3142	2007	3.5476190476190474	21
3508	2007	3.954081632653061	98
3761	2007	4.194444444444445	18
4000	2007	3.9047619047619047	21
4217	2007	3.8636363636363638	22
4488	2007	3.435483870967742	31
2798	2007	2.1339285714285716	56
3596	2007	2.5	6
4988	2007	3.0	1
2837	2007	4.25	2
4635	2007	2.5833333333333335	12
3365	2007	3.78	75
3441	2007	3.138888888888889	54
3487	2007	4.0	14
4329	2007	3.793103448275862	58
4710	2007	4.277777777777778	18
3046	2007	3.4583333333333335	12
3538	2007	3.3333333333333335	21
2920	2007	4.06	25
3219	2007	3.0416666666666665	24
3478	2007	3.3043478260869565	46
3446	2007	3.3125	8
2702	2007	3.2589285714285716	56
3548	2007	3.625	20
4297	2007	4.0	11
4687	2007	3.8	5
4738	2007	3.630434782608696	23
2888	2007	2.2142857142857144	14
3616	2007	2.597560975609756	41
3696	2007	3.1136363636363638	22
4162	2007	1.125	4
4227	2007	2.9	5
4723	2007	3.40625	16
4759	2007	3.3	5
4837	2007	2.75	4
4605	2007	3.433333333333333	15
2664	2007	3.63125	80
2668	2007	2.642857142857143	21
2736	2007	2.909090909090909	11
2748	2007	1.9090909090909092	22
2779	2007	3.390625	32
2786	2007	3.0	7
2787	2007	2.8	20
2796	2007	2.9347826086956523	23
2815	2007	2.68	25
2816	2007	2.0	16
2836	2007	3.2142857142857144	14
2861	2007	2.9761904761904763	21
2901	2007	3.2413793103448274	29
2922	2007	3.4545454545454546	33
3016	2007	3.306122448979592	49
3017	2007	2.4722222222222223	18
3036	2007	2.875	12
3078	2007	3.7	5
3189	2007	3.235294117647059	34
3308	2007	3.3125	8
3311	2007	4.166666666666667	6
3358	2007	3.426470588235294	34
3388	2007	2.65	50
3391	2007	2.25	22
3405	2007	4.033333333333333	15
3447	2007	3.875	8
3480	2007	3.6333333333333333	15
3509	2007	3.125	8
3682	2007	3.5392156862745097	51
3747	2007	3.4210526315789473	19
3771	2007	3.4	15
3792	2007	3.1	5
3836	2007	3.883720930232558	43
3843	2007	2.5416666666666665	12
3877	2007	2.3225806451612905	31
3919	2007	2.6041666666666665	24
3930	2007	3.323529411764706	17
4010	2007	3.0232558139534884	43
4093	2007	3.5	6
4104	2007	2.2375	40
4135	2007	3.566666666666667	15
4137	2007	2.5	3
4207	2007	2.3275862068965516	29
4255	2007	2.2589285714285716	56
4353	2007	3.6666666666666665	9
4374	2007	2.5	1
4396	2007	2.7037037037037037	54
4442	2007	2.9444444444444446	9
4443	2007	3.4	25
4476	2007	2.6363636363636362	11
4477	2007	2.5	26
4480	2007	2.875	24
4498	2007	3.260869565217391	23
4502	2007	2.1785714285714284	28
4504	2007	2.0	5
4511	2007	3.0714285714285716	7
4570	2007	2.9166666666666665	6
4574	2007	2.857142857142857	14
4583	2007	4.0	3
4593	2007	2.8	15
4617	2007	2.875	4
4629	2007	2.0	8
4630	2007	1.8888888888888888	9
4654	2007	2.5303030303030303	33
4665	2007	1.8333333333333333	12
4675	2007	2.611111111111111	9
4736	2007	2.40625	16
4761	2007	3.75	2
4957	2007	3.2	20
5001	2007	3.4444444444444446	18
5086	2007	2.8333333333333335	3
2613	2007	3.0555555555555554	18
2689	2007	2.4166666666666665	6
2844	2007	2.8125	8
2849	2007	2.875	4
3269	2007	2.873134328358209	67
3324	2007	2.361111111111111	18
3502	2007	3.5833333333333335	18
3613	2007	3.5	4
3614	2007	2.710526315789474	19
3819	2007	4.075757575757576	33
4037	2007	3.6511627906976742	43
4110	2007	3.6875	8
4127	2007	1.875	8
4471	2007	2.1	15
4585	2007	2.8461538461538463	13
2633	2007	3.140625	32
2943	2007	3.3421052631578947	19
4972	2007	2.5	4
4174	2007	3.5357142857142856	14
3989	2007	3.7045454545454546	22
2913	2007	3.5833333333333335	6
4383	2007	3.5652173913043477	46
2609	2007	3.6	5
4245	2007	4.75	2
2644	2007	3.6862745098039214	51
2875	2007	2.8392857142857144	28
2961	2007	2.8333333333333335	15
3387	2007	2.9347826086956523	23
3684	2007	3.4285714285714284	28
3817	2007	3.25	2
3871	2007	3.388888888888889	27
3093	2007	4.074074074074074	27
3310	2007	4.153846153846154	39
3987	2007	2.7419354838709675	31
4222	2007	1.8	5
4565	2007	2.238095238095238	21
2586	2007	2.1666666666666665	3
2635	2007	3.0	4
2638	2007	2.875	4
2741	2007	2.2857142857142856	7
2851	2007	2.5	8
2988	2007	3.55	10
2996	2007	3.53125	16
3021	2007	1.9375	8
3038	2007	4.0588235294117645	17
3045	2007	3.625	8
3122	2007	2.25	2
3145	2007	2.727272727272727	11
3292	2007	3.0	4
3364	2007	3.857142857142857	28
3368	2007	4.0625	8
3380	2007	3.1	5
3588	2007	3.4285714285714284	7
3644	2007	3.4166666666666665	6
4012	2007	2.7	10
4064	2007	3.2	15
4577	2007	3.264705882352941	34
4893	2007	3.0	12
4910	2007	2.8333333333333335	3
4917	2007	3.5	3
5017	2007	3.8703703703703702	27
5088	2007	3.0714285714285716	7
4646	2007	3.7058823529411766	17
4537	2007	3.4444444444444446	18
3207	2007	3.4	5
4518	2007	3.1818181818181817	11
2879	2007	3.0294117647058822	17
2880	2007	2.9166666666666665	6
3820	2007	1.3333333333333333	6
5073	2007	3.642857142857143	14
3729	2007	3.088235294117647	17
4682	2007	2.7142857142857144	28
3180	2007	2.357142857142857	7
2936	2007	4.017241379310345	29
3691	2007	2.1875	8
4495	2007	3.638888888888889	18
2932	2007	3.8125	32
3223	2007	3.5	17
2956	2007	2.909090909090909	11
3338	2007	3.875	8
3734	2007	3.0	11
4043	2007	3.4545454545454546	11
4391	2007	3.625	8
4670	2007	3.090909090909091	11
3529	2007	3.35	20
4709	2007	2.75	10
3553	2007	2.891304347826087	23
3944	2007	1.75	6
4166	2007	3.6842105263157894	19
3678	2007	3.25	6
3789	2007	3.7916666666666665	12
3880	2007	2.5	2
4733	2007	3.127906976744186	43
5092	2007	2.5833333333333335	24
4302	2007	3.25	2
4231	2007	3.2708333333333335	24
4856	2007	4.5	3
2677	2007	3.933333333333333	75
3715	2007	1.7777777777777777	9
3746	2007	3.888888888888889	9
3885	2007	3.3333333333333335	6
4160	2007	4.0	5
4332	2007	3.3125	8
4798	2007	3.55	10
3486	2007	2.1666666666666665	3
2950	2007	2.5060975609756095	82
3266	2007	3.9	45
3377	2007	3.6666666666666665	3
3896	2007	3.4342105263157894	38
3966	2007	4.25	8
4203	2007	3.433333333333333	15
4322	2007	3.7439024390243905	41
4385	2007	3.25	2
5068	2007	3.7916666666666665	12
2886	2007	2.090909090909091	11
3287	2007	3.0588235294117645	17
3775	2007	2.8	5
2597	2007	1.25	4
4190	2007	3.7222222222222223	18
4845	2007	1.880952380952381	21
3813	2007	3.9210526315789473	19
4408	2007	3.6666666666666665	6
4409	2007	3.7857142857142856	7
5058	2007	3.2777777777777777	9
4539	2007	2.0	2
4021	2007	3.8703703703703702	27
3437	2007	2.0	5
4068	2007	3.142857142857143	14
5081	2007	3.0576923076923075	26
4303	2007	3.5	4
4555	2007	3.8125	16
4765	2007	3.590909090909091	11
4024	2007	3.7142857142857144	7
2800	2007	3.1	5
2874	2007	3.6	5
3061	2007	3.710526315789474	19
3594	2007	3.3548387096774195	31
4619	2007	2.6538461538461537	13
3634	2007	3.8333333333333335	15
4435	2007	3.6666666666666665	6
4907	2007	3.1666666666666665	9
3564	2007	1.8	35
2602	2007	3.0	5
2634	2007	3.0	10
2649	2007	3.5714285714285716	7
2651	2007	2.9285714285714284	7
2654	2007	3.7333333333333334	15
2661	2007	3.9166666666666665	6
2767	2007	2.6666666666666665	3
2931	2007	4.409090909090909	11
2939	2007	3.3846153846153846	13
3125	2007	3.5	15
3291	2007	0.75	2
3370	2007	2.9	5
3413	2007	3.0	7
3427	2007	2.84375	16
3472	2007	3.4375	8
3475	2007	3.85	20
3519	2007	3.033333333333333	15
3537	2007	3.142857142857143	7
3546	2007	3.82	25
3587	2007	3.5	9
3640	2007	3.3636363636363638	11
3823	2007	3.65	10
3906	2007	3.2083333333333335	12
3955	2007	2.239130434782609	23
3965	2007	4.285714285714286	7
4065	2007	2.8636363636363638	11
4083	2007	2.75	4
4098	2007	4.083333333333333	6
4179	2007	4.125	4
4267	2007	2.793103448275862	29
4283	2007	3.6666666666666665	12
4330	2007	4.25	6
4371	2007	2.75	10
4395	2007	3.7777777777777777	9
4401	2007	3.7857142857142856	7
4407	2007	3.793103448275862	29
4410	2007	3.125	20
4419	2007	4.233333333333333	15
4431	2007	4.333333333333333	3
4433	2007	4.111111111111111	9
4479	2007	3.526315789473684	19
4500	2007	3.45	20
4547	2007	4.0	1
4586	2007	3.7142857142857144	7
4594	2007	3.5	2
4599	2007	3.1842105263157894	19
4661	2007	3.4545454545454546	33
4786	2007	3.2857142857142856	7
4811	2007	3.5	22
4930	2007	4.0625	8
4965	2007	3.2777777777777777	9
4968	2007	3.0	1
5007	2007	3.35	10
5031	2007	3.0	3
5063	2007	3.25	6
5078	2007	2.7142857142857144	7
2660	2007	3.7	25
3171	2007	4.2	5
3344	2007	2.5625	8
3402	2007	3.5	2
3423	2007	2.9285714285714284	7
3539	2007	3.3636363636363638	11
4063	2007	2.75	10
4197	2007	4.1	5
4486	2007	3.5833333333333335	6
4607	2007	2.75	4
4692	2007	2.7	10
4779	2007	3.5	6
4805	2007	3.6666666666666665	3
4831	2007	1.9285714285714286	7
4970	2007	3.7884615384615383	26
3939	2007	1.3333333333333333	3
3945	2007	1.2222222222222223	18
4154	2007	2.388888888888889	9
4398	2007	1.35	10
4483	2007	2.0952380952380953	21
3568	2007	2.875	4
3943	2007	3.210526315789474	19
4301	2007	2.75	2
3936	2007	3.3055555555555554	18
4173	2007	5.0	2
2670	2007	4.15625	16
3816	2007	3.75	12
4341	2007	2.25	6
4452	2007	2.9545454545454546	22
3094	2007	3.875	12
4216	2007	3.625	8
4342	2007	3.75	10
3915	2007	3.5588235294117645	17
3689	2007	2.25	22
3690	2007	2.2941176470588234	17
2894	2007	2.8461538461538463	13
4541	2007	3.369565217391304	23
2737	2007	1.5	4
4209	2007	2.8333333333333335	3
4053	2007	2.0	9
4153	2007	2.466666666666667	15
4698	2007	1.0	1
4715	2007	2.0	3
4061	2007	3.5	34
4497	2007	2.3636363636363638	11
5032	2007	2.7	5
4900	2007	3.05	10
4067	2007	3.05	10
2614	2007	2.1875	8
4335	2007	2.7	5
2765	2007	3.875	8
3004	2007	2.391891891891892	37
2632	2007	3.8	5
4375	2007	3.6666666666666665	3
2937	2007	4.153846153846154	13
3029	2007	2.8333333333333335	6
3165	2007	2.25	8
3389	2007	2.0	2
3390	2007	2.1	10
3467	2007	3.8	25
3645	2007	4.5	8
3716	2007	1.9285714285714286	7
3764	2007	3.0	12
3766	2007	2.225	20
3768	2007	2.3125	8
3928	2007	3.7	10
4099	2007	1.375	4
4320	2007	2.875	8
4397	2007	1.9705882352941178	34
4441	2007	2.966666666666667	15
4528	2007	2.0	1
4534	2007	2.857142857142857	7
4542	2007	2.0	1
4543	2007	2.75	8
4548	2007	3.0	1
4551	2007	1.8888888888888888	9
4597	2007	2.8333333333333335	9
4613	2007	2.411764705882353	17
4620	2007	2.375	12
4651	2007	2.0	2
4806	2007	4.269230769230769	13
4812	2007	2.8333333333333335	24
4947	2007	3.2142857142857144	7
4949	2007	2.269230769230769	13
4950	2007	2.7142857142857144	7
4956	2007	3.727272727272727	11
4986	2007	2.1666666666666665	6
2801	2007	2.65	10
3350	2007	3.823529411764706	17
4136	2007	4.333333333333333	3
2704	2007	3.8333333333333335	3
2893	2007	2.8333333333333335	6
3137	2007	3.3333333333333335	6
3276	2007	2.8	5
3320	2007	3.65	10
3403	2007	2.625	4
3584	2007	2.875	8
3777	2007	3.2777777777777777	9
4289	2007	3.7142857142857144	7
4307	2007	2.75	2
4429	2007	3.9375	16
4439	2007	3.5454545454545454	11
4521	2007	2.8333333333333335	6
4562	2007	3.75	12
4591	2007	3.0	13
4828	2007	3.2857142857142856	7
4830	2007	3.3125	16
4981	2007	3.4285714285714284	7
4996	2007	3.5	17
5002	2007	3.111111111111111	9
2946	2007	3.62	25
3055	2007	3.642857142857143	7
3230	2007	3.5833333333333335	6
3282	2007	3.625	4
4636	2007	2.4318181818181817	22
4278	2007	4.0	16
3182	2007	3.5833333333333335	12
3609	2007	3.3333333333333335	6
4274	2007	3.4166666666666665	18
2685	2007	5.0	1
4416	2007	3.25	4
4998	2007	4.045454545454546	11
4999	2007	3.8333333333333335	12
5075	2007	3.8333333333333335	6
3375	2007	2.8	5
2769	2007	2.75	18
3177	2007	2.923076923076923	26
4286	2007	3.5	3
3951	2007	3.75	2
4451	2007	3.3333333333333335	6
2876	2007	2.2857142857142856	7
2899	2007	2.8	10
3400	2007	2.7222222222222223	9
3511	2007	2.4545454545454546	11
3661	2007	2.45	10
3662	2007	2.25	8
3663	2007	2.142857142857143	7
3664	2007	2.0	5
3673	2007	2.0625	8
3674	2007	2.4285714285714284	7
3759	2007	3.0	4
3956	2007	2.375	12
4090	2007	3.4107142857142856	28
4266	2007	2.5833333333333335	6
4568	2007	2.272727272727273	11
4683	2007	2.2857142857142856	14
4756	2007	2.6136363636363638	22
4991	2007	2.642857142857143	7
4204	2007	2.0833333333333335	6
4463	2007	3.0	2
4589	2007	3.1363636363636362	11
2691	2007	3.725	20
2898	2007	3.0833333333333335	12
4389	2007	3.1666666666666665	15
4862	2007	2.9545454545454546	11
4802	2007	3.473684210526316	19
2964	2007	3.0714285714285716	7
3150	2007	4.0	7
3808	2007	3.4166666666666665	6
3920	2007	3.9444444444444446	9
4176	2007	3.8125	8
4077	2007	3.7666666666666666	15
4175	2007	3.3125	8
4158	2007	1.967741935483871	31
2887	2007	1.6666666666666667	9
2821	2007	3.75	2
3236	2007	1.75	2
3293	2007	2.5	1
3294	2007	2.4166666666666665	6
3542	2007	2.25	2
3560	2007	3.6	5
3803	2007	2.6666666666666665	3
4768	2007	3.7	5
4905	2007	2.5	3
5043	2007	1.5	3
5084	2007	2.5	3
4721	2007	2.3461538461538463	13
4891	2007	1.75	2
4345	2007	3.230769230769231	26
4783	2007	4.029411764705882	17
3169	2007	3.526315789473684	19
3855	2007	4.038461538461538	13
4312	2007	3.9285714285714284	7
4424	2007	3.8181818181818183	11
4523	2007	3.8125	16
4801	2007	4.0	10
3589	2007	1.6666666666666667	3
4183	2007	4.0	7
3873	2007	3.289473684210526	19
2630	2007	3.5	3
3694	2007	2.4375	8
3695	2007	1.625	8
3575	2007	3.5	1
3903	2007	3.0	4
2734	2007	3.3275862068965516	29
2978	2007	2.3461538461538463	13
3325	2007	2.607142857142857	14
4782	2007	3.2222222222222223	9
3562	2007	2.25	4
4473	2007	4.071428571428571	7
4662	2007	3.217391304347826	23
5046	2007	3.108695652173913	23
2584	2007	0.5	1
2631	2007	0.6666666666666666	3
2751	2007	3.0	5
2754	2007	1.0	2
2777	2007	0.75	2
2814	2007	1.625	4
2818	2007	1.5	8
2820	2007	3.9285714285714284	7
2835	2007	2.0	7
2854	2007	1.0	2
2856	2007	2.5	4
2868	2007	2.2142857142857144	7
2909	2007	0.75	2
2955	2007	1.0	4
2974	2007	1.3421052631578947	19
2977	2007	2.7857142857142856	7
2979	2007	2.2	5
2982	2007	1.0	3
3001	2007	0.5	2
3026	2007	0.5	1
3027	2007	1.6666666666666667	3
3058	2007	1.0	2
3073	2007	3.5	4
3130	2007	2.54	25
3135	2007	3.9	15
3141	2007	3.0	7
3149	2007	1.3333333333333333	3
3151	2007	2.0	3
3154	2007	3.8333333333333335	3
3166	2007	2.1666666666666665	3
3225	2007	1.9666666666666666	15
3280	2007	1.5	5
3286	2007	2.1052631578947367	19
3288	2007	1.25	2
3299	2007	2.7142857142857144	14
3313	2007	1.5	2
3315	2007	1.5	2
3322	2007	1.125	4
3340	2007	1.25	6
3343	2007	1.75	6
3346	2007	1.8333333333333333	3
3392	2007	2.3125	24
3393	2007	0.8333333333333334	3
3394	2007	2.6739130434782608	23
3401	2007	1.6875	8
3431	2007	2.3636363636363638	11
3433	2007	2.0625	8
3442	2007	2.5	5
3443	2007	1.9	5
3455	2007	1.5	2
3457	2007	3.142857142857143	7
3458	2007	2.0	2
3463	2007	1.1666666666666667	3
3464	2007	1.0	2
3488	2007	1.0	2
3516	2007	3.275	20
3520	2007	1.25	2
3549	2007	3.6470588235294117	34
3580	2007	3.75	2
3595	2007	0.5	1
3600	2007	2.0	7
3601	2007	3.75	2
3602	2007	1.5	2
3603	2007	2.0	3
3607	2007	3.25	4
3628	2007	3.625	4
3642	2007	3.0	3
3643	2007	3.125	4
3665	2007	2.1	5
3666	2007	0.5	1
3667	2007	2.0	2
3722	2007	2.5833333333333335	6
3743	2007	2.5	10
3762	2007	1.6666666666666667	3
3765	2007	3.4285714285714284	7
3774	2007	2.4545454545454546	11
3778	2007	3.3333333333333335	3
3804	2007	1.5	5
3818	2007	3.0	2
3834	2007	1.9	5
3847	2007	2.6666666666666665	9
3912	2007	1.5	6
3921	2007	1.8333333333333333	3
3922	2007	2.0	3
3931	2007	1.25	2
3940	2007	0.5	1
3942	2007	0.875	4
3958	2007	2.5	3
3960	2007	3.6666666666666665	3
4044	2007	1.7142857142857142	7
4051	2007	1.7142857142857142	7
4059	2007	2.375	4
4081	2007	2.5	5
4096	2007	1.5	5
4100	2007	2.0	4
4114	2007	5.0	1
4120	2007	0.5	1
4138	2007	0.5	1
4156	2007	1.625	4
4163	2007	1.5	3
4213	2007	2.0	5
4268	2007	1.8125	8
4281	2007	3.1666666666666665	3
4295	2007	2.2	5
4311	2007	0.5	2
4323	2007	3.75	6
4346	2007	2.125	4
4363	2007	3.3333333333333335	6
4379	2007	0.5	1
4394	2007	2.125	4
4402	2007	1.6666666666666667	3
4412	2007	1.8333333333333333	3
4413	2007	1.5	3
4421	2007	1.6666666666666667	3
4460	2007	1.25	2
4461	2007	1.8333333333333333	3
4469	2007	4.0	6
4472	2007	1.9	5
4490	2007	1.5	2
4507	2007	1.0	3
4569	2007	1.6428571428571428	7
4576	2007	1.5	4
4582	2007	2.25	4
4584	2007	2.0	10
4588	2007	0.5	1
4592	2007	1.25	2
4598	2007	1.5	4
4603	2007	2.3125	8
4659	2007	3.8	5
4684	2007	2.875	4
4691	2007	1.5	3
4704	2007	3.7916666666666665	12
4781	2007	2.2	5
4796	2007	3.4285714285714284	7
4807	2007	0.75	2
4818	2007	2.75	2
4827	2007	1.8333333333333333	6
4839	2007	0.625	4
4854	2007	2.0	4
4897	2007	2.0	3
4909	2007	2.357142857142857	7
4918	2007	3.4285714285714284	7
4931	2007	2.857142857142857	7
4943	2007	2.25	6
4982	2007	2.375	4
4983	2007	5.0	1
4985	2007	1.9545454545454546	11
4989	2007	2.5	27
5029	2007	3.75	2
5045	2007	2.0	6
5050	2007	0.75	2
5053	2007	2.2142857142857144	14
5089	2007	2.0	2
4997	2007	3.0	7
3378	2007	2.9	5
4509	2007	3.3260869565217392	23
2639	2007	3.227272727272727	11
4157	2007	3.75	4
3515	2007	3.3214285714285716	14
4711	2007	3.75	6
3049	2007	3.2	5
4331	2007	2.875	4
3518	2007	3.090909090909091	11
4955	2007	2.375	4
4731	2007	3.75	4
3728	2007	4.0	9
4313	2007	2.9	15
4074	2007	3.0	3
4140	2007	3.5	2
4600	2007	2.642857142857143	7
4822	2007	3.0	6
4229	2007	2.2916666666666665	12
3024	2007	2.5	16
4559	2007	2.85	10
4178	2007	3.75	26
4573	2007	2.9166666666666665	6
3116	2007	3.5	1
4237	2007	4.125	12
3345	2007	3.5	4
2848	2007	3.9375	8
2984	2007	3.5	3
3090	2007	4.25	16
3188	2007	2.75	2
3221	2007	3.9615384615384617	13
3232	2007	3.6666666666666665	12
3371	2007	3.9166666666666665	6
3637	2007	3.875	4
3655	2007	3.4375	8
4405	2007	3.533333333333333	15
4428	2007	3.2	10
4615	2007	3.6	5
4627	2007	3.375	4
4578	2007	3.25	12
5091	2007	3.5625	8
2853	2007	2.8333333333333335	3
2900	2007	3.1666666666666665	9
3013	2007	3.0555555555555554	9
3351	2007	2.6	5
3650	2007	3.625	4
3772	2007	2.75	2
3875	2007	3.375	8
4009	2007	3.735294117647059	17
4697	2007	2.6153846153846154	13
3901	2007	2.5357142857142856	14
3216	2007	2.625	8
3283	2007	3.25	6
2784	2007	3.0	8
2758	2007	2.0	2
5048	2007	2.138888888888889	18
2831	2007	3.0	1
3143	2007	3.25	2
3641	2007	2.6666666666666665	3
4403	2007	3.2142857142857144	7
4261	2007	3.0	5
2656	2007	3.1	5
3426	2007	3.261904761904762	21
3491	2007	2.25	4
4934	2007	2.35	10
2766	2007	2.8333333333333335	3
3124	2007	2.8	5
3533	2007	3.5	3
3862	2007	3.0	12
4729	2007	3.875	4
3711	2007	3.0	1
4877	2007	3.5	3
2897	2007	3.4375	8
2933	2007	4.25	4
3140	2007	4.25	4
4690	2007	3.2142857142857144	14
4716	2007	3.6	5
4777	2007	2.25	4
4926	2007	1.8333333333333333	3
4785	2007	3.8076923076923075	13
3500	2007	2.75	4
5039	2007	3.3055555555555554	18
4939	2007	3.0	13
3425	2007	3.590909090909091	11
3367	2007	2.5714285714285716	7
4524	2007	3.0714285714285716	7
4916	2007	3.642857142857143	14
4685	2007	3.0	6
4850	2007	2.8333333333333335	15
2650	2007	3.3333333333333335	3
4766	2007	3.75	2
3139	2007	2.5	3
3605	2007	3.75	2
3117	2007	3.2222222222222223	9
3133	2007	4.5	3
4028	2007	3.5	3
3245	2007	3.75	4
3336	2007	2.5	3
2842	2007	2.857142857142857	7
2914	2007	2.0	3
3051	2007	2.857142857142857	14
3830	2007	2.5	9
3974	2007	2.6	5
4126	2007	3.0454545454545454	11
4287	2007	2.8125	8
4221	2007	3.0	10
4475	2007	3.75	6
4604	2007	1.75	2
3714	2007	2.5	2
4141	2007	2.3214285714285716	14
3333	2007	3.5	2
3449	2007	2.75	2
4097	2007	3.0	4
4273	2007	3.5714285714285716	7
4778	2007	3.75	2
4680	2007	2.6666666666666665	6
3857	2007	2.4444444444444446	9
4277	2007	3.0833333333333335	6
4399	2007	3.5	9
4581	2007	2.25	2
4595	2007	3.0833333333333335	6
4631	2007	3.0	2
4377	2007	3.0	3
4864	2007	2.25	2
2775	2007	3.0	2
3144	2007	2.8	5
4590	2007	3.375	4
3120	2007	2.5	12
3417	2007	3.388888888888889	9
3832	2007	3.5	7
3914	2007	3.111111111111111	9
5024	2007	3.25	2
4003	2007	2.5	10
4079	2007	3.0	17
4740	2007	3.0714285714285716	7
3894	2007	3.4	5
4151	2007	3.466666666666667	15
4793	2007	3.25	4
3385	2007	2.611111111111111	9
2891	2007	3.323529411764706	17
2781	2007	3.3	5
3886	2007	3.875	4
4634	2007	3.5	5
4791	2007	3.5	5
4050	2007	4.25	2
4348	2007	3.125	4
4929	2007	2.3	15
5038	2007	3.6363636363636362	11
4933	2007	3.5	2
3314	2007	2.75	4
3579	2007	2.75	2
2742	2007	3.0	3
3881	2007	4.0	2
4517	2007	3.3333333333333335	6
2711	2007	3.5	3
2885	2007	2.9	5
3414	2007	4.0	3
4060	2007	3.125	4
4122	2007	3.0833333333333335	6
2679	2007	5.0	1
2680	2007	5.0	1
4722	2007	3.857142857142857	7
3466	2007	3.0	11
4841	2007	2.75	4
3795	2007	3.1	5
3773	2007	2.9642857142857144	14
2625	2007	3.1	10
2669	2007	3.375	4
2954	2007	3.1666666666666665	3
4923	2007	3.375	4
2774	2007	3.5833333333333335	6
3295	2007	3.4444444444444446	9
4655	2007	4.25	2
2629	2007	2.4285714285714284	7
2813	2007	5.0	1
4847	2007	3.3333333333333335	9
3115	2007	2.875	8
3597	2007	2.8333333333333335	9
3846	2007	2.4166666666666665	6
3934	2007	3.1666666666666665	3
4938	2007	2.8333333333333335	3
3238	2007	2.5	9
3119	2007	3.75	4
2785	2007	3.375	4
3199	2007	2.9	5
3215	2007	3.0	2
3395	2007	2.5	5
3610	2007	2.5	2
3657	2007	3.5	2
3756	2007	2.9166666666666665	6
4046	2007	3.7857142857142856	7
4177	2007	2.3333333333333335	3
4185	2007	2.75	4
4648	2007	2.0	1
5057	2007	2.6666666666666665	3
5079	2007	3.1666666666666665	3
4182	2007	4.0	2
5071	2007	3.1666666666666665	6
4130	2007	2.5454545454545454	11
4219	2007	3.0	13
4663	2007	2.8333333333333335	3
4836	2007	3.5	3
4772	2007	3.8	5
2652	2007	3.357142857142857	7
3790	2007	3.25	2
4671	2007	3.3333333333333335	3
3523	2007	3.0	2
2589	2007	1.375	4
2715	2007	2.5	3
3065	2007	2.8333333333333335	3
3123	2007	3.5	1
3279	2007	2.75	2
3781	2007	3.0	5
3782	2007	4.0	3
4171	2007	2.25	2
4315	2007	1.5	1
2999	2007	2.3333333333333335	3
2882	2007	3.1666666666666665	12
3003	2007	3.6	5
4871	2007	3.25	6
2756	2007	3.0	3
3031	2007	1.875	8
3057	2007	3.5	1
3669	2007	2.5	10
3806	2007	3.3333333333333335	3
3807	2007	2.8333333333333335	9
3810	2007	3.0	4
4106	2007	3.0	2
4561	2007	2.1666666666666665	3
4601	2007	3.0	1
4609	2007	3.25	8
4611	2007	2.8	5
4637	2007	1.75	6
4751	2007	2.0	3
4454	2007	4.333333333333333	3
2646	2007	3.2	5
2653	2007	2.8333333333333335	3
2666	2007	3.0	2
2684	2007	3.5	2
2744	2007	2.75	2
3109	2007	2.5	5
3184	2007	2.0	1
3737	2007	3.7	5
3923	2007	2.3333333333333335	3
4145	2007	2.0	1
4319	2007	2.5	3
4328	2007	2.6	5
4522	2007	3.1666666666666665	3
4288	2007	1.5	1
2757	2007	3.6666666666666665	9
5061	2007	3.0	2
3982	2007	3.5	3
3331	2007	2.375	4
3454	2007	2.4285714285714284	7
3845	2007	3.2142857142857144	7
4202	2007	2.625	4
4752	2007	2.7	5
2590	2007	2.8333333333333335	12
2667	2007	2.5	3
2674	2007	2.5	5
2749	2007	3.125	4
2752	2007	2.6875	8
2809	2007	2.125	4
2834	2007	3.0	1
2845	2007	3.0	2
2855	2007	2.5	3
2884	2007	3.125	4
3162	2007	2.25	2
3239	2007	2.25	2
3240	2007	2.1666666666666665	3
3719	2007	3.0	5
3859	2007	3.1666666666666665	6
3867	2007	3.0	2
3891	2007	2.5	1
4087	2007	3.0	2
4196	2007	2.75	2
4520	2007	2.5	12
4527	2007	3.0	2
4550	2007	3.25	2
4622	2007	2.75	10
4650	2007	3.0	2
4813	2007	3.3333333333333335	12
4895	2007	2.625	4
4937	2007	2.125	4
4960	2007	4.5	1
4962	2007	2.5	3
3453	2007	1.9375	8
3776	2007	3.6	5
3954	2007	2.0	1
5000	2007	4.125	4
3112	2007	3.4	5
3590	2007	3.0	2
4282	2007	2.9615384615384617	13
4935	2007	4.0	3
3506	2007	3.5833333333333335	6
3748	2007	5.0	1
4869	2007	3.0	1
3329	2007	3.6875	8
4271	2007	3.5	4
4883	2007	3.5	3
4977	2007	3.9583333333333335	12
2911	2007	4.0	1
4825	2007	3.25	2
4453	2007	2.9	5
3309	2007	3.4166666666666665	6
3326	2007	2.8333333333333335	3
4525	2007	1.5	1
4746	2007	2.25	2
2938	2007	4.3	5
3015	2007	3.375	8
2708	2007	3.8333333333333335	6
3241	2007	3.5	3
3302	2007	3.75	2
4152	2007	3.75	8
4252	2007	3.5	7
4484	2007	3.7857142857142856	7
2768	2007	3.5	2
2823	2007	4.0	2
3636	2007	5.0	1
3866	2007	3.6666666666666665	3
4418	2007	3.3333333333333335	3
3926	2007	3.5	3
2608	2007	3.5	1
5085	2007	3.8333333333333335	3
2615	2007	3.1	5
4115	2007	2.25	4
2928	2007	3.5714285714285716	7
3025	2007	3.0	2
3126	2007	2.75	2
3874	2007	3.25	2
4360	2007	2.9	5
4376	2007	3.8333333333333335	3
4512	2007	2.3333333333333335	3
2725	2007	3.625	4
3876	2007	4.0	1
4633	2007	4.0	6
4072	2007	4.166666666666667	3
4575	2007	3.0	3
3069	2007	3.5	4
3284	2007	3.1666666666666665	6
4201	2007	3.1666666666666665	3
4503	2007	2.25	2
2727	2007	2.8846153846153846	13
3904	2007	1.5	1
3913	2007	3.25	2
3567	2007	2.8333333333333335	3
3118	2007	3.5	3
3611	2007	3.1666666666666665	3
4491	2007	3.0	2
4829	2007	3.1666666666666665	3
3585	2007	2.875	4
4189	2007	2.875	4
4838	2007	3.5	1
4925	2007	3.0	2
2695	2007	3.75	2
4362	2007	2.5	1
3620	2007	3.3333333333333335	3
4013	2007	2.5	1
5020	2007	3.25	2
5030	2007	2.25	2
3888	2007	3.0	2
3900	2007	3.0	4
4739	2007	2.0	1
3131	2007	3.0	1
3522	2007	3.8333333333333335	3
4964	2007	4.0	3
3056	2007	2.75	4
3407	2007	3.5	1
4737	2007	3.1	5
2697	2007	3.5	2
2773	2007	4.0	1
3086	2007	2.75	6
4300	2007	3.7142857142857144	7
4800	2007	4.5	2
2892	2007	4.5	1
3805	2007	2.6666666666666665	3
3192	2007	3.0	1
2833	2007	2.75	2
3749	2007	1.75	2
2626	2007	3.9	5
3631	2007	3.8333333333333335	3
3829	2007	2.375	4
4314	2007	3.25	2
4702	2007	2.5	1
4608	2007	2.75	2
4078	2007	4.0	2
3659	2007	3.875	4
4206	2007	3.625	4
2592	2007	3.0	2
4269	2007	2.3333333333333335	3
3796	2007	3.8333333333333335	3
4824	2007	2.0	2
3497	2007	2.875	4
3883	2007	1.75	2
4316	2007	2.7	5
4860	2007	1.25	2
4165	2007	2.75	4
2682	2007	4.0	5
4113	2007	3.4	5
3183	2007	3.25	2
3474	2007	1.75	2
4111	2007	2.5833333333333335	6
3899	2007	3.5	1
4780	2007	3.5	3
2839	2007	3.5	1
2869	2007	4.0	1
4666	2007	2.8333333333333335	3
4668	2007	4.5	3
5077	2007	4.0	4
4075	2007	1.0	1
2659	2007	2.625	4
4358	2007	3.3333333333333335	3
4449	2007	4.5	1
4760	2007	3.0	1
3436	2007	2.4	5
5090	2007	3.25	4
2755	2007	2.875	4
3048	2007	2.375	4
3586	2007	3.0	3
4180	2007	2.5	3
4516	2007	2.0	3
4540	2007	1.75	2
3323	2007	2.7	5
3884	2007	1.8333333333333333	3
4249	2007	1.75	2
4549	2007	2.5	1
4657	2007	3.0	2
4724	2007	4.0	1
2673	2007	3.0	1
4150	2007	2.0	1
4653	2007	4.0	1
4790	2007	2.8333333333333335	3
2958	2007	4.5	1
4057	2007	1.0	1
5018	2007	2.3333333333333335	3
3059	2007	2.5	2
3220	2007	3.1666666666666665	3
3460	2007	2.5	2
3687	2007	2.75	2
3878	2007	3.0	3
4088	2007	3.5	2
4279	2007	3.6666666666666665	3
4538	2007	3.3333333333333335	3
4554	2007	2.5	3
4913	2007	2.75	2
3495	2007	4.25	2
2705	2007	4.0	1
4244	2007	4.0	3
3530	2007	3.0	1
4192	2007	2.375	4
3172	2007	2.5	2
4324	2007	2.75	2
4753	2007	3.0	2
4987	2007	2.375	4
2595	2007	3.25	2
2636	2007	2.75	2
2637	2007	3.25	2
2647	2007	3.75	4
3870	2007	3.5	3
3353	2007	3.0	2
4434	2007	3.5	3
4817	2007	4.0	2
4236	2007	3.25	4
4894	2007	1.5	3
4118	2007	2.0	1
2601	2007	4.5	1
3531	2007	1.75	2
4858	2007	3.25	2
4861	2007	3.0	1
3473	2007	3.0	1
3228	2007	1.0	1
3625	2007	3.75	2
4094	2007	2.5	3
4940	2007	2.6666666666666665	3
2627	2007	3.0	1
2703	2007	3.0	1
2824	2007	5.0	1
2830	2007	5.0	1
2963	2007	2.0	1
2981	2007	1.5	2
2994	2007	3.6666666666666665	3
3106	2007	3.0	1
3110	2007	3.1666666666666665	3
3212	2007	2.75	2
3222	2007	4.75	2
3318	2007	3.0	1
3374	2007	3.0	1
3514	2007	4.0	1
3570	2007	2.0	1
3902	2007	2.0	1
3957	2007	2.1666666666666665	3
4032	2007	3.0	1
4048	2007	3.0	2
4112	2007	3.0	1
4129	2007	2.0	1
4253	2007	3.0	1
4258	2007	3.0	1
4384	2007	3.0	1
4481	2007	4.0	1
4510	2007	1.0	1
4513	2007	3.0	1
4579	2007	2.0	1
4596	2007	2.25	2
4606	2007	2.0	1
4647	2007	2.0	1
4694	2007	2.0	1
4707	2007	2.25	2
4763	2007	3.25	2
4810	2007	3.0	3
4832	2007	2.25	2
4859	2007	2.25	2
4924	2007	2.5	2
5044	2007	2.5	3
4352	2007	3.25	4
3136	2007	3.25	2
3335	2007	1.25	2
2663	2007	2.75	2
2665	2007	3.5	3
2895	2007	2.5	2
2923	2007	2.5	1
3138	2007	2.25	2
3218	2007	2.5	2
3465	2007	1.5	1
3971	2007	2.0	2
4026	2007	2.5	2
4038	2007	3.5	2
4530	2007	2.5	1
4953	2007	2.25	2
5037	2007	2.5	2
2623	2007	2.0	1
3231	2007	2.5	1
3297	2007	3.25	2
3485	2007	3.5	2
5019	2007	1.5	2
2998	2007	3.5	1
4045	2007	3.25	2
2740	2007	2.5	1
5003	2007	2.25	2
2864	2007	4.0	1
3411	2007	2.75	2
5035	2007	2.75	2
3670	2007	3.25	2
4922	2007	3.25	2
4309	2007	4.0	1
4193	2007	2.5	1
4172	2007	4.0	1
4445	2007	1.0	1
4952	2007	2.0	2
4819	2007	3.5	2
2957	2007	4.5	1
3023	2007	4.0	1
3195	2007	4.0	1
3540	2007	5.0	1
2591	2007	3.5	1
2658	2007	2.0	1
2753	2007	3.0	1
2896	2007	2.5	1
2904	2007	4.0	1
2934	2007	3.0	1
2945	2007	3.0	1
3047	2007	3.5	1
3132	2007	4.0	1
3164	2007	2.5	1
3170	2007	2.5	1
3209	2007	2.5	1
3229	2007	3.25	2
3233	2007	3.0	1
3234	2007	3.0	1
3312	2007	2.0	1
3332	2007	2.5	1
3337	2007	3.0	1
3348	2007	2.0	1
3349	2007	3.0	1
3369	2007	3.0	1
3373	2007	2.0	1
3376	2007	3.0	1
3382	2007	3.0	1
3383	2007	2.0	1
3419	2007	3.0	1
3428	2007	3.25	2
3493	2007	1.5	1
3558	2007	2.0	1
3583	2007	3.0	1
3612	2007	3.0	1
3656	2007	3.0	1
3779	2007	1.5	1
3780	2007	3.0	1
3924	2007	4.0	1
4049	2007	3.0	2
4284	2007	3.0	1
4457	2007	3.0	1
4797	2007	2.5	1
4906	2007	1.5	1
4984	2007	4.0	1
4755	2007	3.5	1
2825	2007	3.0	1
2610	2007	4.5	1
3319	2007	3.5	1