8533	2007	3.834862385321101	218
8836	2007	3.3974358974358974	39
8916	2007	3.3207547169811322	53
8965	2007	3.1363636363636362	110
30749	2007	4.075	680
31685	2007	3.442105263157895	285
31696	2007	3.2359375	320
33085	2007	2.8636363636363638	66
33145	2007	3.225	40
33615	2007	3.357142857142857	266
33646	2007	2.960227272727273	88
37720	2007	3.2967032967032965	91
39231	2007	3.144628099173554	121
40614	2007	3.0609756097560976	82
41571	2007	3.566265060240964	166
41573	2007	3.11340206185567	97
45447	2007	3.0381026438569205	643
45668	2007	3.295620437956204	137
45672	2007	3.066390041493776	241
46578	2007	3.9934003771213074	1591
47099	2007	3.731372549019608	510
47950	2007	3.115107913669065	139
47970	2007	3.2318840579710146	138
8400	2007	4.333333333333333	3
9005	2007	3.2083333333333335	12
26203	2007	3.3333333333333335	12
26285	2007	3.3974358974358974	39
26554	2007	3.5714285714285716	42
27904	2007	3.7038369304556356	417
34405	2007	3.9414335664335662	572
37729	2007	3.5816901408450703	355
38038	2007	3.6670378619153676	449
44191	2007	3.8371647509578546	1305
44694	2007	3.827625570776256	438
46976	2007	3.913774403470716	922
48774	2007	3.9208160442600275	1446
49272	2007	3.863684771033014	1878
50872	2007	4.004601226993865	652
8154	2007	4.030120481927711	83
8622	2007	3.4679802955665027	609
26131	2007	4.043478260869565	115
27456	2007	3.484848484848485	33
27812	2007	3.28125	16
33679	2007	3.1654991243432575	571
36517	2007	3.7671641791044777	335
42197	2007	3.6736842105263157	95
49822	2007	3.453379953379953	429
8810	2007	2.5625	248
8830	2007	2.024390243902439	41
30883	2007	2.0454545454545454	22
31429	2007	3.28125	16
32296	2007	2.375	64
39400	2007	2.0357142857142856	42
42009	2007	2.282608695652174	46
43558	2007	2.0652173913043477	46
43904	2007	2.5303030303030303	33
43919	2007	1.6896551724137931	87
43936	2007	3.308988764044944	178
44004	2007	2.789473684210526	95
44397	2007	2.95	120
45081	2007	3.1298701298701297	154
45720	2007	3.375	496
45726	2007	2.8157894736842106	152
46335	2007	2.54	125
48385	2007	3.6045051698670605	1354
51662	2007	3.756051437216339	1322
51937	2007	2.140625	64
54286	2007	3.985515643105446	863
8142	2007	2.9375	8
8368	2007	3.675438596491228	855
8464	2007	3.625	616
8665	2007	3.794930875576037	868
8807	2007	3.492822966507177	209
8928	2007	3.2903225806451615	31
8966	2007	3.645038167938931	131
25764	2007	3.7419354838709675	31
26939	2007	3.715686274509804	51
27700	2007	3.8421052631578947	57
30820	2007	3.6481481481481484	81
39381	2007	3.8115384615384613	130
40815	2007	3.62429696287964	889
42632	2007	3.7644927536231885	138
45183	2007	3.2421875	64
45210	2007	3.7007168458781363	279
45722	2007	3.4194167306216423	1303
46530	2007	3.1312741312741315	518
46970	2007	3.114250614250614	407
46972	2007	3.1948979591836735	490
47640	2007	2.78515625	128
47810	2007	1.8877551020408163	98
47952	2007	2.5792682926829267	82
48516	2007	4.074225122349103	1839
48856	2007	3.310344827586207	58
50601	2007	3.504830917874396	207
51939	2007	2.984732824427481	131
53972	2007	3.625	552
53996	2007	3.4524539877300615	652
54001	2007	3.7215099715099713	702
54272	2007	3.6491017964071855	835
8169	2007	3.253623188405797	69
8641	2007	3.5028248587570623	354
8874	2007	3.9487004103967167	731
8917	2007	3.433139534883721	344
45728	2007	3.6007957559681696	377
8195	2007	4.115384615384615	39
50068	2007	3.928888888888889	450
51540	2007	3.7531645569620253	632
31184	2007	3.3835616438356166	73
36529	2007	3.796523517382413	489
45499	2007	3.3015170670037928	791
48394	2007	4.080421885299934	1517
49649	2007	2.6897233201581026	253
52722	2007	3.08649468892261	659
53125	2007	3.3503039513677813	658
53464	2007	2.820945945945946	296
8261	2007	3.776315789473684	38
8360	2007	3.542387543252595	1156
8371	2007	3.1980676328502415	207
8528	2007	3.236503856041131	389
8636	2007	3.4411269974768715	1189
8644	2007	3.3632930513595167	662
8800	2007	3.1944444444444446	36
8910	2007	3.4404761904761907	252
8914	2007	3.745967741935484	124
8939	2007	2.9574468085106385	47
8961	2007	3.8044077134986227	1452
26398	2007	3.3275862068965516	29
26492	2007	3.2184873949579833	119
30707	2007	3.7663755458515285	687
33004	2007	3.325865580448065	491
33166	2007	3.9086322869955157	892
33493	2007	3.3496877787689563	1121
34048	2007	3.1094771241830066	612
34319	2007	3.2733516483516483	364
35836	2007	3.5815727699530515	852
39183	2007	3.5998201438848922	556
41566	2007	3.3707940780619112	743
45440	2007	3.227272727272727	77
47518	2007	3.2708333333333335	120
47997	2007	3.2757475083056478	301
48780	2007	3.996495327102804	1284
51080	2007	3.6724598930481283	374
53550	2007	3.7685185185185186	108
54503	2007	3.8804780876494025	502
25774	2007	3.586206896551724	29
25993	2007	3.7954545454545454	22
26111	2007	4.07051282051282	78
26119	2007	3.5	20
26318	2007	3.7666666666666666	15
27186	2007	3.4642857142857144	14
27491	2007	3.3857142857142857	35
31347	2007	3.730769230769231	13
40819	2007	3.8361669242658425	647
42217	2007	3.7	25
44657	2007	3.8076923076923075	26
47778	2007	3.6538461538461537	39
47894	2007	3.7416666666666667	120
49932	2007	3.5381679389312977	131
50685	2007	3.6626506024096384	166
51174	2007	2.911764705882353	34
51709	2007	3.439873417721519	158
52281	2007	3.9589322381930185	487
53123	2007	4.043333333333333	150
53921	2007	3.2738095238095237	42
7897	2007	3.8823529411764706	17
25940	2007	4.04	25
31101	2007	3.4423076923076925	26
37733	2007	3.547745358090186	377
38061	2007	3.858695652173913	460
40414	2007	3.895348837209302	86
40583	2007	3.5428994082840237	338
40732	2007	3.546938775510204	245
44199	2007	3.8201107011070112	542
44555	2007	4.295376712328767	584
46965	2007	2.6666666666666665	321
47200	2007	3.258893280632411	253
47629	2007	3.8585526315789473	608
48043	2007	3.5490463215258856	367
49132	2007	3.675531914893617	94
51255	2007	3.927734375	1024
8526	2007	2.8260869565217392	69
8977	2007	2.6315789473684212	171
25962	2007	3.4404761904761907	42
37386	2007	2.8421052631578947	209
39715	2007	2.3164556962025316	79
48326	2007	3.1031746031746033	63
50189	2007	2.35	90
53000	2007	3.4742729306487696	447
27773	2007	4.151715039577836	379
30848	2007	3.642857142857143	42
31431	2007	2.1774193548387095	31
31445	2007	3.108695652173913	23
32011	2007	2.0892857142857144	28
33171	2007	3.864130434782609	92
33834	2007	3.1531531531531534	111
34198	2007	3.338235294117647	34
37475	2007	3.627659574468085	47
38600	2007	3.260869565217391	46
40412	2007	3.6704545454545454	44
41617	2007	2.5	12
42718	2007	3.735294117647059	85
44759	2007	2.019607843137255	51
45503	2007	3.125	32
46322	2007	3.7430555555555554	216
46723	2007	3.738036809815951	815
46967	2007	3.472027972027972	143
47610	2007	3.8058419243986252	873
48416	2007	3.1379310344827585	87
48678	2007	3.360655737704918	61
48877	2007	2.932926829268293	246
48997	2007	3.626953125	256
49278	2007	3.579861111111111	432
50442	2007	3.203846153846154	130
50796	2007	2.475609756097561	41
50804	2007	2.8214285714285716	154
51086	2007	2.887596899224806	258
51088	2007	2.9245283018867925	106
51091	2007	3.611607142857143	224
51931	2007	3.715625	160
51935	2007	3.413109756097561	328
52241	2007	3.6244343891402715	221
52283	2007	2.75	60
52456	2007	2.7948717948717947	78
52458	2007	3.217391304347826	276
52604	2007	3.592013888888889	288
52973	2007	3.7534916201117317	716
53004	2007	1.8333333333333333	33
53129	2007	3.653225806451613	186
53468	2007	3.5952380952380953	42
7925	2007	3.96875	64
8620	2007	4.064516129032258	31
52328	2007	3.6270903010033444	299
8128	2007	3.9545454545454546	44
38304	2007	3.9285714285714284	84
40629	2007	3.765993265993266	297
30818	2007	3.0	24
45074	2007	2.5535714285714284	28
51084	2007	3.323728813559322	295
26828	2007	1.675	40
33794	2007	3.854151880766501	1409
41585	2007	3.4107142857142856	28
8784	2007	3.7966226138032306	681
32587	2007	3.9015325670498084	1305
44195	2007	3.847374179431072	914
44761	2007	3.737623762376238	202
48082	2007	3.655448717948718	312
52279	2007	1.9852941176470589	34
53953	2007	3.2302904564315353	241
53993	2007	2.7699386503067487	163
25750	2007	3.809090909090909	55
30810	2007	3.646282973621103	417
34437	2007	3.5445344129554655	247
48738	2007	3.940320232896652	687
8861	2007	2.7670454545454546	176
7841	2007	3.6587301587301586	63
26082	2007	4.075	60
39292	2007	3.739401496259352	401
41997	2007	3.802371541501976	506
49530	2007	3.8629213483146065	890
52245	2007	3.3017241379310347	348
53322	2007	3.4713438735177866	506
53435	2007	2.611940298507463	67
54259	2007	3.9221014492753623	276
54513	2007	3.6129032258064515	31
54771	2007	2.95	40
48304	2007	3.610997963340122	491
8376	2007	3.3284313725490198	510
8860	2007	2.978723404255319	94
8984	2007	3.255	500
27821	2007	3.21	150
27839	2007	2.619565217391304	92
30825	2007	3.027190332326284	331
31410	2007	3.98371335504886	307
31485	2007	4.0	11
33903	2007	3.7289156626506026	83
41569	2007	3.264705882352941	646
44022	2007	3.293103448275862	290
45186	2007	3.248101265822785	395
47423	2007	3.688679245283019	212
49396	2007	3.2076023391812867	171
51575	2007	2.8703703703703702	162
53318	2007	3.6	50
53956	2007	3.5214285714285714	70
54256	2007	3.4051724137931036	58
27803	2007	4.021505376344086	93
27846	2007	3.9464285714285716	112
43928	2007	2.3492063492063493	126
50153	2007	2.433333333333333	30
53121	2007	3.1831831831831834	333
8459	2007	4.083333333333333	18
8783	2007	3.2555555555555555	315
8983	2007	3.7245222929936306	314
31804	2007	3.3739495798319328	119
44937	2007	3.423076923076923	39
46850	2007	3.8146853146853146	143
47261	2007	2.8642857142857143	70
48783	2007	3.5035087719298246	285
51077	2007	2.558333333333333	300
8132	2007	3.8995535714285716	224
8530	2007	3.9178082191780823	73
30793	2007	3.307913669064748	695
30812	2007	3.5263819095477387	398
34162	2007	3.4564254062038406	677
37857	2007	3.522727272727273	110
42732	2007	3.074074074074074	27
44665	2007	3.8926282051282053	624
44828	2007	3.122549019607843	102
48982	2007	3.4651162790697674	215
49286	2007	3.3566666666666665	300
51698	2007	3.4663461538461537	104
51927	2007	2.945945945945946	37
52644	2007	2.882978723404255	94
52712	2007	2.761904761904762	42
53466	2007	3.25	14
31193	2007	3.415	100
45517	2007	3.602510460251046	478
8340	2007	3.772727272727273	176
8968	2007	3.2260273972602738	73
25888	2007	3.272727272727273	11
25908	2007	3.625	8
25916	2007	3.4310344827586206	29
26144	2007	3.411764705882353	17
26491	2007	3.4910714285714284	56
31433	2007	3.0135135135135136	37
32721	2007	3.2906976744186047	43
41831	2007	3.5	13
44864	2007	2.8636363636363638	66
50514	2007	3.6	20
8014	2007	3.99	100
8718	2007	3.7777777777777777	9
26078	2007	3.8714285714285714	35
45880	2007	3.164705882352941	255
48696	2007	3.8176100628930816	318
48698	2007	3.9166666666666665	60
49280	2007	3.4122137404580153	131
49824	2007	3.259469696969697	264
49961	2007	3.812874251497006	334
51884	2007	3.8201754385964914	114
52375	2007	3.3186274509803924	102
52579	2007	3.5317460317460316	63
53894	2007	3.894658753709199	337
44204	2007	3.770408163265306	98
45950	2007	3.8807053941908713	482
8529	2007	3.4637305699481864	386
8798	2007	3.6554770318021204	566
8833	2007	3.3421052631578947	38
8947	2007	2.627906976744186	129
8948	2007	3.0	78
8950	2007	3.7939698492462313	398
8981	2007	3.557620817843866	269
27831	2007	3.8	240
30822	2007	3.3823529411764706	136
31694	2007	3.163265306122449	49
33162	2007	3.552995391705069	217
33621	2007	3.1666666666666665	6
33672	2007	3.282608695652174	46
33836	2007	2.5	98
37853	2007	2.893617021276596	47
40826	2007	3.5694444444444446	72
42007	2007	2.7051282051282053	78
42011	2007	2.9083969465648853	131
42728	2007	3.0	53
46865	2007	1.6538461538461537	39
47382	2007	3.217391304347826	46
47516	2007	2.282608695652174	23
49274	2007	3.2516447368421053	304
49957	2007	3.408333333333333	60
27788	2007	3.5	112
27801	2007	3.480392156862745	102
27838	2007	3.509259259259259	54
34579	2007	3.125	4
37741	2007	3.577127659574468	376
49220	2007	3.032	125
8809	2007	3.4782608695652173	23
34332	2007	3.291208791208791	91
42734	2007	3.325301204819277	83
8019	2007	3.3292682926829267	41
8361	2007	2.9988066825775657	419
8363	2007	1.9444444444444444	18
8369	2007	3.0555555555555554	54
8370	2007	3.7413793103448274	116
8531	2007	2.2091836734693877	98
8593	2007	3.4285714285714284	7
8607	2007	3.8596491228070176	57
8638	2007	3.9631336405529956	217
8639	2007	2.625	12
8781	2007	3.2514619883040936	171
8815	2007	2.3020833333333335	48
8865	2007	2.9507772020725387	193
8870	2007	2.5352941176470587	85
8907	2007	2.926829268292683	123
8941	2007	2.642857142857143	7
8957	2007	3.4900442477876106	452
8958	2007	3.669090909090909	275
8970	2007	3.7386831275720165	486
8972	2007	3.4294871794871793	312
8985	2007	2.8647798742138364	159
26696	2007	2.789473684210526	38
27266	2007	3.7782608695652176	115
27317	2007	3.6666666666666665	87
27584	2007	3.25	34
27604	2007	3.4791666666666665	24
27660	2007	3.581818181818182	330
27674	2007	3.8043478260869565	69
27706	2007	3.3333333333333335	240
27728	2007	3.696969696969697	99
27765	2007	2.8	5
27772	2007	3.5238095238095237	42
27808	2007	3.2024539877300615	163
27822	2007	2.537037037037037	54
27875	2007	3.3181818181818183	11
27905	2007	2.8214285714285716	28
31114	2007	3.525	20
31225	2007	3.5470588235294116	85
31364	2007	3.74468085106383	47
31420	2007	3.0297029702970297	101
31427	2007	2.7960526315789473	76
31878	2007	3.7387387387387387	333
32017	2007	2.74	50
32019	2007	2.702247191011236	89
32029	2007	3.2567567567567566	111
32031	2007	3.251937984496124	129
32213	2007	3.1384615384615384	65
32300	2007	3.3703703703703702	27
33437	2007	3.4471544715447155	123
33660	2007	3.816976127320955	377
33683	2007	3.489130434782609	46
34072	2007	3.640625	288
34150	2007	2.770769230769231	325
34271	2007	3.6623376623376624	77
34323	2007	3.14	75
34532	2007	3.0618556701030926	97
34534	2007	3.252688172043011	93
35015	2007	3.607142857142857	14
36519	2007	3.168181818181818	110
36527	2007	3.5091743119266057	109
37727	2007	3.052469135802469	162
37731	2007	3.8267326732673266	101
38992	2007	3.0875	40
39234	2007	3.542372881355932	59
39427	2007	3.5434782608695654	46
39444	2007	3.305084745762712	118
39446	2007	3.0783898305084745	236
40148	2007	3.380952380952381	42
40278	2007	3.475232198142415	323
40339	2007	2.774390243902439	82
41285	2007	3.6234177215189876	316
41527	2007	3.7560975609756095	41
41716	2007	3.4609375	128
42418	2007	3.4086538461538463	104
42723	2007	2.80625	160
42730	2007	3.6145833333333335	48
42738	2007	3.197860962566845	187
43396	2007	3.8292682926829267	164
43684	2007	3.5	23
43921	2007	3.6790123456790123	81
44399	2007	2.2777777777777777	18
44709	2007	3.6227272727272726	110
44972	2007	2.3444444444444446	135
45431	2007	3.467857142857143	280
45732	2007	2.633136094674556	169
46948	2007	3.30794701986755	151
47254	2007	3.2714285714285714	35
48319	2007	3.111111111111111	72
48879	2007	3.4375	48
49651	2007	3.2743506493506493	308
7842	2007	3.7055555555555557	90
8188	2007	3.9375	16
25995	2007	3.5	38
26005	2007	3.45	30
26012	2007	3.6724137931034484	29
26122	2007	3.8125	48
26776	2007	3.85	110
31658	2007	4.019035532994923	394
31698	2007	1.4680851063829787	47
8228	2007	4.0181818181818185	165
8405	2007	3.4473684210526314	19
34542	2007	3.719858156028369	141
40870	2007	3.9583333333333335	96
44788	2007	3.777227722772277	202
47999	2007	3.7713675213675213	234
8667	2007	3.6296296296296298	27
8973	2007	3.810810810810811	111
34143	2007	2.7916666666666665	72
36401	2007	2.7768361581920904	177
39435	2007	2.8092105263157894	76
43679	2007	2.6741573033707864	89
8589	2007	3.7203389830508473	59
26242	2007	3.608974358974359	78
8254	2007	3.851063829787234	47
8477	2007	4.122448979591836	49
8949	2007	3.6716917922948076	597
27721	2007	3.769230769230769	143
8158	2007	3.6	30
27020	2007	3.324074074074074	54
8373	2007	2.4788135593220337	118
8604	2007	3.43	50
8605	2007	3.0555555555555554	18
27193	2007	3.141304347826087	46
27340	2007	3.261904761904762	21
39421	2007	1.5	4
45662	2007	2.5942028985507246	69
47830	2007	2.725806451612903	31
51412	2007	3.0652173913043477	138
52694	2007	2.7524271844660193	103
53999	2007	2.3461538461538463	26
9018	2007	3.6125	40
37384	2007	3.2569444444444446	72
37830	2007	3.41726618705036	139
42725	2007	3.430379746835443	79
50005	2007	3.4210526315789473	133
7982	2007	3.739130434782609	46
8507	2007	3.9025974025974026	77
27563	2007	3.693548387096774	31
31032	2007	2.6666666666666665	9
31424	2007	1.5961538461538463	52
33896	2007	3.6375	40
34648	2007	2.5	4
52462	2007	3.3360655737704916	61
45928	2007	3.963768115942029	138
52042	2007	3.941860465116279	86
52885	2007	3.776923076923077	65
54997	2007	3.9206008583690988	233
26414	2007	3.519230769230769	26
26222	2007	3.717391304347826	23
26422	2007	3.5	28
50160	2007	3.7450980392156863	102
7843	2007	3.6333333333333333	15
27727	2007	3.943396226415094	53
27882	2007	3.4	20
37736	2007	3.342857142857143	35
53988	2007	2.9242424242424243	33
8225	2007	3.25	42
8372	2007	2.323943661971831	71
8782	2007	2.3	15
33681	2007	2.1904761904761907	21
36397	2007	2.6875	24
37380	2007	2.37890625	128
40723	2007	2.9537037037037037	54
47264	2007	2.616279069767442	43
48522	2007	2.5625	24
32596	2007	2.7578947368421054	95
39869	2007	3.75	36
25866	2007	3.825	20
26464	2007	3.044642857142857	56
26770	2007	3.4069767441860463	43
30721	2007	3.65	20
31116	2007	3.8425925925925926	54
44949	2007	2.45	10
47644	2007	3.6809210526315788	152
48161	2007	3.3220338983050848	59
49793	2007	3.6011904761904763	84
50923	2007	3.015463917525773	97
51471	2007	3.89375	80
51660	2007	3.730769230769231	26
53974	2007	2.488888888888889	45
54686	2007	2.8055555555555554	18
54775	2007	2.861111111111111	36
8640	2007	3.0210084033613445	119
26150	2007	3.9464285714285716	56
36535	2007	3.849056603773585	159
48142	2007	2.6552511415525113	219
8663	2007	3.8461538461538463	13
27555	2007	3.725	20
33154	2007	3.884297520661157	121
36708	2007	3.6549295774647885	213
39441	2007	3.638888888888889	18
46347	2007	3.5727272727272728	55
47793	2007	3.066666666666667	15
7879	2007	3.6875	8
8366	2007	3.5833333333333335	144
27391	2007	3.5	32
30898	2007	3.1964285714285716	56
42004	2007	3.782258064516129	124
44974	2007	3.5914285714285716	175
48322	2007	3.2004830917874396	207
51925	2007	2.7734375	128
52975	2007	3.627906976744186	172
26558	2007	3.025	20
7980	2007	3.76056338028169	71
26170	2007	3.5416666666666665	24
27816	2007	3.725806451612903	31
31934	2007	3.738095238095238	21
42018	2007	3.2857142857142856	49
34148	2007	3.6481481481481484	27
47122	2007	2.967948717948718	78
48560	2007	3.0288461538461537	104
54648	2007	2.8466666666666667	75
8982	2007	3.5	13
30850	2007	3.4361702127659575	47
34338	2007	3.2519083969465647	131
7881	2007	3.227272727272727	11
8873	2007	3.970486111111111	288
33880	2007	3.75	104
45730	2007	2.8995535714285716	224
33585	2007	2.880952380952381	21
45501	2007	2.8935643564356437	202
48598	2007	3.5350877192982457	57
48744	2007	3.6315789473684212	133
50274	2007	3.7023809523809526	84
50912	2007	3.527027027027027	74
52460	2007	2.188679245283019	53
8493	2007	3.46875	64
52287	2007	3.4669421487603307	121
8580	2007	4.2272727272727275	22
8650	2007	2.9285714285714284	7
8666	2007	1.8846153846153846	104
8811	2007	1.6176470588235294	17
8859	2007	0.9583333333333334	24
8875	2007	3.9444444444444446	9
8989	2007	3.6363636363636362	11
25833	2007	3.696969696969697	33
25996	2007	3.9166666666666665	12
26084	2007	3.641509433962264	53
26393	2007	3.3	25
26472	2007	3.71	50
27828	2007	3.736842105263158	19
31221	2007	2.287878787878788	99
33158	2007	2.3455882352941178	68
36525	2007	3.4536082474226806	97
37739	2007	3.690909090909091	55
42721	2007	1.5462962962962963	54
45175	2007	3.6810344827586206	58
45208	2007	2.721311475409836	61
48414	2007	3.0604395604395602	91
48596	2007	2.5	58
50066	2007	3.6416666666666666	60
50800	2007	2.5531914893617023	47
50806	2007	1.9097222222222223	72
51666	2007	2.6315789473684212	19
51903	2007	2.92	50
52285	2007	2.066666666666667	15
52715	2007	2.2045454545454546	22
8042	2007	3.869158878504673	107
8610	2007	3.6052631578947367	38
8772	2007	3.92	25
26729	2007	4.08092485549133	173
30803	2007	3.951219512195122	82
8573	2007	3.730769230769231	26
8831	2007	2.782608695652174	23
8846	2007	3.0	6
8951	2007	3.7906976744186047	43
27397	2007	3.727272727272727	55
27410	2007	3.7239583333333335	96
31270	2007	3.524390243902439	41
50356	2007	3.3	15
34330	2007	2.2142857142857144	7
34528	2007	3.7045454545454546	66
40581	2007	2.7016129032258065	62
50447	2007	3.1447368421052633	38
8491	2007	3.9680851063829787	47
25999	2007	3.6818181818181817	22
27850	2007	3.6964285714285716	28
30894	2007	2.2983870967741935	62
32582	2007	3.918918918918919	37
54268	2007	1.4	5
8937	2007	3.652439024390244	82
26585	2007	3.6551724137931036	29
33677	2007	3.0	17
34153	2007	3.7611940298507465	67
37855	2007	3.7875	40
49347	2007	3.190265486725664	113
8987	2007	2.25	4
26302	2007	3.5833333333333335	18
41025	2007	3.125	16
43333	2007	3.82	50
44168	2007	3.5517241379310347	29
45028	2007	3.15625	112
49284	2007	3.492957746478873	71
49772	2007	3.7804232804232805	189
8695	2007	3.5277777777777777	18
26662	2007	3.908839779005525	181
8235	2007	3.8947368421052633	19
8575	2007	3.5277777777777777	18
8711	2007	4.0	17
8930	2007	3.6458333333333335	24
27878	2007	3.9035087719298245	57
31437	2007	4.215909090909091	44
32124	2007	3.5	4
32285	2007	4.5	2
33639	2007	3.8333333333333335	57
33649	2007	3.890625	32
51705	2007	3.71875	16
39414	2007	3.1419753086419755	81
42002	2007	2.9166666666666665	96
42013	2007	2.6666666666666665	42
48412	2007	3.1526717557251906	131
48520	2007	2.8088235294117645	102
30846	2007	3.4270833333333335	48
38798	2007	3.425	100
40955	2007	3.488095238095238	42
40966	2007	3.018867924528302	53
41769	2007	3.6	25
49312	2007	3.090909090909091	11
49263	2007	3.5	23
33164	2007	2.3095238095238093	63
36509	2007	2.352272727272727	44
36533	2007	2.411764705882353	17
43932	2007	2.5625	56
44731	2007	2.814814814814815	27
48591	2007	2.2318840579710146	69
49528	2007	2.392857142857143	42
50147	2007	1.880952380952381	42
41575	2007	2.973684210526316	19
8025	2007	3.9375	8
8832	2007	3.3421052631578947	19
42015	2007	3.25	50
47725	2007	3.4166666666666665	36
49130	2007	3.1443298969072164	97
50162	2007	2.8448275862068964	29
8134	2007	3.111111111111111	27
33725	2007	3.38	25
45666	2007	2.829113924050633	158
46974	2007	3.049107142857143	112
47044	2007	2.925339366515837	221
50149	2007	2.3181818181818183	33
50794	2007	3.152684563758389	298
8268	2007	2.676470588235294	17
8364	2007	3.272727272727273	22
8378	2007	3.7222222222222223	9
8931	2007	3.75	2
27735	2007	3.0	5
27830	2007	3.0	8
32058	2007	3.2777777777777777	9
34536	2007	3.4375	40
35957	2007	3.042452830188679	106
39307	2007	3.293103448275862	29
43871	2007	2.923076923076923	91
49910	2007	3.7281553398058254	103
8536	2007	3.5	1
31422	2007	2.519230769230769	26
45062	2007	3.125	104
45442	2007	2.7211538461538463	104
49314	2007	3.0448717948717947	78
54116	2007	3.3	5
54999	2007	3.2613636363636362	88
7914	2007	3.607142857142857	14
9010	2007	3.7586206896551726	29
27869	2007	3.5	35
7981	2007	3.932926829268293	164
8387	2007	1.7093023255813953	86
8598	2007	3.4285714285714284	21
8645	2007	3.7974683544303796	158
8862	2007	3.2291666666666665	24
26152	2007	3.0821917808219177	73
26555	2007	3.3137254901960786	51
27408	2007	3.380952380952381	42
43460	2007	3.5	59
44197	2007	3.4	45
45382	2007	3.242857142857143	35
47465	2007	3.217741935483871	62
52717	2007	2.6979166666666665	48
26231	2007	3.8620689655172415	29
7889	2007	3.473684210526316	19
7894	2007	3.6025641025641026	39
7919	2007	3.8076923076923075	13
7949	2007	3.3	10
8202	2007	3.5	7
8748	2007	3.05	10
8755	2007	3.4	10
8757	2007	3.6666666666666665	6
26258	2007	3.84375	48
26371	2007	3.2222222222222223	27
31952	2007	3.8857142857142857	35
33564	2007	3.7448979591836733	49
37240	2007	3.966666666666667	105
41721	2007	3.533333333333333	30
43419	2007	2.7948717948717947	39
44929	2007	3.4745762711864407	59
48301	2007	3.55	20
49276	2007	2.9	40
49647	2007	3.3793103448275863	87
50440	2007	1.7857142857142858	21
50445	2007	2.694915254237288	59
50792	2007	3.05	90
52967	2007	3.8469387755102042	49
53460	2007	3.381188118811881	101
54004	2007	3.015873015873016	126
8712	2007	3.767857142857143	28
25777	2007	3.7580645161290325	31
25795	2007	3.875	8
25839	2007	3.888888888888889	9
25891	2007	3.725	20
25952	2007	4.083333333333333	12
32160	2007	3.95	10
7844	2007	3.59375	32
7899	2007	3.5	12
8131	2007	3.5923076923076924	65
8157	2007	3.510869565217391	46
8295	2007	3.1363636363636362	11
8426	2007	3.5555555555555554	9
8534	2007	2.423076923076923	13
8795	2007	3.3461538461538463	13
8805	2007	3.1	5
26198	2007	3.1956521739130435	23
26462	2007	3.287037037037037	54
26547	2007	3.675	60
26606	2007	3.5344827586206895	58
26865	2007	3.738095238095238	42
26915	2007	2.661290322580645	31
27790	2007	3.7063492063492065	63
27837	2007	3.0714285714285716	42
27899	2007	2.6875	48
31660	2007	3.55	50
31689	2007	3.326923076923077	26
33838	2007	3.0	19
37477	2007	2.8	25
40851	2007	3.0	52
40962	2007	2.6470588235294117	17
47384	2007	2.1176470588235294	17
48061	2007	3.376543209876543	81
54276	2007	3.0657894736842106	38
54290	2007	1.3043478260869565	23
7932	2007	3.95	40
8404	2007	3.525	20
8652	2007	4.0	3
8773	2007	3.625	8
8891	2007	2.9166666666666665	6
26211	2007	2.25	2
33138	2007	3.3	30
50064	2007	3.2	85
50802	2007	2.657303370786517	89
51418	2007	3.123076923076923	65
52413	2007	2.9444444444444446	9
26750	2007	3.2705882352941176	85
8969	2007	2.9536423841059603	151
34063	2007	3.6818181818181817	11
34336	2007	2.875	76
8253	2007	3.8306451612903225	62
26163	2007	3.8979591836734695	49
26487	2007	3.13953488372093	43
26561	2007	3.0609756097560976	41
26562	2007	3.1923076923076925	39
26688	2007	2.5347222222222223	72
39398	2007	3.090909090909091	11
41411	2007	2.9545454545454546	33
48593	2007	2.9886363636363638	132
27815	2007	4.0777777777777775	90
8814	2007	2.4722222222222223	36
27873	2007	3.2049180327868854	61
54274	2007	2.075	20
8963	2007	1.9545454545454546	11
26155	2007	3.4722222222222223	18
33134	2007	3.3	10
41863	2007	3.655	100
26700	2007	2.808333333333333	60
31150	2007	3.3333333333333335	36
26350	2007	3.9285714285714284	56
25870	2007	3.706896551724138	29
26686	2007	1.9583333333333333	24
32627	2007	2.05	10
46337	2007	2.4558823529411766	34
8596	2007	3.5686274509803924	51
8633	2007	3.4307692307692306	65
26246	2007	3.5	35
26603	2007	3.0625	24
32025	2007	3.966666666666667	30
30816	2007	3.5688073394495414	109
43560	2007	3.3533333333333335	75
26803	2007	2.8421052631578947	19
42736	2007	2.6666666666666665	3
43744	2007	3.5	31
50798	2007	1.7152777777777777	144
51094	2007	3.1923076923076925	13
53133	2007	2.85	10
39052	2007	3.1964285714285716	56
49642	2007	2.423076923076923	13
7840	2007	3.9545454545454546	22
8033	2007	3.888888888888889	45
8183	2007	3.53125	32
8191	2007	3.772727272727273	11
8207	2007	3.9578313253012047	83
8208	2007	3.6052631578947367	38
8338	2007	3.9705882352941178	34
8377	2007	3.3	5
8379	2007	3.9705882352941178	17
8492	2007	3.847826086956522	46
8571	2007	3.8	5
8612	2007	3.0833333333333335	12
8614	2007	3.108695652173913	46
8623	2007	3.414285714285714	105
8754	2007	3.823529411764706	17
8838	2007	3.5921052631578947	38
8879	2007	3.7450980392156863	51
8933	2007	3.9444444444444446	9
26394	2007	3.25	6
26404	2007	2.25	2
26663	2007	3.94	25
26745	2007	3.3	15
33036	2007	3.2419354838709675	31
33722	2007	3.2777777777777777	18
34482	2007	3.764705882352941	17
36539	2007	3.05	10
49200	2007	3.625	12
27744	2007	3.54	25
51834	2007	3.193877551020408	49
43556	2007	2.8947368421052633	19
8856	2007	0.9444444444444444	9
36276	2007	3.461038961038961	77
33136	2007	3.2142857142857144	14
34164	2007	3.5869565217391304	23
38388	2007	3.480769230769231	26
38886	2007	3.5833333333333335	180
40959	2007	3.06140350877193	57
43836	2007	2.6	80
43917	2007	3.475806451612903	62
45221	2007	3.4583333333333335	24
8125	2007	3.890625	32
39449	2007	3.240506329113924	79
43376	2007	3.875	100
31408	2007	3.357142857142857	7
31705	2007	3.1875	8
26564	2007	3.5294117647058822	34
54768	2007	1.8863636363636365	22
44193	2007	3.018987341772152	79
25826	2007	3.5294117647058822	17
8056	2007	3.3833333333333333	30
25755	2007	3.3404255319148937	47
25850	2007	4.019230769230769	78
25930	2007	3.9642857142857144	14
31528	2007	3.5543478260869565	46
47907	2007	3.0	4
7939	2007	3.8541666666666665	24
26479	2007	3.4456521739130435	46
33495	2007	2.4571428571428573	35
48883	2007	3.215909090909091	44
8482	2007	3.8157894736842106	19
32289	2007	3.0952380952380953	21
27879	2007	3.798076923076923	52
7922	2007	3.375	8
7934	2007	3.8015873015873014	63
7991	2007	3.4375	24
8130	2007	3.375	16
8725	2007	4.0	3
8761	2007	3.625	4
8808	2007	3.138888888888889	36
8882	2007	3.3	10
25961	2007	3.7413793103448274	29
26101	2007	3.6136363636363638	22
26124	2007	2.9444444444444446	27
26294	2007	3.3333333333333335	27
26485	2007	3.72	25
26629	2007	2.6774193548387095	31
26838	2007	3.6666666666666665	51
31255	2007	3.4411764705882355	17
34170	2007	1.7857142857142858	7
44225	2007	2.5	24
47124	2007	3.020408163265306	49
49013	2007	2.1538461538461537	26
31903	2007	3.96875	16
32298	2007	3.0	29
36513	2007	3.0625	16
43930	2007	2.76	25
48518	2007	2.412087912087912	91
8337	2007	4.0	54
34002	2007	3.4166666666666665	30
8093	2007	2.923076923076923	13
8118	2007	2.2142857142857144	14
8129	2007	3.1666666666666665	3
8447	2007	2.9166666666666665	6
26249	2007	3.3852459016393444	61
26289	2007	3.1666666666666665	9
26386	2007	3.1923076923076925	26
26495	2007	3.347826086956522	23
26567	2007	2.611111111111111	9
27370	2007	3.3333333333333335	6
31553	2007	1.8026315789473684	38
34292	2007	2.725806451612903	31
34767	2007	2.78125	16
43708	2007	3.3333333333333335	36
44058	2007	3.142857142857143	21
44494	2007	1.9473684210526316	38
8016	2007	3.6857142857142855	35
8730	2007	3.6363636363636362	11
34326	2007	2.375	20
39419	2007	3.326923076923077	26
33675	2007	4.0	6
38994	2007	3.425925925925926	27
46919	2007	3.4285714285714284	21
48600	2007	3.0714285714285716	14
49524	2007	3.482142857142857	28
52867	2007	2.6627906976744184	43
54780	2007	2.8636363636363638	33
8959	2007	3.0	43
27888	2007	2.25	2
32668	2007	3.2142857142857144	7
26476	2007	3.4705882352941178	34
27608	2007	3.142857142857143	21
7845	2007	2.5517241379310347	29
7892	2007	2.888888888888889	9
8008	2007	3.025	20
8012	2007	3.744186046511628	43
8039	2007	3.7291666666666665	24
8241	2007	2.0	11
8265	2007	1.5	7
8483	2007	2.5	5
8542	2007	3.823529411764706	51
8544	2007	3.7	5
8578	2007	3.0625	16
8655	2007	2.9	5
8822	2007	2.5	4
8886	2007	2.5	5
26375	2007	3.1363636363636362	22
26504	2007	2.9705882352941178	17
26509	2007	3.2875	40
32352	2007	4.0	3
33126	2007	3.4285714285714284	35
34018	2007	3.3857142857142857	35
34334	2007	2.619047619047619	63
37382	2007	3.0176470588235293	85
49282	2007	1.934782608695652	23
54190	2007	3.8492063492063493	63
26171	2007	3.8833333333333333	30
27864	2007	3.2083333333333335	12
8908	2007	3.3518518518518516	54
8911	2007	2.5789473684210527	19
8967	2007	2.125	20
8978	2007	2.0588235294117645	34
9001	2007	3.0	2
26819	2007	2.65625	32
27685	2007	2.107142857142857	28
31467	2007	3.125	4
33539	2007	3.1923076923076925	13
34520	2007	2.325301204819277	83
40574	2007	2.625	20
43923	2007	2.375	12
44840	2007	2.526315789473684	57
8866	2007	3.25	82
31435	2007	3.9545454545454546	22
26151	2007	3.8275862068965516	29
26965	2007	3.3	15
27912	2007	3.6777777777777776	45
31260	2007	3.6052631578947367	38
33358	2007	3.3461538461538463	13
33826	2007	3.4	20
36537	2007	3.4596774193548385	62
47978	2007	3.53125	32
34530	2007	2.0964912280701755	57
27834	2007	3.8372093023255816	43
7891	2007	3.769230769230769	13
8168	2007	2.75	8
8724	2007	3.9444444444444446	18
8733	2007	2.8846153846153846	13
26391	2007	3.0416666666666665	12
41014	2007	3.6315789473684212	19
8401	2007	3.375	12
8239	2007	4.09375	32
8327	2007	3.8658536585365852	41
8495	2007	3.375	24
8505	2007	3.5625	24
8602	2007	4.208333333333333	12
8684	2007	4.041666666666667	24
8696	2007	2.8333333333333335	3
8738	2007	3.875	12
8848	2007	3.8125	16
26052	2007	4.020833333333333	24
26094	2007	3.984848484848485	33
26138	2007	3.0454545454545454	11
26694	2007	3.9014084507042255	71
26788	2007	3.803030303030303	33
27316	2007	3.9	5
27523	2007	4.1875	24
27592	2007	3.729591836734694	98
27627	2007	3.1666666666666665	12
27722	2007	3.712121212121212	33
27741	2007	4.009090909090909	55
27797	2007	3.6785714285714284	14
27833	2007	3.2083333333333335	12
27865	2007	2.986111111111111	36
31590	2007	3.888888888888889	9
31610	2007	2.25	2
31702	2007	3.6666666666666665	15
33750	2007	3.4642857142857144	14
33817	2007	3.6710526315789473	38
34540	2007	3.2777777777777777	18
40887	2007	3.28125	16
43914	2007	3.2333333333333334	15
46572	2007	3.125	28
7976	2007	2.9705882352941178	17
8642	2007	2.388888888888889	9
8670	2007	4.076923076923077	26
27618	2007	2.2	30
45852	2007	2.1785714285714284	14
54270	2007	1.6428571428571428	7
32460	2007	3.857142857142857	21
8905	2007	3.2884615384615383	26
32302	2007	3.227272727272727	11
32589	2007	2.5789473684210527	19
54736	2007	3.5698924731182795	93
8258	2007	2.888888888888889	9
8680	2007	3.142857142857143	7
8906	2007	3.25	34
8955	2007	3.4782608695652173	23
25954	2007	4.021739130434782	23
27664	2007	3.3823529411764706	17
40010	2007	3.588235294117647	17
7930	2007	2.642857142857143	35
8677	2007	2.8333333333333335	9
8935	2007	2.2142857142857144	7
26134	2007	3.1323529411764706	34
26680	2007	3.1184210526315788	76
27509	2007	3.5714285714285716	7
53002	2007	3.0238095238095237	42
7882	2007	3.1666666666666665	9
7895	2007	3.735294117647059	17
7901	2007	3.5833333333333335	6
7918	2007	3.6333333333333333	15
7920	2007	3.6	10
7931	2007	2.0	1
7951	2007	3.3214285714285716	14
7954	2007	2.4	5
7986	2007	1.9166666666666667	6
8003	2007	3.2857142857142856	7
8119	2007	3.0	11
8139	2007	3.2	5
8255	2007	3.0	1
8293	2007	3.0	1
8512	2007	3.272727272727273	11
8588	2007	3.227272727272727	11
8591	2007	3.1956521739130435	23
8608	2007	3.25	6
8727	2007	3.388888888888889	9
8774	2007	2.857142857142857	7
8801	2007	2.8	5
8842	2007	3.0	4
8922	2007	3.388888888888889	9
25762	2007	3.8	5
25763	2007	3.9574468085106385	47
26116	2007	3.4473684210526314	19
26488	2007	2.9375	8
26513	2007	3.0	21
26527	2007	3.6904761904761907	42
26792	2007	2.22	25
26834	2007	2.5	9
26875	2007	3.3823529411764706	17
30783	2007	3.0	10
31162	2007	3.176470588235294	34
31362	2007	3.4166666666666665	6
31367	2007	2.9583333333333335	48
31909	2007	1.7083333333333333	12
32022	2007	3.0714285714285716	14
32593	2007	3.0	7
32882	2007	3.325	20
33966	2007	1.6888888888888889	45
34526	2007	3.0	3
36541	2007	1.75	2
37211	2007	3.08	25
43987	2007	2.638888888888889	18
44595	2007	3.5	8
45106	2007	2.827272727272727	55
45679	2007	3.5	9
46559	2007	3.5555555555555554	45
49007	2007	3.357142857142857	28
49205	2007	2.5	30
51037	2007	3.5833333333333335	18
53127	2007	3.0568181818181817	44
53131	2007	2.5714285714285716	7
54785	2007	2.9245283018867925	53
8024	2007	3.111111111111111	9
32598	2007	3.1056338028169015	71
8190	2007	3.7083333333333335	12
50229	2007	3.375	16
7915	2007	3.76	25
8196	2007	3.1470588235294117	17
26413	2007	3.72	25
31594	2007	3.0	10
54732	2007	2.260869565217391	46
26810	2007	3.526315789473684	19
7943	2007	3.8783783783783785	37
8197	2007	4.033333333333333	30
8656	2007	4.290697674418604	43
8664	2007	3.2142857142857144	7
25788	2007	3.752	125
26695	2007	3.9	5
31522	2007	3.933333333333333	30
25827	2007	3.730769230769231	26
26840	2007	3.9693877551020407	49
27731	2007	3.4926470588235294	68
32525	2007	3.717391304347826	23
8880	2007	3.3275862068965516	58
27826	2007	3.5	6
42053	2007	1.3333333333333333	6
8658	2007	2.3125	8
33188	2007	2.8333333333333335	3
44189	2007	3.033333333333333	15
8690	2007	3.5303030303030303	33
8011	2007	3.5294117647058822	17
30892	2007	3.392857142857143	14
8121	2007	3.8846153846153846	13
7924	2007	3.9411764705882355	34
7926	2007	3.9864864864864864	37
26240	2007	3.5	16
8581	2007	3.673469387755102	49
51678	2007	3.6375	40
8270	2007	3.5	15
8532	2007	3.4583333333333335	24
8451	2007	3.8333333333333335	6
7987	2007	2.892857142857143	14
8485	2007	3.8333333333333335	21
26985	2007	3.2083333333333335	12
27271	2007	3.7	20
7984	2007	3.323529411764706	17
8501	2007	3.5636363636363635	55
8520	2007	3.590909090909091	11
26704	2007	3.25	16
39886	2007	3.467741935483871	31
7983	2007	4.055555555555555	36
7988	2007	2.875	4
26187	2007	3.2666666666666666	15
46772	2007	3.347826086956522	46
33150	2007	3.0	7
8946	2007	2.230769230769231	13
33830	2007	2.6153846153846154	26
44729	2007	1.7727272727272727	22
46574	2007	3.0833333333333335	30
52668	2007	3.1785714285714284	28
27778	2007	2.55	10
51082	2007	3.423076923076923	13
26870	2007	2.585714285714286	35
32988	2007	3.6	10
8974	2007	2.9324324324324325	37
49526	2007	2.0568181818181817	44
8221	2007	3.4375	8
8334	2007	3.5833333333333335	12
26181	2007	3.575	20
45658	2007	3.95	10
8885	2007	3.0	4
8149	2007	2.8333333333333335	6
8747	2007	1.7727272727272727	11
8793	2007	4.083333333333333	6
42740	2007	2.3260869565217392	23
8117	2007	3.975	20
8227	2007	3.2142857142857144	7
8292	2007	3.75	6
8496	2007	3.53125	16
8752	2007	3.9210526315789473	19
25929	2007	3.6666666666666665	24
26002	2007	3.772727272727273	11
31030	2007	3.7142857142857144	7
31104	2007	2.875	4
32349	2007	4.0	6
32392	2007	2.8461538461538463	13
46803	2007	3.810344827586207	29
49355	2007	3.75	16
54787	2007	3.289473684210526	19
7944	2007	3.8461538461538463	13
8094	2007	3.8833333333333333	30
25971	2007	3.642857142857143	14
26096	2007	3.25	12
26148	2007	3.6041666666666665	24
26172	2007	3.869565217391304	23
26271	2007	3.460526315789474	38
27022	2007	3.5833333333333335	12
31617	2007	3.51	50
32179	2007	4.052631578947368	38
32853	2007	4.1891891891891895	37
8918	2007	3.2058823529411766	17
40946	2007	3.390909090909091	55
8576	2007	3.5526315789473686	38
8919	2007	2.9642857142857144	14
8938	2007	3.576923076923077	13
31867	2007	2.5625	16
31973	2007	3.72	25
33669	2007	3.3333333333333335	60
33815	2007	2.9375	8
36531	2007	1.78125	16
7847	2007	3.3	10
7887	2007	1.875	4
7990	2007	3.433333333333333	15
8010	2007	3.6052631578947367	19
8040	2007	3.2142857142857144	7
8044	2007	3.8684210526315788	19
8153	2007	3.8333333333333335	6
8494	2007	2.9615384615384617	13
8503	2007	3.0	7
8626	2007	3.125	8
8675	2007	3.269230769230769	13
8709	2007	3.4166666666666665	6
8720	2007	2.357142857142857	7
8728	2007	3.1	5
8760	2007	3.5	1
8792	2007	2.0	2
8827	2007	3.909090909090909	66
8839	2007	1.9545454545454546	11
27528	2007	3.5714285714285716	7
32139	2007	3.9375	8
34523	2007	3.6363636363636362	33
36392	2007	2.25	2
38701	2007	3.2142857142857144	14
39896	2007	3.1875	8
7989	2007	2.0833333333333335	6
8120	2007	3.5	3
8869	2007	2.35	20
26199	2007	2.8863636363636362	22
27416	2007	3.5	43
27851	2007	3.8	15
8632	2007	2.857142857142857	7
40817	2007	2.909090909090909	22
26064	2007	4.185185185185185	27
25752	2007	3.6724137931034484	29
8660	2007	2.5714285714285716	7
26139	2007	3.2857142857142856	28
26359	2007	3.5454545454545454	44
27783	2007	2.625	4
32234	2007	3.925	20
32261	2007	3.6153846153846154	13
33124	2007	3.3636363636363638	11
7938	2007	4.25	24
8275	2007	4.0	8
8643	2007	3.1363636363636362	33
30747	2007	3.3333333333333335	9
52321	2007	3.425925925925926	27
31049	2007	2.9	10
7948	2007	3.0	3
8167	2007	4.015625	32
8199	2007	4.0	33
8206	2007	4.0	6
8220	2007	2.5	2
8232	2007	3.642857142857143	7
8266	2007	2.6607142857142856	28
8302	2007	3.75	8
8331	2007	3.8	10
8341	2007	3.8461538461538463	39
8397	2007	2.5	4
8422	2007	3.7	5
8446	2007	3.55	20
8462	2007	3.6666666666666665	3
8521	2007	3.65625	16
8586	2007	3.2	5
8611	2007	3.9166666666666665	6
8692	2007	2.6666666666666665	6
8734	2007	3.0	4
25835	2007	3.3333333333333335	9
25868	2007	3.8444444444444446	45
25903	2007	3.5625	8
25945	2007	3.675	20
25963	2007	3.675675675675676	37
26055	2007	3.9444444444444446	18
26301	2007	3.28125	16
26303	2007	3.375	12
31854	2007	3.6818181818181817	11
32369	2007	3.7	5
33237	2007	3.685185185185185	27
36056	2007	4.0	6
43910	2007	3.261904761904762	21
45335	2007	3.4583333333333335	12
45525	2007	2.772727272727273	11
45611	2007	2.6	5
47274	2007	3.9583333333333335	12
47646	2007	3.3958333333333335	24
51638	2007	3.892857142857143	14
51857	2007	3.625	12
53038	2007	3.6818181818181817	11
48342	2007	3.5	10
25923	2007	3.8333333333333335	33
31770	2007	3.7916666666666665	12
31700	2007	2.769230769230769	13
8894	2007	2.0	7
25757	2007	3.5555555555555554	9
30954	2007	2.8333333333333335	3
32156	2007	2.3333333333333335	3
34624	2007	3.25	2
33312	2007	3.9423076923076925	26
8840	2007	2.625	4
25753	2007	4.181818181818182	11
31584	2007	3.0625	8
42094	2007	3.473684210526316	19
7884	2007	3.2083333333333335	12
26388	2007	3.25	10
8835	2007	2.4166666666666665	18
44613	2007	3.4	30
50158	2007	2.838709677419355	31
51694	2007	3.517857142857143	28
51933	2007	3.3684210526315788	19
32291	2007	3.142857142857143	49
47976	2007	2.8846153846153846	26
26425	2007	3.4545454545454546	33
26578	2007	3.78125	16
8979	2007	3.227272727272727	11
43908	2007	2.0	8
8735	2007	2.75	2
25856	2007	3.96875	16
31555	2007	1.6875	16
8912	2007	2.575	40
7933	2007	3.4	10
44161	2007	3.1	5
52838	2007	2.9038461538461537	26
54934	2007	2.25	8
32600	2007	3.3125	8
34155	2007	3.8333333333333335	12
8606	2007	4.0	3
27564	2007	2.375	4
45635	2007	3.3541666666666665	24
7916	2007	3.3	5
47805	2007	2.6785714285714284	14
9011	2007	4.5	5
25828	2007	3.9705882352941178	17
7942	2007	3.909090909090909	11
8126	2007	3.642857142857143	7
8499	2007	3.4444444444444446	9
25904	2007	3.4285714285714284	7
25947	2007	4.269230769230769	13
26713	2007	3.9545454545454546	33
27689	2007	3.357142857142857	21
32333	2007	3.25	2
32375	2007	4.25	2
32387	2007	3.875	20
42900	2007	4.066666666666666	15
46839	2007	3.5	4
50011	2007	3.3333333333333335	6
31687	2007	3.227272727272727	11
8236	2007	3.1875	8
8267	2007	3.0	2
8739	2007	3.5714285714285716	7
26306	2007	3.4285714285714284	14
37545	2007	3.8846153846153846	13
8535	2007	3.090909090909091	22
8726	2007	3.8125	8
27362	2007	3.2142857142857144	7
32158	2007	3.75	2
33168	2007	1.9705882352941178	17
50253	2007	2.25	12
51911	2007	3.8333333333333335	6
25841	2007	4.1923076923076925	13
26178	2007	3.1666666666666665	9
25927	2007	3.5625	24
30659	2007	3.3333333333333335	3
25825	2007	3.4473684210526314	19
8516	2007	3.9411764705882355	17
32316	2007	3.6363636363636362	11
32383	2007	3.6666666666666665	6
32371	2007	3.7666666666666666	15
32770	2007	4.0	14
7883	2007	3.5	13
7890	2007	3.5	7
7896	2007	3.3076923076923075	13
8045	2007	3.234375	32
8057	2007	3.642857142857143	7
8256	2007	3.9642857142857144	14
8260	2007	4.5	4
8385	2007	3.5714285714285716	7
8410	2007	3.0	5
8486	2007	3.2857142857142856	7
8527	2007	3.1176470588235294	17
8584	2007	3.357142857142857	7
8600	2007	3.98	25
8618	2007	3.823529411764706	17
8657	2007	3.5625	8
8689	2007	3.4375	8
8694	2007	3.8333333333333335	3
8698	2007	2.5	7
8719	2007	4.375	4
8731	2007	3.1153846153846154	13
8778	2007	3.5	6
8786	2007	3.8333333333333335	9
8903	2007	2.5	9
8920	2007	4.4	5
25855	2007	3.966666666666667	15
25938	2007	3.769230769230769	26
26085	2007	3.4166666666666665	36
26117	2007	3.230769230769231	13
26174	2007	3.375	4
26226	2007	2.875	8
26283	2007	3.25	10
26898	2007	3.2857142857142856	7
30952	2007	3.65	10
31588	2007	3.6875	8
32469	2007	3.962962962962963	27
33592	2007	3.5454545454545454	11
36553	2007	3.5833333333333335	6
40973	2007	3.2916666666666665	12
8864	2007	2.7857142857142856	14
8659	2007	4.0	1
7947	2007	3.7142857142857144	7
8017	2007	3.875	16
8264	2007	4.166666666666667	15
8332	2007	3.6666666666666665	6
8463	2007	3.7142857142857144	7
8844	2007	3.5	12
8921	2007	3.4375	8
9000	2007	3.7	5
25898	2007	3.6875	16
25901	2007	3.2	10
30981	2007	2.5	1
47956	2007	3.46875	16
31223	2007	2.6875	8
43869	2007	2.8	25
48791	2007	2.738095238095238	21
8015	2007	3.5714285714285716	14
8456	2007	4.142857142857143	7
40952	2007	3.033333333333333	15
44633	2007	3.892857142857143	28
7979	2007	3.8333333333333335	15
27876	2007	3.7333333333333334	15
25899	2007	3.1538461538461537	13
25951	2007	3.111111111111111	9
8934	2007	2.3181818181818183	11
54278	2007	2.1052631578947367	19
8062	2007	2.590909090909091	11
26599	2007	4.033333333333333	15
38188	2007	3.772727272727273	11
8850	2007	3.4	5
31724	2007	2.1153846153846154	13
8648	2007	3.0	2
27841	2007	3.7	5
46430	2007	3.230769230769231	13
8787	2007	2.625	4
26746	2007	2.6458333333333335	24
33781	2007	3.6	25
34321	2007	2.5384615384615383	39
44844	2007	2.25	12
53737	2007	3.5	14
33499	2007	2.6666666666666665	51
47642	2007	3.236842105263158	19
43934	2007	3.289473684210526	19
7893	2007	2.7857142857142856	7
7923	2007	3.8333333333333335	6
8290	2007	1.2857142857142858	7
8522	2007	3.3333333333333335	3
8634	2007	2.4166666666666665	6
8751	2007	3.5	13
9013	2007	3.875	4
26313	2007	3.5714285714285716	14
30712	2007	3.5	24
31923	2007	3.7439024390243905	41
47306	2007	3.6944444444444446	18
54284	2007	3.142857142857143	7
8070	2007	4.166666666666667	6
8198	2007	4.1875	8
8291	2007	3.7222222222222223	9
8603	2007	2.5	3
8956	2007	3.727272727272727	11
27636	2007	3.8333333333333335	6
33193	2007	3.0	2
33421	2007	3.090909090909091	11
8756	2007	3.0833333333333335	6
8742	2007	3.0	1
8767	2007	4.0	15
8768	2007	3.9166666666666665	6
34583	2007	3.3333333333333335	6
44815	2007	3.1538461538461537	13
48159	2007	3.0	4
7937	2007	4.0	25
8147	2007	3.4523809523809526	21
8915	2007	3.5	11
26349	2007	3.8823529411764706	17
8518	2007	3.5	5
8574	2007	3.9166666666666665	12
8771	2007	3.25	6
25937	2007	3.75	12
44073	2007	2.96875	16
47723	2007	3.53125	16
8790	2007	4.5	2
42021	2007	3.35	10
43926	2007	1.8214285714285714	14
25893	2007	3.625	8
7846	2007	2.4375	16
8713	2007	2.772727272727273	11
8900	2007	2.0	2
9004	2007	2.71875	16
25802	2007	3.2	5
32354	2007	4.5	1
7952	2007	1.25	2
8740	2007	2.9642857142857144	14
8892	2007	2.142857142857143	7
8868	2007	2.7	5
30701	2007	3.3684210526315788	19
26974	2007	3.03125	16
33603	2007	3.8076923076923075	13
33821	2007	3.0	3
43912	2007	2.5555555555555554	18
32892	2007	4.103448275862069	29
8362	2007	2.7857142857142856	42
8722	2007	2.1	5
8504	2007	3.3214285714285716	14
7878	2007	3.4	5
7917	2007	2.9285714285714284	7
7941	2007	4.104166666666667	24
7946	2007	3.357142857142857	7
7958	2007	2.9166666666666665	6
7992	2007	3.75	2
7995	2007	2.9166666666666665	6
8069	2007	3.0	4
8257	2007	3.45	10
8263	2007	3.125	4
8384	2007	3.3333333333333335	3
8423	2007	3.625	4
8480	2007	2.75	4
8511	2007	3.388888888888889	9
8524	2007	3.4	5
8540	2007	3.25	6
8583	2007	3.625	4
8631	2007	3.05	10
8649	2007	2.0	5
8669	2007	2.75	4
8672	2007	3.75	4
8679	2007	2.5	2
8681	2007	3.8	5
8683	2007	3.15	10
8721	2007	2.625	8
8736	2007	3.5	1
8750	2007	2.8333333333333335	3
8769	2007	2.75	8
8789	2007	2.0	2
8852	2007	3.3	5
8976	2007	2.25	2
9012	2007	2.5	2
25766	2007	3.1875	8
25931	2007	3.2	5
26364	2007	3.15	10
26782	2007	3.0416666666666665	12
31038	2007	2.3333333333333335	3
31042	2007	3.111111111111111	9
31047	2007	2.5	3
31737	2007	3.7142857142857144	7
32149	2007	2.357142857142857	7
32151	2007	3.0	3
32325	2007	2.5	3
32329	2007	2.3333333333333335	3
32361	2007	3.5	3
32674	2007	2.3333333333333335	3
32677	2007	2.5	2
32781	2007	3.15	10
34645	2007	2.6666666666666665	6
50151	2007	2.0	5
33688	2007	3.0	2
8723	2007	3.5	1
7959	2007	3.2142857142857144	7
32335	2007	3.0	4
26758	2007	4.2	5
8582	2007	4.0	22
8753	2007	3.8846153846153846	13
8759	2007	3.3333333333333335	3
27768	2007	4.0	6
7921	2007	1.8333333333333333	6
8452	2007	2.1	5
8488	2007	3.05	10
8758	2007	3.5	6
8775	2007	4.375	4
8828	2007	3.0833333333333335	6
8902	2007	1.9444444444444444	9
26112	2007	3.0	4
40988	2007	3.5714285714285716	21
8749	2007	2.375	4
27820	2007	3.8333333333333335	18
26616	2007	3.3333333333333335	12
31086	2007	3.1	5
33819	2007	3.111111111111111	9
26123	2007	2.65625	16
31040	2007	2.8333333333333335	3
39408	2007	2.1923076923076925	13
8092	2007	3.0	8
7872	2007	3.5	3
8123	2007	4.166666666666667	3
8136	2007	2.25	4
8137	2007	1.9285714285714286	7
8138	2007	1.5	10
8201	2007	4.5	5
8294	2007	3.75	2
8339	2007	4.0	2
8365	2007	3.5714285714285716	7
8380	2007	1.8333333333333333	6
8393	2007	1.3125	8
8427	2007	1.4166666666666667	6
8487	2007	3.857142857142857	7
8543	2007	3.25	4
8579	2007	3.9166666666666665	6
8613	2007	4.25	4
8651	2007	3.5	13
8654	2007	3.6	5
8661	2007	3.473684210526316	19
8676	2007	1.0	4
8682	2007	3.25	2
8686	2007	3.625	4
8687	2007	1.3	5
8688	2007	3.0	3
8693	2007	4.0	2
8700	2007	4.1	5
8701	2007	2.1818181818181817	11
8714	2007	4.0	4
8729	2007	3.75	2
8762	2007	3.0	5
8770	2007	1.25	2
8819	2007	1.25	2
8821	2007	1.875	4
8834	2007	2.4375	8
8847	2007	1.5833333333333333	6
8849	2007	2.5	4
8858	2007	2.3333333333333335	3
8867	2007	2.0	6
8878	2007	2.375	4
8890	2007	1.75	4
8893	2007	2.125	4
8943	2007	3.4375	16
8964	2007	4.1	5
8988	2007	2.125	4
8992	2007	1.8333333333333333	3
8993	2007	2.0	3
9002	2007	3.4285714285714284	7
9003	2007	2.6	5
9019	2007	1.75	4
26465	2007	2.0714285714285716	7
26521	2007	3.5	2
27434	2007	2.142857142857143	14
31045	2007	1.5	2
31060	2007	3.5	2
31083	2007	2.5714285714285716	7
31447	2007	2.3	5
31613	2007	1.5	3
31747	2007	2.625	4
32076	2007	1.4	5
32120	2007	2.5	3
32128	2007	1.6666666666666667	6
32347	2007	3.8333333333333335	3
32617	2007	2.5	8
32666	2007	2.4166666666666665	6
33644	2007	2.2222222222222223	9
33685	2007	1.875	8
33823	2007	2.9166666666666665	6
34065	2007	3.1538461538461537	13
34353	2007	2.8333333333333335	3
34643	2007	2.3	5
37846	2007	2.375	4
39390	2007	3.375	4
40964	2007	2.5	5
45361	2007	2.606060606060606	33
34129	2007	2.142857142857143	7
52724	2007	2.9	25
8898	2007	3.0833333333333335	6
25886	2007	3.2	10
31956	2007	3.65625	16
32591	2007	3.357142857142857	7
31807	2007	3.0	5
8813	2007	3.235294117647059	17
8899	2007	3.875	4
26241	2007	3.0555555555555554	18
54281	2007	3.1666666666666665	3
32116	2007	2.0	9
31251	2007	3.25	6
8577	2007	3.5	7
8743	2007	2.8333333333333335	3
8765	2007	3.911764705882353	17
8901	2007	3.5	3
8383	2007	2.875	8
8785	2007	4.166666666666667	12
31107	2007	3.25	2
7839	2007	3.125	4
7936	2007	4.416666666666667	12
8124	2007	3.6666666666666665	3
8203	2007	3.75	4
8238	2007	3.9166666666666665	6
8625	2007	3.2	5
8668	2007	3.5	1
8716	2007	2.3333333333333335	6
8766	2007	3.3333333333333335	6
8876	2007	4.333333333333333	3
30949	2007	3.0833333333333335	6
30970	2007	3.875	4
8601	2007	4.071428571428571	7
8609	2007	3.7857142857142856	14
8998	2007	3.71875	16
8999	2007	3.142857142857143	7
25805	2007	4.035714285714286	14
25865	2007	4.0	8
32605	2007	1.5	1
36545	2007	2.125	4
37844	2007	2.6666666666666665	9
47815	2007	1.375	4
8007	2007	2.1666666666666665	3
49644	2007	3.3333333333333335	3
8732	2007	3.9285714285714284	7
8746	2007	3.125	4
8932	2007	2.0	4
27792	2007	3.2	10
32385	2007	2.4	5
43906	2007	1.9	5
8872	2007	3.0	13
33832	2007	3.0	5
8854	2007	3.0	3
8587	2007	2.9	5
7886	2007	2.5	3
8273	2007	3.5555555555555554	9
8796	2007	3.8461538461538463	13
26497	2007	3.5	9
8127	2007	3.0	6
7928	2007	3.125	4
8895	2007	3.1666666666666665	3
8837	2007	3.25	2
8484	2007	3.1666666666666665	3
33641	2007	3.75	2
50354	2007	3.0	10
8971	2007	4.333333333333333	3
7900	2007	2.4	5
8662	2007	3.3	10
8388	2007	3.875	4
8224	2007	3.3333333333333335	3
44889	2007	4.0	1
8272	2007	3.4166666666666665	6
8780	2007	3.357142857142857	7
33454	2007	3.96875	16
32381	2007	4.0	3
39410	2007	1.6666666666666667	3
8923	2007	3.7	10
8929	2007	2.9	5
8629	2007	3.7	5
25769	2007	3.625	20
8222	2007	3.4444444444444446	9
8395	2007	3.4444444444444446	9
8615	2007	3.25	6
27776	2007	3.5	4
32999	2007	2.75	2
48909	2007	3.55	10
32584	2007	2.892857142857143	14
36477	2007	3.1333333333333333	15
39416	2007	3.25	2
26726	2007	2.7857142857142856	7
54612	2007	3.4	10
8269	2007	2.6666666666666665	3
8705	2007	1.5	2
26996	2007	3.0	3
33148	2007	2.2142857142857144	7
54734	2007	2.2	5
8960	2007	2.5	3
32646	2007	3.625	4
8506	2007	3.2142857142857144	7
27432	2007	3.9642857142857144	14
31494	2007	3.5	1
32602	2007	2.6666666666666665	3
39394	2007	3.5	1
8525	2007	3.2857142857142856	7
8980	2007	3.625	4
7940	2007	3.8333333333333335	12
8398	2007	4.0	2
8779	2007	3.1363636363636362	11
26230	2007	1.6666666666666667	3
26791	2007	3.5	7
7888	2007	3.75	8
8841	2007	2.875	4
8829	2007	2.75	8
7993	2007	3.625	4
32649	2007	3.875	8
8421	2007	3.1666666666666665	3
31606	2007	3.0	1
33160	2007	1.0	1
8871	2007	2.75	10
8140	2007	3.0	5
32109	2007	3.8333333333333335	3
26841	2007	2.75	4
8189	2007	4.0	5
25773	2007	3.75	8
31035	2007	3.6666666666666665	9
7935	2007	3.5	3
8009	2007	3.1	5
8381	2007	3.5	4
8881	2007	3.8	5
8986	2007	2.75	4
26038	2007	3.7	5
39402	2007	2.875	8
41425	2007	3.0625	8
7912	2007	2.5	2
8621	2007	3.0	2
25924	2007	4.0625	8
30991	2007	3.6	5
32170	2007	3.75	4
31247	2007	3.2	5
8678	2007	3.1	5
8715	2007	3.75	2
8954	2007	2.75	4
8460	2007	3.8	5
7885	2007	2.8125	8
8617	2007	2.7	5
8741	2007	2.5	2
9006	2007	2.75	2
31600	2007	2.5	2
34538	2007	3.0714285714285716	7
8962	2007	3.1666666666666665	3
8599	2007	3.0	1
32632	2007	3.8333333333333335	3
27587	2007	3.4166666666666665	6
8133	2007	3.75	8
47493	2007	3.7777777777777777	9
8619	2007	4.0	2
8944	2007	3.25	2
8952	2007	2.5	3
27648	2007	3.5	10
31263	2007	3.4444444444444446	9
32078	2007	2.9	10
32162	2007	2.25	2
36152	2007	3.5	8
27734	2007	3.7	5
8585	2007	2.5	5
8794	2007	4.333333333333333	3
8884	2007	2.6666666666666665	12
8925	2007	2.0	1
31026	2007	2.8	5
27874	2007	3.25	2
8990	2007	3.5	3
8653	2007	3.25	2
8797	2007	3.9444444444444446	9
8889	2007	2.75	6
9008	2007	3.625	4
52016	2007	1.75	2
8004	2007	3.0	6
8194	2007	3.6	5
8635	2007	2.4285714285714284	7
54745	2007	3.45	10
8425	2007	2.8	5
8777	2007	2.875	4
8823	2007	2.6666666666666665	3
26734	2007	4.0	1
32141	2007	3.25	2
34177	2007	2.0	3
49110	2007	2.5416666666666665	12
8391	2007	3.375	4
8336	2007	4.071428571428571	7
8704	2007	2.0	3
8616	2007	3.6	5
32013	2007	2.0	2
8252	2007	3.625	4
8374	2007	4.0	4
31682	2007	2.4	5
31680	2007	3.5	3
8043	2007	2.6	5
8572	2007	3.1666666666666665	6
8143	2007	3.9	5
8035	2007	3.375	4
8454	2007	4.5	3
8685	2007	3.25	2
27644	2007	3.5	4
30890	2007	3.75	2
30994	2007	4.0	1
32620	2007	3.5	3
32862	2007	3.25	4
8997	2007	3.6666666666666665	3
31004	2007	4.0	1
8502	2007	4.166666666666667	3
8537	2007	3.7	5
8465	2007	2.75	2
31109	2007	3.0	2
32062	2007	3.0	1
26976	2007	3.3333333333333335	3
32049	2007	2.875	4
26544	2007	3.3333333333333335	9
8013	2007	4.0	2
33152	2007	3.5	2
34359	2007	3.5	4
8926	2007	2.625	4
8382	2007	2.5	2
8826	2007	3.3333333333333335	3
8595	2007	2.625	4
8818	2007	2.8333333333333335	3
25906	2007	3.8333333333333335	3
44511	2007	3.1	10
8776	2007	3.0	1
54783	2007	2.0	2
33132	2007	3.25	2
8367	2007	2.7083333333333335	12
8799	2007	2.5625	16
8424	2007	2.5	4
32074	2007	3.75	2
8597	2007	3.0	1
8259	2007	2.75	2
8825	2007	3.5	3
8710	2007	3.65	10
7837	2007	2.875	4
27436	2007	2.25	4
32009	2007	3.4444444444444446	9
30977	2007	2.3333333333333335	3
8671	2007	3.0	1
32314	2007	3.5	5
8403	2007	3.125	4
33140	2007	3.5	1
33142	2007	3.5	1
31079	2007	2.375	4
34608	2007	2.5	3
34189	2007	0.5	1
8478	2007	3.75	2
8453	2007	2.5	1
8887	2007	3.0	1
32345	2007	3.125	4
8788	2007	3.625	4
32002	2007	5.0	1
9015	2007	2.6666666666666665	3
36523	2007	3.9285714285714284	7
8706	2007	3.1666666666666665	3
8927	2007	2.4	5
8744	2007	3.0	3
54778	2007	3.25	2
8481	2007	3.8333333333333335	3
7953	2007	1.75	2
8845	2007	3.1666666666666665	3
8703	2007	3.1666666666666665	3
8855	2007	2.625	4
8702	2007	3.0	4
31750	2007	3.5	1
36511	2007	1.0	1
7950	2007	4.0	1
7994	2007	3.25	2
8392	2007	3.5	3
8407	2007	3.0	3
8627	2007	2.5	2
8628	2007	4.0	1
8646	2007	2.75	2
8673	2007	3.5	1
8791	2007	4.5	1
8816	2007	2.75	2
8843	2007	2.5	2
8883	2007	3.125	4
8896	2007	3.0	2
8995	2007	3.25	2
32056	2007	3.75	2
32153	2007	2.0	3
32395	2007	3.0	2
40969	2007	2.875	4
32294	2007	3.5	1
8187	2007	2.8	5
9014	2007	4.5	2
8996	2007	3.5	1
39425	2007	3.0	2
8851	2007	2.875	4
32342	2007	0.5	1
8994	2007	2.75	2
26136	2007	3.5	2
8708	2007	3.0	1
7898	2007	2.75	2
8095	2007	3.0	1
8637	2007	2.25	2
8804	2007	3.375	4
8913	2007	2.25	2
31011	2007	3.0	1
31598	2007	3.0	1
32389	2007	4.0	1
41564	2007	3.0	1
31053	2007	1.5	1
8063	2007	3.5	2
7985	2007	3.0	1
8942	2007	3.0	1
8240	2007	2.5	1
8975	2007	4.0	1
9016	2007	5.0	1
8674	2007	2.5	1
31000	2007	4.0	1
8953	2007	3.0	1
8402	2007	2.0	1
7838	2007	2.0	1
7880	2007	3.5	1
7913	2007	2.0	1
7945	2007	3.0	1
8068	2007	3.0	1
8141	2007	2.5	1
8148	2007	3.5	1
8237	2007	2.5	1
8262	2007	4.0	1
8329	2007	4.0	1
8335	2007	4.0	1
8375	2007	3.0	1
8399	2007	2.5	1
8450	2007	3.75	2
8458	2007	4.0	1
8461	2007	2.5	1
8519	2007	1.5	1
8592	2007	2.5	1
8647	2007	2.5	1
8745	2007	2.0	1
8763	2007	2.0	1
8802	2007	2.5	1
8806	2007	2.0	1
8817	2007	2.5	1
8820	2007	2.0	1
8824	2007	2.0	1
8857	2007	2.5	1
8877	2007	2.5	1
8897	2007	2.0	1
8924	2007	3.5	1
8936	2007	3.5	1
8991	2007	2.0	1
9007	2007	4.0	1
26106	2007	2.5	1
26128	2007	3.0	1
30942	2007	3.0	1
30996	2007	4.0	1
31742	2007	3.0	1
32166	2007	2.5	1
32625	2007	2.0	1
33191	2007	3.0	1
34193	2007	2.5	1
34473	2007	4.0	1
37837	2007	2.5	1