3565	2008	3.2916666666666665	24
2696	2008	3.8636363636363638	33
2808	2008	2.4956521739130433	115
3755	2008	3.0254237288135593	354
3955	2008	3.026315789473684	19
4369	2008	2.7372372372372373	333
4728	2008	2.959349593495935	123
2710	2008	2.853954081632653	784
3101	2008	3.2522796352583585	329
3219	2008	3.21875	16
4361	2008	3.4834437086092715	302
4546	2008	3.818840579710145	69
3435	2008	4.0859375	192
3683	2008	3.928125	160
4973	2008	4.2092746730083235	1682
2692	2008	3.86624649859944	714
3248	2008	2.5185185185185186	81
3253	2008	3.4258620689655173	580
3977	2008	2.6756410256410255	780
4226	2008	4.183102081268583	2018
4246	2008	3.2774957698815568	591
4306	2008	3.790537084398977	1955
4308	2008	3.5397350993377485	604
4886	2008	3.803105151729005	1417
4954	2008	3.7739726027397262	73
4963	2008	3.7809436274509802	1632
4993	2008	4.055532445923461	2404
2722	2008	2.568548387096774	248
3479	2008	3.5476190476190474	84
4623	2008	3.5198412698412698	126
4639	2008	2.8181818181818183	132
2929	2008	3.5	16
2628	2008	2.9623878536922015	1449
2683	2008	3.1954022988505746	1218
2706	2008	3.1275720164609053	1215
2716	2008	3.714992389649924	1314
2720	2008	2.168103448275862	116
2762	2008	3.8955078125	2048
2840	2008	3.2038216560509554	157
2858	2008	4.065151515151515	2310
2959	2008	4.322291504286828	2566
2987	2008	3.5061274509803924	816
3005	2008	3.3638392857142856	224
3114	2008	3.525583982202447	899
3252	2008	3.843260188087774	319
3578	2008	3.9388083735909825	1863
3623	2008	2.9452449567723344	694
3751	2008	3.440031152647975	642
3793	2008	3.566340782122905	1432
3984	2008	3.4878048780487805	164
3996	2008	3.7674037674037675	1221
4995	2008	3.9025695931477515	1401
2694	2008	3.1245954692556634	309
2707	2008	3.4539748953974896	239
2791	2008	3.773598820058997	678
2918	2008	3.8361344537815127	1071
2953	2008	2.75	278
3255	2008	3.425566343042071	309
3263	2008	3.050561797752809	178
3450	2008	3.3198924731182795	186
3596	2008	2.357142857142857	7
4023	2008	3.401898734177215	158
3054	2008	2.1545454545454548	55
3534	2008	3.2830882352941178	136
3615	2008	2.895348837209302	43
3699	2008	3.4296875	64
2599	2008	3.5972222222222223	288
2657	2008	3.3465608465608465	378
2712	2008	3.297794117647059	544
2763	2008	3.4239690721649483	388
2925	2008	4.078947368421052	19
2997	2008	3.874032674118659	1163
3030	2008	4.148876404494382	178
3052	2008	3.7054161162483488	757
3081	2008	3.6495652173913045	575
3089	2008	4.012396694214876	121
3176	2008	3.554838709677419	465
3408	2008	3.4548192771084336	664
3481	2008	3.766613924050633	632
3911	2008	3.6264880952380953	336
3948	2008	3.3766788766788767	819
3949	2008	4.054369918699187	984
3994	2008	3.496274217585693	671
4011	2008	4.099389712292938	1147
4014	2008	3.6704312114989732	487
4022	2008	3.537202380952381	1008
4027	2008	3.870136186770428	1028
4034	2008	3.7624821683309557	701
4235	2008	3.9295612009237875	433
4848	2008	3.9144329896907215	485
4878	2008	4.041197183098592	1420
4896	2008	3.4209710743801653	968
4914	2008	3.9945054945054945	91
4979	2008	3.8097133757961785	628
4881	2008	3.786144578313253	166
2660	2008	3.28125	16
4272	2008	3.85	10
4783	2008	4.166666666666667	12
4967	2008	3.973404255319149	94
2905	2008	4.090909090909091	44
3000	2008	4.136363636363637	462
3550	2008	2.710526315789474	19
3742	2008	3.8879310344827585	58
4102	2008	3.6379310344827585	87
4902	2008	3.827777777777778	90
2890	2008	3.478310502283105	438
2916	2008	3.5025706940874035	778
3510	2008	3.3220338983050848	295
3535	2008	3.7025462962962963	432
3979	2008	2.84	125
4816	2008	3.407158836689038	447
2827	2008	2.884259259259259	108
3053	2008	3.3529411764705883	51
4161	2008	3.1493506493506493	154
4333	2008	3.082089552238806	67
4340	2008	2.340909090909091	44
4992	2008	3.0689655172413794	116
2606	2008	2.75	34
2713	2008	2.4525862068965516	116
3018	2008	3.411111111111111	45
3686	2008	3.2607142857142857	140
3826	2008	2.6742957746478875	284
4128	2008	3.5754716981132075	159
3147	2008	3.9954421148587054	1097
3250	2008	3.56	75
2617	2008	3.206033376123235	779
2640	2008	3.4544444444444444	450
2693	2008	3.8225806451612905	31
2699	2008	2.688131313131313	396
2700	2008	3.7235714285714288	700
2804	2008	3.726775956284153	366
2985	2008	3.330769230769231	585
3146	2008	2.4966666666666666	150
3175	2008	3.390995260663507	422
3421	2008	3.707289293849658	439
3471	2008	3.6824324324324325	444
3608	2008	3.112021857923497	183
3819	2008	4.159090909090909	44
3868	2008	3.58974358974359	234
3897	2008	3.792046936114733	767
4158	2008	2.2	15
4370	2008	3.2366220735785953	598
4446	2008	3.231075697211155	251
4719	2008	2.878787878787879	33
4873	2008	3.9447674418604652	172
5072	2008	3.6129032258064515	62
2946	2008	3.6029411764705883	34
3060	2008	3.667682926829268	164
3105	2008	3.802325581395349	258
3148	2008	3.511070110701107	271
3801	2008	3.9672131147540983	61
4187	2008	4.0	21
4703	2008	3.6956521739130435	69
4809	2008	3.53125	16
2951	2008	4.0	238
4855	2008	3.8042452830188678	212
2802	2008	3.3333333333333335	15
5013	2008	3.425925925925926	216
5064	2008	3.912863070539419	241
5065	2008	3.1927083333333335	96
2970	2008	3.6911764705882355	34
3328	2008	3.7580645161290325	155
2949	2008	3.610074626865672	268
3275	2008	4.069488817891374	626
3863	2008	2.968454258675079	317
2717	2008	3.190769230769231	325
2723	2008	2.9611486486486487	296
3098	2008	3.8931297709923665	131
3360	2008	3.830827067669173	133
3439	2008	2.8789473684210525	95
3791	2008	3.039325842696629	89
3869	2008	3.2443181818181817	176
4036	2008	3.317073170731707	41
3113	2008	2.8664596273291925	161
3354	2008	2.8603603603603602	222
3986	2008	2.936111111111111	180
2642	2008	2.6285714285714286	140
2671	2008	3.37527352297593	457
2701	2008	2.5345572354211665	463
2805	2008	2.8798701298701297	154
2826	2008	3.186770428015564	257
2986	2008	2.6804733727810652	169
3033	2008	3.561571125265393	471
3107	2008	3.1796296296296296	270
3208	2008	2.782051282051282	39
3247	2008	2.782	250
3257	2008	2.746192893401015	197
3273	2008	2.1538461538461537	234
3285	2008	3.33125	160
3363	2008	3.566390041493776	241
3386	2008	3.614	250
3438	2008	2.922222222222222	135
3448	2008	3.692857142857143	420
3452	2008	2.9007936507936507	126
3489	2008	3.3902439024390243	328
3527	2008	3.664705882352941	595
3555	2008	3.286324786324786	234
3617	2008	3.074733096085409	281
3638	2008	3.2293233082706765	133
3702	2008	3.488603988603989	351
3703	2008	3.5768072289156625	332
3704	2008	3.027027027027027	185
3717	2008	3.174712643678161	435
3744	2008	2.9444444444444446	135
3745	2008	3.2278481012658227	158
3785	2008	2.778481012658228	395
3825	2008	2.8108974358974357	156
3827	2008	2.9545454545454546	143
3879	2008	3.1041666666666665	24
4015	2008	2.607421875	256
4084	2008	3.131205673758865	141
4223	2008	3.7522935779816513	327
4232	2008	2.5657894736842106	114
4247	2008	2.7142857142857144	77
4270	2008	3.059659090909091	352
4310	2008	2.806532663316583	398
4321	2008	3.2128378378378377	296
4343	2008	3.0	189
4344	2008	3.1549019607843136	255
4367	2008	2.946945337620579	311
4387	2008	3.5531914893617023	47
4447	2008	2.9292682926829268	410
4558	2008	2.6975806451612905	124
4571	2008	3.3917808219178083	365
4638	2008	2.7832764505119454	293
4643	2008	2.616477272727273	352
4701	2008	3.1885245901639343	244
4718	2008	2.8647540983606556	366
4734	2008	3.35	250
4776	2008	3.81203007518797	399
4916	2008	3.8461538461538463	13
4974	2008	2.4623655913978495	93
4975	2008	3.461453744493392	454
5010	2008	3.7287822878228782	542
4642	2008	3.84375	96
2724	2008	2.6496913580246915	324
2764	2008	3.5	82
2788	2008	4.021645021645021	231
2797	2008	3.525260029717682	673
2948	2008	3.595406360424028	283
2991	2008	3.482142857142857	168
3082	2008	3.1311188811188813	286
3198	2008	3.971264367816092	174
3258	2008	2.988235294117647	85
3300	2008	3.502008032128514	249
3301	2008	3.339080459770115	261
3624	2008	3.0603715170278636	323
3633	2008	3.1097560975609757	82
3635	2008	3.5964285714285715	140
3831	2008	3.62	25
3836	2008	3.8365384615384617	52
3882	2008	2.726950354609929	141
3988	2008	2.813888888888889	180
4016	2008	3.6098265895953756	173
4018	2008	3.0618131868131866	364
4025	2008	2.872191011235955	356
4238	2008	3.208955223880597	67
4299	2008	3.2304347826086954	230
4487	2008	2.847058823529412	85
4677	2008	2.943820224719101	89
4823	2008	3.383720930232558	129
2686	2008	3.796116504854369	206
2688	2008	3.02	200
2690	2008	3.9305555555555554	36
2734	2008	3.1964285714285716	28
2801	2008	3.1666666666666665	9
2803	2008	3.4757575757575756	165
2875	2008	3.1333333333333333	15
2908	2008	3.7138047138047137	297
2961	2008	2.892857142857143	14
3006	2008	3.836769759450172	291
3072	2008	3.430327868852459	122
3083	2008	3.965625	160
3100	2008	3.5421686746987953	166
3125	2008	3.25	16
3129	2008	3.8181818181818183	33
3160	2008	3.925764192139738	458
3161	2008	3.5625	8
3169	2008	3.3846153846153846	13
3186	2008	3.655688622754491	167
3256	2008	3.549152542372881	295
3259	2008	3.0901639344262297	61
3317	2008	3.652941176470588	170
3355	2008	3.3796296296296298	162
3418	2008	3.51453488372093	344
3436	2008	2.4375	8
3499	2008	3.6683168316831685	303
3505	2008	3.5918367346938775	49
3536	2008	3.3058252427184467	103
3556	2008	3.711618257261411	241
3677	2008	4.027027027027027	74
3795	2008	3.5555555555555554	9
3798	2008	3.0063829787234044	235
3824	2008	2.310344827586207	29
3893	2008	3.010344827586207	145
3909	2008	2.125	8
3952	2008	3.5357142857142856	28
3953	2008	2.1666666666666665	24
3967	2008	3.8107142857142855	280
3969	2008	3.5	189
3983	2008	3.8513513513513513	37
3993	2008	3.4235294117647057	85
3998	2008	3.022727272727273	44
4008	2008	3.4047619047619047	126
4019	2008	3.6079545454545454	176
4020	2008	3.349056603773585	53
4029	2008	3.3902439024390243	41
4041	2008	3.4863013698630136	73
4062	2008	2.984848484848485	33
4067	2008	2.7142857142857144	7
4085	2008	3.606060606060606	396
4091	2008	3.227272727272727	22
4103	2008	3.859259259259259	135
4121	2008	3.169642857142857	56
4155	2008	3.3043478260869565	46
4169	2008	2.8333333333333335	3
4205	2008	3.34	25
4239	2008	3.8378016085790883	373
4307	2008	3.3	5
4351	2008	3.2644628099173554	121
4372	2008	3.111111111111111	36
4380	2008	3.8333333333333335	27
4389	2008	3.4166666666666665	18
4474	2008	2.9696969696969697	33
4476	2008	3.25	4
4521	2008	3.25	2
4527	2008	3.0	1
4537	2008	3.375	8
4621	2008	2.7553956834532376	139
4641	2008	3.6973684210526314	228
4720	2008	3.697228144989339	469
4865	2008	3.4712041884816753	191
4874	2008	3.5147540983606556	305
4901	2008	3.6725	200
5014	2008	3.5037037037037035	135
5015	2008	3.3497109826589595	173
2729	2008	3.935483870967742	124
2931	2008	4.369565217391305	23
3404	2008	3.288135593220339	59
3503	2008	4.073170731707317	82
3108	2008	3.7	150
3740	2008	3.4345549738219896	191
3362	2008	3.998220640569395	281
4735	2008	2.5	52
3008	2008	3.9545454545454546	33
2726	2008	3.864130434782609	92
2727	2008	3.55	10
2728	2008	3.838815789473684	152
2730	2008	4.057894736842106	95
2731	2008	3.854014598540146	137
2848	2008	3.95	10
2920	2008	4.178571428571429	28
2932	2008	3.8970588235294117	34
2947	2008	3.6597222222222223	432
2990	2008	3.354330708661417	127
2993	2008	3.568027210884354	147
3002	2008	4.076923076923077	13
3022	2008	4.111111111111111	90
3095	2008	3.7794117647058822	68
3134	2008	3.7358490566037736	53
3202	2008	4.642857142857143	7
3306	2008	4.045454545454546	22
3307	2008	4.164835164835165	91
3310	2008	3.967391304347826	46
3462	2008	4.115384615384615	169
3559	2008	3.4166666666666665	12
3629	2008	4.01875	80
3730	2008	4.004032258064516	124
3788	2008	3.978723404255319	47
4144	2008	4.149635036496351	137
4406	2008	3.9307692307692306	65
4928	2008	4.176470588235294	34
5056	2008	4.15	20
5058	2008	2.9	5
5059	2008	3.9305555555555554	36
3178	2008	3.7240259740259742	154
3821	2008	1.8641304347826086	92
3916	2008	3.7168284789644015	309
3972	2008	3.827433628318584	113
3980	2008	3.6163793103448274	116
4846	2008	3.8222222222222224	45
2944	2008	3.6666666666666665	234
4465	2008	3.5	55
2600	2008	3.494475138121547	181
2746	2008	3.1543624161073827	298
2747	2008	3.0416666666666665	36
2765	2008	4.0	8
2770	2008	2.7745454545454544	275
2798	2008	2.0930232558139537	43
2799	2008	2.057142857142857	35
2819	2008	3.770408163265306	98
2859	2008	3.9791666666666665	24
2871	2008	3.6802721088435373	294
2883	2008	3.423076923076923	13
3019	2008	3.7866666666666666	75
3039	2008	3.6872146118721463	219
3087	2008	3.467455621301775	169
3168	2008	3.794943820224719	178
3196	2008	4.0	66
3210	2008	3.607250755287009	331
3271	2008	3.5727272727272728	110
3272	2008	3.42	25
3316	2008	2.5813953488372094	43
3384	2008	3.75	22
3430	2008	3.3636363636363638	22
3504	2008	4.0174825174825175	143
3508	2008	3.955	100
3552	2008	3.6887096774193546	310
3593	2008	1.6978417266187051	139
3671	2008	3.7876344086021505	372
3726	2008	3.625	36
3735	2008	3.828402366863905	169
3752	2008	3.0322033898305083	295
3753	2008	3.423828125	512
3754	2008	2.125	24
3809	2008	3.46875	160
3852	2008	2.9761904761904763	21
3968	2008	2.816326530612245	147
4002	2008	3.5675675675675675	259
4007	2008	3.7857142857142856	147
4082	2008	3.8333333333333335	12
4105	2008	3.6705607476635516	214
4132	2008	2.59375	32
4148	2008	3.326171875	256
4262	2008	3.9449213161659515	699
4378	2008	3.5163934426229506	61
4396	2008	2.8452380952380953	42
4415	2008	3.7142857142857144	7
4452	2008	3.2	15
4544	2008	2.8771929824561404	57
4713	2008	3.435483870967742	31
4733	2008	3.231707317073171	41
4770	2008	2.875	24
4799	2008	3.6666666666666665	39
4834	2008	3.0	5
4862	2008	3.111111111111111	9
5002	2008	3.230769230769231	13
5049	2008	3.546875	128
5054	2008	3.375	16
2772	2008	3.1315789473684212	38
3461	2008	3.4210526315789473	95
3668	2008	3.425531914893617	94
4679	2008	3.3333333333333335	87
2968	2008	3.474910394265233	279
3243	2008	2.7846153846153845	65
3926	2008	3.5	4
2662	2008	3.4097222222222223	144
3323	2008	2.3333333333333335	3
4200	2008	2.2	15
4890	2008	2.8727272727272726	165
2735	2008	2.9012345679012346	81
2739	2008	3.758720930232558	172
3020	2008	3.7634146341463413	205
3104	2008	3.5126582278481013	79
3639	2008	3.4440298507462686	134
3681	2008	3.9513274336283186	226
4069	2008	2.7572463768115942	138
4298	2008	4.079545454545454	44
4326	2008	3.9397163120567376	141
5060	2008	3.7814207650273226	183
2605	2008	3.1059027777777777	288
2881	2008	3.2669039145907472	281
4256	2008	3.25	4
3697	2008	2.956221198156682	217
2641	2008	3.094736842105263	285
4006	2008	3.325	100
4880	2008	3.662921348314607	89
3515	2008	2.8552631578947367	38
3190	2008	2.272727272727273	11
3393	2008	3.5	3
3440	2008	2.2285714285714286	70
3667	2008	2.0	2
3694	2008	3.2	5
3695	2008	3.8333333333333335	3
3877	2008	1.9210526315789473	19
4125	2008	1.9375	8
4215	2008	2.3684210526315788	19
4397	2008	2.727272727272727	11
4398	2008	2.4	5
4551	2008	2.1666666666666665	3
4588	2008	3.25	2
4630	2008	2.388888888888889	9
4637	2008	2.6875	8
4676	2008	2.40625	16
4686	2008	1.736842105263158	19
4949	2008	1.9166666666666667	6
4985	2008	1.6	5
5053	2008	2.566666666666667	15
2664	2008	3.5602409638554215	83
2672	2008	3.5655737704918034	122
2687	2008	3.2514792899408285	169
2761	2008	3.7151162790697674	344
2863	2008	3.732142857142857	84
2872	2008	3.4396135265700485	207
2915	2008	3.2797202797202796	286
2917	2008	3.6702127659574466	47
2919	2008	3.6206896551724137	29
2926	2008	3.240740740740741	81
2935	2008	3.9516129032258065	31
2942	2008	2.967289719626168	107
2950	2008	2.8227272727272728	110
2973	2008	3.9939024390243905	82
3032	2008	3.3	40
3037	2008	3.9	50
3062	2008	3.8372093023255816	43
3070	2008	3.467391304347826	46
3071	2008	3.443396226415094	53
3152	2008	3.8461538461538463	39
3203	2008	3.3863636363636362	44
3264	2008	2.7788461538461537	156
3267	2008	3.546875	128
3274	2008	2.9078947368421053	38
3298	2008	3.5759493670886076	158
3359	2008	3.784313725490196	51
3409	2008	3.0934065934065935	182
3441	2008	3.3076923076923075	65
3468	2008	4.053030303030303	132
3476	2008	3.7572254335260116	173
3507	2008	3.9183673469387754	49
3524	2008	3.4558823529411766	34
3543	2008	3.5	27
3548	2008	3.3666666666666667	15
3551	2008	3.8488372093023258	86
3572	2008	0.8	5
3574	2008	1.125	4
3654	2008	3.6475409836065573	122
3685	2008	3.625	20
3698	2008	3.185483870967742	248
3701	2008	3.217391304347826	23
3763	2008	3.215686274509804	51
3844	2008	3.494047619047619	84
3861	2008	3.1382978723404253	94
3959	2008	3.8658536585365852	82
3978	2008	3.3088235294117645	68
3999	2008	2.6238938053097347	113
4054	2008	3.118181818181818	110
4241	2008	1.54	25
4280	2008	3.373015873015873	63
4291	2008	3.140625	32
4327	2008	3.7781954887218046	133
4467	2008	3.52755905511811	127
4489	2008	3.5268456375838926	149
4499	2008	3.731060606060606	132
4545	2008	3.2886178861788617	123
4673	2008	2.9913793103448274	58
4681	2008	3.402173913043478	46
4700	2008	3.1444444444444444	90
4887	2008	2.898936170212766	94
4889	2008	3.3229166666666665	48
5040	2008	2.9047619047619047	63
5055	2008	3.4461538461538463	65
2861	2008	3.21875	16
3268	2008	1.9402985074626866	67
3361	2008	3.460905349794239	243
3394	2008	2.625	16
3444	2008	3.2888888888888888	45
3684	2008	3.1904761904761907	21
3889	2008	2.611111111111111	18
4355	2008	3.3333333333333335	6
4802	2008	3.717391304347826	23
4404	2008	4.217391304347826	23
4777	2008	3.8333333333333335	9
2719	2008	2.610344827586207	145
2750	2008	4.0	30
2792	2008	3.2655172413793103	145
2794	2008	3.0194805194805197	77
2795	2008	3.7947598253275108	229
2810	2008	3.7222222222222223	54
2841	2008	3.4791666666666665	72
2901	2008	3.5588235294117645	17
2966	2008	3.876543209876543	81
2989	2008	3.4708029197080292	137
2995	2008	2.6538461538461537	65
3174	2008	3.5636942675159236	314
3262	2008	3.736111111111111	72
3265	2008	3.95	90
3587	2008	3.0	3
3618	2008	3.7837837837837838	37
3627	2008	3.272727272727273	11
3676	2008	3.7091836734693877	98
3706	2008	3.652173913043478	46
3812	2008	3.6825396825396823	63
3814	2008	3.9705882352941178	51
3837	2008	4.125	4
3838	2008	3.75	2
3839	2008	3.1666666666666665	3
3840	2008	2.5555555555555554	9
3917	2008	3.4649122807017543	57
3918	2008	3.090909090909091	22
3919	2008	2.142857142857143	14
3970	2008	3.125	8
4005	2008	3.221311475409836	61
4214	2008	3.0598290598290596	117
4409	2008	3.65	10
4422	2008	4.121951219512195	41
4437	2008	3.8181818181818183	33
4515	2008	3.4565217391304346	23
4541	2008	3.5	12
4580	2008	2.433333333333333	15
4628	2008	3.473684210526316	19
4678	2008	3.5970149253731343	67
4725	2008	3.3285714285714287	35
4741	2008	3.8333333333333335	42
4786	2008	2.9166666666666665	6
4833	2008	3.0952380952380953	21
4876	2008	2.793103448275862	58
5004	2008	3.888888888888889	27
5069	2008	3.433333333333333	15
3296	2008	3.735294117647059	34
3707	2008	3.2261904761904763	42
4225	2008	3.75531914893617	47
3065	2008	3.8125	8
4616	2008	3.7203389830508473	59
2594	2008	3.8485915492957745	142
2622	2008	3.210526315789474	57
2709	2008	3.4375	24
2857	2008	3.6437908496732025	153
2867	2008	3.5952380952380953	21
2877	2008	3.2142857142857144	21
3163	2008	3.8181818181818183	11
3213	2008	3.642857142857143	49
3254	2008	3.006289308176101	159
3327	2008	3.5294117647058822	17
3396	2008	3.405511811023622	254
3398	2008	3.4642857142857144	42
3424	2008	3.8199052132701423	211
3429	2008	4.01530612244898	98
3538	2008	3.48	25
3545	2008	3.8636363636363638	55
3581	2008	3.443396226415094	53
3719	2008	3.0	2
3757	2008	3.5	1
3973	2008	2.0853658536585367	41
3997	2008	2.1333333333333333	75
4090	2008	3.45	40
4386	2008	2.6506849315068495	73
4388	2008	2.2830188679245285	212
4417	2008	4.0	1
4519	2008	3.36231884057971	69
4744	2008	2.6180555555555554	72
4754	2008	3.425925925925926	81
4867	2008	3.2586206896551726	29
4911	2008	2.9	25
4941	2008	2.95	60
4961	2008	3.4166666666666665	6
4980	2008	3.1640625	128
5026	2008	3.336734693877551	98
4821	2008	2.9285714285714284	21
4254	2008	2.53	50
4368	2008	2.015625	64
4636	2008	2.673076923076923	26
3223	2008	3.75	10
2624	2008	3.6166666666666667	30
3420	2008	3.5555555555555554	18
3466	2008	4.1875	8
3613	2008	3.0	1
3733	2008	3.5	21
4969	2008	3.6774193548387095	31
2607	2008	3.1333333333333333	15
2775	2008	3.375	4
4722	2008	2.8	10
2732	2008	3.8666666666666667	60
4052	2008	3.089041095890411	73
2868	2008	2.75	2
2889	2008	3.5	26
3477	2008	3.5598290598290596	117
3513	2008	3.2338709677419355	62
3526	2008	3.274390243902439	82
3563	2008	3.1666666666666665	12
3564	2008	1.9811320754716981	53
3908	2008	2.35	20
4030	2008	2.371794871794872	39
4040	2008	2.782051282051282	39
4220	2008	3.3947368421052633	38
4248	2008	2.272727272727273	33
4574	2008	2.909090909090909	11
4591	2008	3.5277777777777777	18
4899	2008	2.4827586206896552	29
5092	2008	2.661290322580645	31
3786	2008	3.6333333333333333	60
4017	2008	3.475609756097561	41
2616	2008	2.7888888888888888	225
3156	2008	3.268292682926829	123
4255	2008	2.5	51
2922	2008	3.6	30
3090	2008	4.0	16
3111	2008	3.8125	8
3406	2008	3.8	5
4047	2008	3.3461538461538463	39
4104	2008	2.5384615384615383	26
4427	2008	3.7976190476190474	42
4795	2008	4.037037037037037	27
5033	2008	3.6	5
3498	2008	3.892523364485981	107
3822	2008	3.8846153846153846	13
3910	2008	3.853448275862069	174
3484	2008	2.873134328358209	67
3989	2008	3.9038461538461537	26
4356	2008	3.7419354838709675	31
3124	2008	2.0	1
4191	2008	3.0869565217391304	23
4664	2008	4.033333333333333	15
2643	2008	2.178861788617886	123
2644	2008	3.3333333333333335	51
2648	2008	3.5246913580246915	81
2702	2008	3.4655172413793105	58
2745	2008	3.6979166666666665	48
2789	2008	3.1	20
2790	2008	2.8636363636363638	11
2793	2008	2.6704545454545454	44
2815	2008	2.7058823529411766	17
2822	2008	3.159090909090909	22
2924	2008	3.736111111111111	72
3157	2008	2.791907514450867	173
3204	2008	3.275	20
3246	2008	3.7350993377483444	151
3251	2008	3.25	8
3260	2008	3.546875	32
3261	2008	3.411764705882353	34
3342	2008	3.590909090909091	22
3576	2008	3.2058823529411766	17
3616	2008	2.5714285714285716	28
3649	2008	2.5789473684210527	19
3727	2008	3.652173913043478	23
3810	2008	3.2	5
3927	2008	3.5588235294117645	17
3932	2008	3.326923076923077	26
3981	2008	2.737864077669903	103
4010	2008	3.1	35
4033	2008	3.611111111111111	63
4056	2008	3.2714285714285714	35
4228	2008	2.9571428571428573	35
4443	2008	3.5833333333333335	18
4448	2008	3.5641025641025643	117
4480	2008	3.176470588235294	17
4492	2008	2.738095238095238	21
4500	2008	3.7941176470588234	17
4529	2008	3.5526315789473686	19
4533	2008	3.727272727272727	44
4618	2008	2.5	8
4958	2008	3.2766990291262137	103
5039	2008	2.730769230769231	13
3789	2008	3.7142857142857144	14
4175	2008	2.875	4
4349	2008	3.775	40
4605	2008	3.772727272727273	11
4149	2008	3.1785714285714284	70
5025	2008	3.1267605633802815	71
3992	2008	3.892857142857143	42
2585	2008	4.0588235294117645	17
2971	2008	3.9166666666666665	18
3445	2008	2.75	4
3451	2008	3.7711864406779663	59
3470	2008	3.9516129032258065	31
3569	2008	3.9	40
4178	2008	3.77027027027027	37
4252	2008	3.375	4
4273	2008	3.433333333333333	15
4334	2008	3.7777777777777777	18
4806	2008	4.052631578947368	19
5073	2008	3.8333333333333335	15
2807	2008	1.8448275862068966	29
3066	2008	3.6770833333333335	48
3339	2008	3.5869565217391304	23
4526	2008	2.38	25
4842	2008	3.25	8
5016	2008	3.5588235294117645	34
5046	2008	3.2916666666666665	24
4147	2008	3.3333333333333335	6
2906	2008	2.6818181818181817	11
3643	2008	2.8333333333333335	3
4282	2008	2.65	10
4782	2008	2.5833333333333335	6
4849	2008	3.8333333333333335	9
3159	2008	3.375	116
3173	2008	3.404	125
2787	2008	3.34375	16
2898	2008	3.0	8
3013	2008	3.5714285714285716	7
3016	2008	3.1470588235294117	34
3017	2008	2.7916666666666665	12
3075	2008	3.8088235294117645	34
3652	2008	2.8333333333333335	3
3732	2008	3.6	5
4210	2008	3.45	50
4213	2008	2.1	5
4336	2008	3.5555555555555554	27
4472	2008	2.75	2
4497	2008	2.9	5
4552	2008	3.6666666666666665	18
4658	2008	3.7857142857142856	7
4670	2008	3.6666666666666665	3
4697	2008	3.0555555555555554	9
4794	2008	3.8333333333333335	6
4827	2008	2.3125	8
5094	2008	2.261904761904762	42
3843	2008	3.6666666666666665	12
4814	2008	3.3	50
3295	2008	3.875	8
3645	2008	4.166666666666667	18
3741	2008	3.925925925925926	81
4300	2008	3.25	6
2633	2008	3.0	55
4204	2008	2.0	2
2611	2008	3.5384615384615383	13
2612	2008	3.8055555555555554	18
2676	2008	3.0344827586206895	29
2778	2008	3.0	4
2817	2008	1.9375	8
2842	2008	3.0	6
2852	2008	3.125	12
2936	2008	4.074074074074074	27
3035	2008	3.9	25
3068	2008	3.8823529411764706	34
3078	2008	3.1666666666666665	6
3088	2008	3.932098765432099	81
3102	2008	3.5833333333333335	6
3109	2008	3.75	2
3179	2008	3.59375	32
3189	2008	3.425925925925926	27
3230	2008	3.45	10
3270	2008	3.1818181818181817	33
3365	2008	3.8333333333333335	66
3431	2008	2.6875	8
3433	2008	2.0	2
3453	2008	2.1666666666666665	9
3467	2008	3.775	20
3487	2008	3.7058823529411766	17
3494	2008	3.7	25
3519	2008	3.269230769230769	13
3546	2008	3.4482758620689653	29
3634	2008	3.5833333333333335	12
3728	2008	3.1666666666666665	9
3761	2008	3.5	19
3766	2008	2.85	10
3768	2008	2.0	2
3888	2008	3.1666666666666665	3
3906	2008	3.388888888888889	9
3915	2008	3.272727272727273	11
4001	2008	2.5	2
4042	2008	2.9583333333333335	12
4167	2008	3.1785714285714284	28
4212	2008	3.4642857142857144	14
4249	2008	2.25	2
4329	2008	3.6666666666666665	36
4332	2008	3.375	4
4338	2008	3.6052631578947367	19
4432	2008	3.7291666666666665	24
4498	2008	3.323529411764706	17
4509	2008	3.1052631578947367	19
4589	2008	3.05	10
4632	2008	3.0714285714285716	7
4693	2008	2.5	2
4710	2008	3.6666666666666665	18
4721	2008	2.8076923076923075	13
4731	2008	2.3	5
4765	2008	3.0454545454545454	11
4857	2008	3.728448275862069	116
4866	2008	3.392857142857143	42
4912	2008	4.0	17
4939	2008	3.323529411764706	17
4950	2008	2.5	4
4957	2008	3.25	16
4978	2008	3.7111111111111112	45
4986	2008	2.142857142857143	7
4994	2008	3.4166666666666665	54
5023	2008	3.5714285714285716	7
5027	2008	2.6333333333333333	30
5066	2008	3.347826086956522	69
5011	2008	3.2083333333333335	12
3646	2008	2.4871794871794872	78
2602	2008	2.625	4
2614	2008	2.5	1
3045	2008	2.9	10
4135	2008	2.75	12
4407	2008	3.642857142857143	21
4654	2008	2.7857142857142856	21
4738	2008	3.607142857142857	14
4815	2008	3.3472222222222223	36
4146	2008	3.111111111111111	18
4251	2008	3.526315789473684	38
4888	2008	3.608695652173913	23
2843	2008	4.13063063063063	111
2718	2008	3.4545454545454546	44
4696	2008	2.9375	8
4357	2008	3.53125	16
4218	2008	3.7058823529411766	17
4438	2008	3.4375	16
3034	2008	3.688888888888889	180
3483	2008	3.292452830188679	53
2596	2008	3.796875	64
3991	2008	2.1666666666666665	57
4068	2008	2.8	15
4732	2008	2.888888888888889	45
4748	2008	2.3947368421052633	38
4749	2008	2.227272727272727	22
4750	2008	2.0714285714285716	14
2983	2008	3.7	15
3334	2008	3.788135593220339	59
3736	2008	3.9166666666666665	48
3783	2008	3.723404255319149	47
3946	2008	2.3333333333333335	18
3947	2008	3.4347826086956523	23
3950	2008	3.5365853658536586	41
4037	2008	3.7972972972972974	37
4479	2008	3.7777777777777777	9
4930	2008	3.0	8
3802	2008	3.15	20
4092	2008	3.25	8
4587	2008	3.0303030303030303	33
4952	2008	3.5	2
5008	2008	4.125	76
3864	2008	2.5833333333333335	42
3518	2008	3.0	3
3920	2008	4.333333333333333	3
4572	2008	3.232142857142857	28
4819	2008	3.5	2
5074	2008	3.5428571428571427	35
2806	2008	2.4210526315789473	19
3046	2008	2.7222222222222223	9
3765	2008	2.9375	8
4242	2008	3.0	4
4513	2008	1.75	2
2860	2008	3.234375	64
4341	2008	3.25	6
4688	2008	3.1153846153846154	13
3813	2008	3.65	20
4408	2008	3.5	6
2879	2008	2.8	5
3077	2008	3.76	50
3120	2008	3.227272727272727	11
3358	2008	3.2857142857142856	14
3773	2008	1.8	5
4053	2008	3.3333333333333335	3
4649	2008	3.6724137931034484	29
4929	2008	3.1153846153846154	13
3710	2008	2.1875	8
3784	2008	2.9358974358974357	39
3841	2008	3.0	24
4195	2008	3.55	10
4775	2008	1.0526315789473684	19
3598	2008	3.2083333333333335	24
3469	2008	3.9	45
3811	2008	3.793103448275862	29
4768	2008	4.2272727272727275	11
5017	2008	4.120689655172414	29
5022	2008	4.214285714285714	14
4275	2008	3.05	20
4359	2008	3.6607142857142856	28
3350	2008	3.9705882352941178	17
4261	2008	3.5	2
3945	2008	2.3461538461538463	13
2893	2008	3.0	6
4683	2008	2.5	9
3478	2008	3.378787878787879	33
3855	2008	3.55	10
2937	2008	4.384615384615385	13
3224	2008	3.982142857142857	28
4646	2008	3.5555555555555554	9
4769	2008	3.5	7
3040	2008	2.875	20
3249	2008	3.1125	40
4097	2008	1.0	1
5047	2008	2.979591836734694	49
4050	2008	3.5	2
4179	2008	4.111111111111111	9
4488	2008	3.236842105263158	19
4792	2008	2.9642857142857144	28
2651	2008	3.625	4
3155	2008	3.3446601941747574	103
2598	2008	3.0288461538461537	52
3269	2008	3.098360655737705	61
3502	2008	3.3333333333333335	6
4061	2008	3.409090909090909	22
4315	2008	2.5	3
4494	2008	2.5833333333333335	6
4508	2008	3.5	54
4553	2008	3.5254237288135593	59
4577	2008	3.1538461538461537	13
4845	2008	2.4038461538461537	26
3136	2008	1.75	2
3560	2008	3.5	6
4381	2008	3.8947368421052633	19
5093	2008	2.5789473684210527	57
2613	2008	3.75	10
3115	2008	3.611111111111111	9
3294	2008	2.5	2
3320	2008	3.2777777777777777	9
3490	2008	3.5	1
4009	2008	3.0	8
4065	2008	3.111111111111111	9
4450	2008	3.1153846153846154	26
4532	2008	3.357142857142857	7
4640	2008	3.314814814814815	27
4788	2008	3.772727272727273	11
4790	2008	3.25	2
4951	2008	3.673076923076923	26
4987	2008	2.4	10
2903	2008	2.4	10
3325	2008	2.4615384615384617	13
4038	2008	3.5	4
4234	2008	3.111111111111111	18
4266	2008	3.125	4
4265	2008	2.361111111111111	36
4870	2008	2.590909090909091	11
3150	2008	3.5454545454545454	11
4458	2008	3.611111111111111	9
3127	2008	3.1666666666666665	15
4287	2008	3.3333333333333335	6
3091	2008	3.86734693877551	49
3432	2008	2.75	6
3688	2008	2.7844827586206895	58
3689	2008	2.875	16
3690	2008	2.8333333333333335	12
4066	2008	3.1923076923076925	13
4373	2008	2.34375	16
4442	2008	3.9	5
4614	2008	2.6666666666666665	15
3197	2008	3.0	13
3746	2008	3.6470588235294117	17
2691	2008	4.265625	32
3181	2008	3.235294117647059	17
4152	2008	2.85	10
4383	2008	3.730769230769231	39
4384	2008	4.666666666666667	3
3539	2008	3.8	15
3985	2008	3.4814814814814814	27
2962	2008	3.3076923076923075	13
4322	2008	3.7641509433962264	53
2912	2008	3.596774193548387	31
2940	2008	4.023809523809524	21
2952	2008	3.608695652173913	23
2976	2008	3.317073170731707	41
3015	2008	3.0	9
3153	2008	3.269230769230769	13
3266	2008	3.375	36
3387	2008	2.9583333333333335	12
3388	2008	2.8833333333333333	30
3397	2008	3.7023809523809526	42
3426	2008	3.15625	16
3571	2008	3.0	4
3658	2008	3.642857142857143	7
3771	2008	2.875	8
3807	2008	3.1666666666666665	3
3931	2008	1.5	2
3933	2008	1.5	1
4024	2008	3.5833333333333335	6
4035	2008	3.1666666666666665	3
4095	2008	3.6136363636363638	22
4267	2008	2.6458333333333335	24
4318	2008	3.125	4
4603	2008	2.7142857142857144	7
4613	2008	2.8653846153846154	26
4662	2008	3.3620689655172415	29
4811	2008	3.727272727272727	11
4812	2008	2.6153846153846154	13
4903	2008	3.608695652173913	46
4966	2008	3.3529411764705883	17
4976	2008	3.282608695652174	23
4981	2008	3.3461538461538463	13
4996	2008	3.84375	16
4188	2008	3.6666666666666665	6
2587	2008	2.7142857142857144	7
2637	2008	3.0	1
2646	2008	2.8	5
2647	2008	3.0	5
2649	2008	3.0	8
2650	2008	3.125	4
2652	2008	3.75	2
2653	2008	2.9	5
2656	2008	4.0	2
2753	2008	3.125	4
2814	2008	3.0	1
2828	2008	2.0625	8
2856	2008	2.75	4
2886	2008	2.5	4
2977	2008	2.9	5
2978	2008	3.3181818181818183	11
3031	2008	2.5714285714285716	7
3063	2008	2.090909090909091	11
3180	2008	2.75	4
3218	2008	2.5	1
3225	2008	2.8846153846153846	13
3276	2008	3.0	1
3286	2008	2.225	20
3348	2008	2.9	5
3437	2008	1.75	2
3455	2008	3.75	2
3493	2008	3.0	1
3562	2008	2.5	5
3659	2008	3.0	1
3743	2008	3.0	13
3777	2008	3.0	3
3796	2008	3.875	4
3832	2008	3.7857142857142856	7
3847	2008	3.5	2
3875	2008	3.0714285714285716	7
3884	2008	3.0	3
3891	2008	2.0	2
3957	2008	2.8333333333333335	3
3974	2008	2.25	6
4012	2008	2.0	5
4141	2008	2.45	10
4352	2008	2.25	2
4403	2008	3.375	16
4414	2008	3.6666666666666665	3
4434	2008	3.25	2
4485	2008	3.0	4
4512	2008	0.75	2
4520	2008	3.0833333333333335	6
4522	2008	3.25	2
4598	2008	1.625	4
4619	2008	2.5	5
4647	2008	3.1666666666666665	3
4657	2008	1.75	2
4746	2008	1.8333333333333333	3
4767	2008	2.8	5
4822	2008	2.875	8
4829	2008	3.5	1
4909	2008	2.9	5
4039	2008	3.119718309859155	71
4977	2008	3.2	5
4757	2008	3.369565217391304	23
3521	2008	3.8225806451612905	31
2668	2008	2.227272727272727	11
2669	2008	3.8333333333333335	3
2670	2008	3.576923076923077	13
2677	2008	3.893617021276596	47
2736	2008	3.0833333333333335	6
2779	2008	3.6739130434782608	23
2866	2008	3.25	16
2921	2008	3.8625	40
2941	2008	3.5476190476190474	21
3061	2008	3.9791666666666665	24
3074	2008	3.8947368421052633	19
3135	2008	3.6333333333333333	15
3200	2008	3.6666666666666665	18
3214	2008	3.4	5
3311	2008	4.125	4
3367	2008	3.6666666666666665	3
3368	2008	3.5	10
3379	2008	3.5454545454545454	11
3516	2008	3.0	7
3566	2008	3.0	20
3591	2008	3.033333333333333	30
3628	2008	3.3333333333333335	3
3675	2008	3.727272727272727	44
3682	2008	3.925925925925926	27
3729	2008	3.0952380952380953	21
3731	2008	3.5	2
3737	2008	3.7142857142857144	7
3769	2008	3.1	5
3770	2008	3.2142857142857144	21
3928	2008	3.888888888888889	9
3937	2008	3.3	5
3964	2008	3.2222222222222223	18
4000	2008	3.361111111111111	18
4045	2008	3.8333333333333335	3
4049	2008	2.75	2
4086	2008	3.466666666666667	15
4110	2008	3.0	2
4111	2008	3.5	3
4139	2008	3.0	2
4189	2008	3.125	4
4206	2008	2.8333333333333335	3
4207	2008	2.8	15
4285	2008	3.3125	16
4323	2008	2.8333333333333335	6
4337	2008	3.8333333333333335	3
4339	2008	3.2777777777777777	18
4353	2008	3.6666666666666665	6
4363	2008	3.75	2
4401	2008	3.590909090909091	11
4411	2008	3.625	12
4473	2008	3.4375	8
4475	2008	2.375	4
4478	2008	3.3958333333333335	24
4496	2008	2.8125	8
4506	2008	3.45	20
4535	2008	3.611111111111111	18
4564	2008	3.02	25
4573	2008	3.75	2
4595	2008	3.5	6
4625	2008	3.0	4
4661	2008	3.710526315789474	19
4691	2008	2.5	1
4704	2008	3.2222222222222223	9
4709	2008	2.25	4
4803	2008	3.2	20
4805	2008	3.0	5
4824	2008	4.625	4
4826	2008	3.5277777777777777	18
4830	2008	3.1666666666666665	15
4835	2008	3.6346153846153846	26
4936	2008	2.9210526315789473	19
4945	2008	3.9210526315789473	19
4947	2008	2.8214285714285716	14
5001	2008	3.1333333333333333	15
5021	2008	3.738095238095238	21
3364	2008	3.8947368421052633	19
4426	2008	3.9285714285714284	14
2897	2008	4.0	3
2939	2008	3.4166666666666665	6
2972	2008	4.181818181818182	11
3011	2008	3.875	12
3086	2008	3.4166666666666665	12
3093	2008	4.138888888888889	18
3099	2008	3.5	7
3145	2008	3.2142857142857144	7
3194	2008	3.764705882352941	17
3391	2008	2.7222222222222223	9
3392	2008	2.28125	16
3528	2008	3.625	12
3584	2008	3.25	4
3621	2008	3.1666666666666665	3
3655	2008	3.7083333333333335	12
3760	2008	3.4473684210526314	19
3873	2008	3.323529411764706	17
4043	2008	4.125	4
4077	2008	3.6363636363636362	11
4123	2008	2.8	10
4278	2008	3.90625	16
4289	2008	3.0	5
4296	2008	3.357142857142857	21
4317	2008	2.6363636363636362	11
4523	2008	3.75	10
4531	2008	3.0238095238095237	21
4586	2008	4.0	5
4672	2008	3.75	4
4690	2008	3.2142857142857144	7
4716	2008	3.2142857142857144	7
4840	2008	4.1	5
4932	2008	3.588235294117647	17
4970	2008	3.357142857142857	14
4971	2008	3.45	10
4972	2008	3.5	1
5091	2008	3.6	5
3067	2008	4.127118644067797	59
4451	2008	4.166666666666667	3
4743	2008	3.6666666666666665	6
5051	2008	3.4347826086956523	23
4166	2008	3.71875	16
4429	2008	3.5	13
2618	2008	3.825	40
3774	2008	2.6666666666666665	3
3130	2008	2.566666666666667	15
3385	2008	2.5714285714285716	7
3525	2008	3.3333333333333335	30
4003	2008	2.3125	8
4699	2008	2.942857142857143	35
4771	2008	2.9	15
5009	2008	3.306451612903226	62
3512	2008	3.3333333333333335	36
3720	2008	3.5714285714285716	21
3142	2008	3.5625	16
2882	2008	3.357142857142857	7
4302	2008	3.375	4
3606	2008	3.8333333333333335	15
4470	2008	3.5	16
4787	2008	3.5172413793103448	29
4233	2008	2.6785714285714284	14
4844	2008	3.3537735849056602	106
2967	2008	3.6666666666666665	9
3529	2008	3.6	10
3724	2008	3.6875	8
4292	2008	3.7058823529411766	17
4557	2008	3.5357142857142856	14
4745	2008	3.125	24
2887	2008	1.8	5
3217	2008	4.125	8
3611	2008	3.5	2
3775	2008	3.5	2
3776	2008	3.5	2
4263	2008	3.5833333333333335	12
3079	2008	3.847826086956522	23
4184	2008	3.8043478260869565	23
4798	2008	3.55	10
3871	2008	3.774193548387097	31
2610	2008	3.3333333333333335	3
4342	2008	3.0833333333333335	6
2682	2008	3.2222222222222223	9
3192	2008	3.5	2
3734	2008	3.8	5
4959	2008	2.7142857142857144	7
3594	2008	3.325	20
3723	2008	3.4047619047619047	42
3930	2008	3.3846153846153846	13
3987	2008	3.022727272727273	22
4813	2008	3.0	4
5048	2008	2.1875	16
3895	2008	2.5384615384615383	13
4031	2008	2.611111111111111	9
4444	2008	3.6470588235294117	17
2873	2008	3.75	2
4477	2008	2.392857142857143	14
3043	2008	4.0	1
3663	2008	2.6666666666666665	3
3664	2008	2.4	5
3665	2008	2.6666666666666665	3
3666	2008	2.6	5
3799	2008	2.0697674418604652	43
4360	2008	3.875	8
4778	2008	3.1666666666666665	3
4159	2008	2.9482758620689653	29
3007	2008	3.9242424242424243	33
3185	2008	3.3214285714285716	14
3557	2008	3.4583333333333335	12
3705	2008	2.9285714285714284	28
4116	2008	3.75	4
4297	2008	4.0	9
4898	2008	3.2666666666666666	15
3235	2008	3.5	9
3443	2008	2.1	5
2902	2008	2.8666666666666667	15
4441	2008	3.1	5
4439	2008	3.769230769230769	13
4990	2008	2.693548387096774	31
3925	2008	3.923076923076923	39
3188	2008	3.75	2
3199	2008	3.5833333333333335	6
3330	2008	3.8333333333333335	12
3422	2008	3.75	8
4160	2008	3.4166666666666665	6
4193	2008	2.0	1
4194	2008	3.75	8
4395	2008	3.5625	8
4428	2008	3.1666666666666665	9
4517	2008	2.5	6
4920	2008	3.9444444444444446	18
5062	2008	4.214285714285714	7
2721	2008	3.5555555555555554	9
2862	2008	2.625	32
3415	2008	4.25	22
3739	2008	4.294117647058823	17
4325	2008	4.375	20
4419	2008	3.7222222222222223	9
2675	2008	4.0	1
3201	2008	3.765625	32
3289	2008	3.65	10
3614	2008	3.235294117647059	17
3787	2008	3.59375	16
3982	2008	3.3333333333333335	6
4063	2008	3.0	3
4596	2008	3.1666666666666665	3
4610	2008	2.75	4
4617	2008	1.75	2
4644	2008	3.775	20
4817	2008	2.5	2
4919	2008	3.25	10
5068	2008	2.9285714285714284	7
5075	2008	2.9375	8
5083	2008	3.25	2
3401	2008	2.8333333333333335	3
3894	2008	3.8	5
4366	2008	3.2228915662650603	83
4925	2008	3.25	4
3865	2008	3.75	10
4089	2008	3.5	5
4153	2008	3.0277777777777777	18
4524	2008	2.7857142857142856	7
3456	2008	3.90625	16
3790	2008	3.5	3
4766	2008	2.9	5
3055	2008	3.375	4
4151	2008	3.8	10
4176	2008	3.3	5
2943	2008	3.857142857142857	14
3117	2008	2.875	4
3141	2008	2.642857142857143	7
3182	2008	3.825	20
4106	2008	3.0	1
4320	2008	3.6666666666666665	3
4410	2008	3.25	6
4927	2008	4.5	3
3713	2008	3.85	10
2593	2008	3.1	10
3158	2008	3.857142857142857	7
3221	2008	4.0	8
3626	2008	2.888888888888889	9
4459	2008	3.5	4
4705	2008	4.0	11
4624	2008	3.210526315789474	19
3051	2008	2.8181818181818183	11
4737	2008	3.75	6
5077	2008	4.0	3
3097	2008	3.759259259259259	27
3207	2008	2.5	2
2681	2008	3.1818181818181817	11
2956	2008	3.2	5
3003	2008	3.875	4
2907	2008	2.2857142857142856	21
4274	2008	3.5555555555555554	9
3708	2008	2.7142857142857144	21
3056	2008	3.1666666666666665	6
2674	2008	3.0	1
2704	2008	3.6666666666666665	3
2888	2008	2.6875	8
2974	2008	1.7	10
3299	2008	2.5	8
3553	2008	2.7222222222222223	9
3975	2008	2.3	10
4013	2008	1.5833333333333333	6
4143	2008	2.05	10
4259	2008	4.1	5
4390	2008	3.0	9
4599	2008	2.75	12
4780	2008	3.5	2
2824	2008	4.0	2
3693	2008	3.022727272727273	22
3966	2008	3.823529411764706	17
4350	2008	3.5833333333333335	18
4687	2008	3.7857142857142856	7
3480	2008	3.3	10
3245	2008	4.2	10
3292	2008	3.875	4
4021	2008	3.909090909090909	22
4391	2008	3.8333333333333335	3
3859	2008	4.75	2
2899	2008	2.5714285714285716	7
3722	2008	1.5	1
3923	2008	2.5	3
4283	2008	3.4615384615384617	13
2759	2008	3.08	25
2809	2008	2.5	1
3605	2008	2.0	2
3834	2008	2.6666666666666665	3
4895	2008	2.0	6
4989	2008	3.0208333333333335	24
2870	2008	3.4583333333333335	12
4755	2008	4.25	4
4921	2008	3.619047619047619	21
3459	2008	1.8333333333333333	3
5041	2008	3.642857142857143	7
4781	2008	1.8333333333333333	3
3599	2008	3.772727272727273	11
3881	2008	4.25	2
4133	2008	2.675	20
4199	2008	2.7142857142857144	7
4568	2008	3.5	6
4569	2008	2.375	4
2678	2008	2.75	2
4073	2008	2.625	4
4313	2008	3.1666666666666665	9
4965	2008	3.25	2
3632	2008	3.65	10
3026	2008	0.5	2
4612	2008	3.875	12
2725	2008	3.857142857142857	7
3282	2008	4.0	2
3851	2008	3.5	4
2634	2008	3.15	10
3454	2008	3.3	5
3287	2008	2.5	17
2847	2008	3.8	10
3232	2008	3.9375	8
5005	2008	3.576923076923077	13
4868	2008	3.2222222222222223	9
4875	2008	1.5	1
4622	2008	2.25	2
2835	2008	2.3333333333333335	3
4203	2008	2.7222222222222223	9
4493	2008	2.375	8
4669	2008	2.0	1
4727	2008	3.189189189189189	37
4345	2008	3.0416666666666665	12
5080	2008	3.0	11
4593	2008	2.875	4
2854	2008	3.5	1
4501	2008	3.0	9
2771	2008	3.227272727272727	22
3549	2008	3.82	25
3936	2008	3.7777777777777777	9
3407	2008	2.25	2
3938	2008	2.7	5
3939	2008	3.25	2
2837	2008	4.0	5
4124	2008	2.16	25
4791	2008	3.75	6
2980	2008	1.0	1
2846	2008	3.48	25
3672	2008	2.6363636363636362	11
4935	2008	3.8333333333333335	3
2685	2008	3.5	1
4078	2008	3.0	4
4585	2008	3.25	2
4198	2008	3.0	4
2938	2008	4.25	4
3112	2008	5.0	1
3338	2008	4.0	6
3414	2008	3.75	4
4464	2008	3.71875	16
4808	2008	2.909090909090909	11
5071	2008	3.5	1
4784	2008	3.357142857142857	14
3044	2008	3.5357142857142856	28
3588	2008	3.125	4
3709	2008	2.2777777777777777	9
3767	2008	2.9	5
4044	2008	2.5	1
4440	2008	3.8157894736842106	19
4651	2008	2.0	2
2626	2008	2.5	2
4601	2008	3.3333333333333335	3
2766	2008	2.5	3
3849	2008	3.75	8
4117	2008	4.181818181818182	11
4293	2008	3.75	6
4312	2008	4.0	7
3846	2008	3.3333333333333335	3
4080	2008	3.0	8
3206	2008	2.4285714285714284	7
4602	2008	3.3	5
4620	2008	3.5	4
2927	2008	4.205882352941177	17
4113	2008	3.625	4
4217	2008	3.107142857142857	14
3069	2008	3.0	2
4236	2008	3.75	4
3901	2008	3.1923076923076925	13
4405	2008	4.0	13
4051	2008	0.5	2
2590	2008	3.1	10
2876	2008	2.1666666666666665	9
2891	2008	3.625	8
3004	2008	2.823529411764706	17
3747	2008	3.8181818181818183	11
3858	2008	3.1666666666666665	15
3912	2008	2.4	5
3944	2008	1.0	2
4229	2008	2.142857142857143	7
4237	2008	3.5	6
4584	2008	1.0	1
4753	2008	1.3333333333333333	3
4877	2008	3.0833333333333335	6
5081	2008	2.9583333333333335	12
3678	2008	3.4444444444444446	9
3193	2008	1.75	2
4852	2008	2.5	7
4893	2008	3.8	5
4168	2008	3.7142857142857144	7
4850	2008	2.888888888888889	18
2894	2008	3.0	6
5031	2008	4.0	3
2777	2008	2.5	2
4514	2008	1.25	2
3963	2008	2.75	4
4420	2008	3.272727272727273	11
4079	2008	2.7	5
4304	2008	3.7142857142857144	7
3143	2008	3.625	4
4900	2008	3.625	12
2774	2008	3.5714285714285716	14
4423	2008	3.4375	8
3291	2008	2.0	2
4692	2008	3.0	2
4736	2008	2.4285714285714284	7
4162	2008	2.375	4
4224	2008	2.3125	16
4240	2008	3.0714285714285716	7
4466	2008	2.6923076923076925	13
3423	2008	3.125	8
3604	2008	4.0	3
4931	2008	2.25	2
2698	2008	2.0	2
3177	2008	2.661764705882353	34
4190	2008	3.611111111111111	9
3653	2008	3.875	12
4140	2008	4.5	1
3167	2008	3.125	8
4294	2008	3.25	6
3244	2008	3.933333333333333	15
3492	2008	3.5	5
5038	2008	3.4375	16
4626	2008	3.8	5
3341	2008	4.045454545454546	11
3375	2008	2.0	3
3637	2008	3.5	7
3038	2008	4.0625	16
3929	2008	3.7	5
4186	2008	3.0833333333333335	6
4461	2008	1.875	4
2969	2008	3.8333333333333335	9
3514	2008	4.0	1
3896	2008	3.611111111111111	27
3943	2008	3.8333333333333335	9
3885	2008	1.5	2
4181	2008	2.875	4
4563	2008	2.5	19
4675	2008	3.875	4
3413	2008	3.5	1
4998	2008	3.75	6
3679	2008	3.6153846153846154	13
4347	2008	3.0833333333333335	6
3956	2008	2.1363636363636362	11
3041	2008	1.6666666666666667	3
2930	2008	3.3	5
2979	2008	0.5	1
3905	2008	3.25	4
3914	2008	4.5	1
4869	2008	4.75	2
3377	2008	3.6666666666666665	3
3475	2008	3.5714285714285716	7
3779	2008	2.0	1
4913	2008	1.5	2
3076	2008	3.388888888888889	9
3308	2008	3.25	2
3506	2008	3.5	2
5012	2008	3.2857142857142856	7
3800	2008	3.0	3
4863	2008	3.5	10
2661	2008	2.375	4
2756	2008	2.5	2
2851	2008	2.6666666666666665	3
3014	2008	4.0	3
3029	2008	3.125	4
3106	2008	3.5	3
3149	2008	2.25	2
3331	2008	2.25	2
3374	2008	3.0	1
3427	2008	3.0	3
3738	2008	3.0	3
4098	2008	2.375	4
4100	2008	2.5	1
4115	2008	3.0	1
4192	2008	3.0	1
4279	2008	2.75	2
4483	2008	1.7941176470588236	17
4832	2008	3.0	1
4853	2008	2.25	2
4944	2008	1.75	4
3412	2008	3.7857142857142856	14
4392	2008	3.6	10
4393	2008	3.95	10
2630	2008	3.1666666666666665	3
2673	2008	3.0	3
2708	2008	3.75	4
2783	2008	3.0	3
2933	2008	3.3333333333333335	3
3010	2008	3.7142857142857144	7
3304	2008	4.25	2
3326	2008	2.388888888888889	9
3380	2008	3.25	2
3417	2008	3.6	5
3647	2008	1.5	1
3650	2008	2.6666666666666665	3
3756	2008	2.8333333333333335	3
3898	2008	3.0	5
4026	2008	3.3333333333333335	3
4032	2008	1.25	2
4211	2008	3.7857142857142856	14
4288	2008	2.375	4
4330	2008	3.5	5
4424	2008	4.0	5
4907	2008	3.5	1
4908	2008	3.1	5
5028	2008	4.0	5
5052	2008	2.0	1
5088	2008	3.25	4
4934	2008	1.75	2
2621	2008	3.25	2
2697	2008	3.3333333333333335	3
2705	2008	4.0	1
2769	2008	2.875	8
2773	2008	3.5	1
2784	2008	3.5	9
2829	2008	2.95	10
2830	2008	3.5	2
2836	2008	2.9444444444444446	9
2838	2008	1.0	1
2839	2008	4.166666666666667	3
2865	2008	3.0	1
2885	2008	2.5	1
2892	2008	2.8333333333333335	3
2910	2008	3.5	3
2963	2008	3.0	1
2964	2008	2.8333333333333335	6
2994	2008	3.1666666666666665	3
2996	2008	3.142857142857143	7
3049	2008	3.0	3
3118	2008	2.5	1
3128	2008	2.8333333333333335	3
3184	2008	2.0	2
3187	2008	2.25	2
3239	2008	2.5	1
3241	2008	3.4166666666666665	6
3302	2008	3.3333333333333335	3
3324	2008	3.4166666666666665	6
3357	2008	4.0	4
3457	2008	2.8	5
3509	2008	2.5	1
3554	2008	3.2916666666666665	12
3579	2008	2.8333333333333335	3
3636	2008	3.0	2
3640	2008	3.1	5
3749	2008	3.8333333333333335	3
3794	2008	3.0	1
3805	2008	3.25	2
3823	2008	3.4166666666666665	6
3872	2008	4.125	8
3902	2008	3.5	1
3903	2008	3.0	2
3951	2008	3.5	1
4055	2008	3.4166666666666665	6
4072	2008	3.6666666666666665	3
4150	2008	3.25	2
4165	2008	3.0	1
4197	2008	3.0	4
4208	2008	4.0	1
4244	2008	2.5	1
4268	2008	1.8333333333333333	3
4271	2008	4.0	3
4276	2008	3.0	3
4305	2008	2.5454545454545454	11
4431	2008	3.5833333333333335	6
4433	2008	4.3	10
4645	2008	3.6818181818181817	11
4695	2008	3.5	1
4698	2008	1.5	2
4702	2008	2.8333333333333335	3
4723	2008	3.4166666666666665	6
4729	2008	3.5	3
4756	2008	3.0	10
4773	2008	2.25	2
4774	2008	3.2	20
4789	2008	3.2	5
4847	2008	3.611111111111111	9
4872	2008	2.8333333333333335	6
4883	2008	3.0	1
4885	2008	2.8125	8
4897	2008	2.5	4
4964	2008	3.8333333333333335	3
3303	2008	3.5	3
4724	2008	3.625	4
3347	2008	3.9545454545454546	11
4421	2008	2.25	2
2584	2008	2.25	2
2592	2008	3.75	2
2684	2008	2.75	2
2796	2008	3.0714285714285716	7
2965	2008	1.9166666666666667	6
3293	2008	3.0	1
3314	2008	3.25	2
3346	2008	3.5	1
3541	2008	2.3	5
3542	2008	1.5	1
3631	2008	3.25	6
3656	2008	3.0	4
3866	2008	3.0	4
4057	2008	2.5	3
4070	2008	3.125	4
4145	2008	3.25	2
4170	2008	2.0	1
4348	2008	3.25	4
4374	2008	2.8333333333333335	3
4377	2008	4.0	1
4460	2008	3.5	1
4656	2008	3.5	2
4825	2008	2.5	1
4856	2008	3.0	1
4891	2008	2.0	1
4933	2008	3.0	1
4938	2008	3.375	4
5007	2008	3.4166666666666665	6
5030	2008	2.5	1
2625	2008	3.1666666666666665	9
2748	2008	2.7857142857142856	7
2816	2008	2.5555555555555554	9
3660	2008	3.1875	8
3700	2008	3.0	6
4126	2008	3.0416666666666665	12
4997	2008	3.9285714285714284	7
4277	2008	4.5	3
5042	2008	3.5	5
3028	2008	3.642857142857143	14
3585	2008	3.25	2
2639	2008	3.375	8
2757	2008	4.0	2
3449	2008	2.5	1
3501	2008	3.375	4
4314	2008	2.6666666666666665	3
4555	2008	3.7	10
4627	2008	3.75	2
4712	2008	3.4	5
3820	2008	2.6666666666666665	3
4436	2008	2.3333333333333335	3
4708	2008	4.5	3
4611	2008	3.0	1
2880	2008	3.9	5
4717	2008	3.0	2
4245	2008	2.7857142857142856	7
4655	2008	3.7857142857142856	7
5034	2008	4.25	6
3601	2008	3.1	5
4918	2008	3.857142857142857	7
3990	2008	2.15625	16
4399	2008	3.7083333333333335	12
3165	2008	2.3333333333333335	6
2844	2008	3.1666666666666665	6
3590	2008	3.0	2
3620	2008	4.166666666666667	3
3835	2008	2.5625	8
4615	2008	3.8333333333333335	3
3171	2008	3.9285714285714284	7
4171	2008	4.25	2
4785	2008	2.5	5
3137	2008	3.5	1
3139	2008	3.0	1
3229	2008	4.0	1
3279	2008	2.0	1
3322	2008	1.25	2
3511	2008	2.1875	8
3580	2008	3.0	1
3597	2008	3.2	5
3778	2008	4.0	1
3797	2008	2.5	2
3830	2008	2.8	5
3954	2008	2.5	2
3976	2008	2.0	3
4142	2008	2.2	10
4154	2008	2.3636363636363638	11
4156	2008	2.5	1
4163	2008	2.0	1
4209	2008	2.5	4
4216	2008	4.25	4
4258	2008	2.5	1
4346	2008	2.5	1
4609	2008	3.25	2
4739	2008	3.0	1
4759	2008	2.75	2
4818	2008	1.5	2
4871	2008	3.0	3
4991	2008	2.6818181818181817	11
4999	2008	4.166666666666667	6
3712	2008	3.2083333333333335	12
4482	2008	2.6	5
4581	2008	4.0	3
4164	2008	3.25	6
4309	2008	2.5	2
3370	2008	3.5	2
3544	2008	3.125	4
4418	2008	3.5	1
4491	2008	1.875	4
4905	2008	4.5	1
4924	2008	4.0	2
3343	2008	2.0	1
3577	2008	3.5	2
3892	2008	3.1333333333333333	15
4328	2008	3.0	4
5090	2008	3.875	4
2629	2008	3.4	5
2895	2008	3.0	1
3166	2008	2.0	2
4172	2008	2.0	1
4682	2008	2.7	10
2884	2008	3.5	1
3725	2008	2.8333333333333335	3
3434	2008	1.9	5
3238	2008	3.2	5
4174	2008	3.5	12
4565	2008	2.7083333333333335	12
4955	2008	2.5	2
4231	2008	3.230769230769231	13
3960	2008	2.0	2
4316	2008	4.0	2
4502	2008	2.5	18
4758	2008	2.2	5
4915	2008	2.911764705882353	17
2655	2008	1.8333333333333333	3
3625	2008	5.0	1
4183	2008	4.5	2
4456	2008	1.0	1
4740	2008	3.6	5
2820	2008	4.0	2
2654	2008	3.9285714285714284	7
2782	2008	3.4285714285714284	7
2786	2008	3.5	2
5024	2008	3.5	1
2609	2008	4.0	7
3816	2008	4.083333333333333	6
3680	2008	3.9375	8
4311	2008	2.0	1
4772	2008	3.6	5
4518	2008	2.75	4
4711	2008	3.2	5
4402	2008	3.0	1
5000	2008	3.75	2
3661	2008	2.0	4
3662	2008	1.75	4
4127	2008	2.3333333333333335	3
4138	2008	3.0	1
4562	2008	3.35	10
3808	2008	4.166666666666667	6
3965	2008	4.0	2
4286	2008	3.5	1
4796	2008	3.8333333333333335	3
3674	2008	1.75	2
3857	2008	2.35	10
3405	2008	3.4	5
3692	2008	3.1666666666666665	6
3764	2008	2.888888888888889	9
4689	2008	2.75	2
2714	2008	2.25	2
3595	2008	2.25	2
3669	2008	2.5	3
3673	2008	2.3333333333333335	3
3696	2008	2.8333333333333335	6
4081	2008	1.5	2
4221	2008	2.9	10
4371	2008	1.5	2
4566	2008	1.5	2
3833	2008	2.6666666666666665	3
4570	2008	1.5	3
4763	2008	4.0	1
4653	2008	2.5	3
3222	2008	2.9285714285714284	7
3854	2008	3.9166666666666665	6
4548	2008	2.5	2
3283	2008	3.5	1
3496	2008	4.0	1
4516	2008	3.8333333333333335	3
2780	2008	3.375	4
3340	2008	2.1666666666666665	3
3403	2008	2.25	4
4861	2008	3.5	2
2615	2008	2.5	3
4462	2008	3.125	4
4525	2008	2.0	2
3036	2008	3.0555555555555554	9
3622	2008	2.8333333333333335	3
2812	2008	3.25	4
2751	2008	3.5	2
3612	2008	5.0	2
2928	2008	4.1	5
2834	2008	4.0	1
4549	2008	4.5	1
4064	2008	3.3333333333333335	6
3012	2008	4.125	4
3140	2008	3.1666666666666665	3
3862	2008	3.0	3
3281	2008	5.0	1
3446	2008	3.75	2
2800	2008	3.4	10
4425	2008	1.5	5
4714	2008	3.5555555555555554	9
2785	2008	3.25	2
3400	2008	2.5	2
5076	2008	3.125	8
3781	2008	3.0	1
3782	2008	2.0	2
3024	2008	2.5	7
2900	2008	3.5	5
2982	2008	2.6666666666666665	3
4454	2008	5.0	2
4301	2008	5.0	1
4837	2008	3.25	2
4250	2008	2.5	1
4715	2008	4.5	2
4108	2008	2.5	1
4354	2008	3.0	6
4463	2008	2.9	5
5087	2008	3.75	2
2608	2008	4.0	1
3804	2008	1.0	1
4028	2008	3.5	3
4594	2008	2.25	2
5084	2008	3.0	1
3691	2008	3.0	5
3971	2008	3.75	2
4109	2008	4.0	2
4222	2008	2.7857142857142856	7
4412	2008	2.5	1
4511	2008	3.0	1
3094	2008	3.7857142857142856	7
3428	2008	4.166666666666667	3
3447	2008	3.125	4
2666	2008	3.5	1
3718	2008	3.2	5
5085	2008	4.25	2
2715	2008	4.0	1
3138	2008	4.25	2
3530	2008	3.5	1
4851	2008	0.5	1
3205	2008	4.25	2
3335	2008	2.0	1
4652	2008	2.8333333333333335	3
4800	2008	3.5	2
5063	2008	3.5	3
2663	2008	2.5	2
2781	2008	3.5	2
3870	2008	4.0	3
4096	2008	1.875	4
3344	2008	3.1666666666666665	3
3395	2008	4.5	1
4504	2008	4.0	1
5036	2008	3.5	2
2632	2008	4.75	4
4801	2008	3.875	8
3119	2008	4.0	1
3772	2008	2.5	1
3573	2008	1.75	2
3500	2008	3.0	1
3961	2008	2.3333333333333335	6
4118	2008	3.25	2
4633	2008	3.0	2
4665	2008	2.25	4
3121	2008	3.6666666666666665	3
3592	2008	3.25	2
3687	2008	3.25	2
4694	2008	3.5	6
2874	2008	3.5	1
4495	2008	4.0	1
2911	2008	4.5	1
4597	2008	2.875	4
4484	2008	3.4444444444444446	9
3883	2008	4.0	1
4666	2008	3.3333333333333335	3
2752	2008	2.6666666666666665	3
4490	2008	3.0	2
4505	2008	4.0	1
3050	2008	3.5	1
2914	2008	2.625	4
4592	2008	2.0	1
5078	2008	3.0	1
4119	2008	3.25	2
2913	2008	3.0	6
3390	2008	3.0	2
3464	2008	3.0	1
4576	2008	1.5	3
4578	2008	2.8	5
4807	2008	3.0	1
4859	2008	3.0	1
3641	2008	3.0	2
4547	2008	4.0	1
3064	2008	1.0	1
3372	2008	2.75	2
3520	2008	2.0	1
3792	2008	2.6666666666666665	3
4534	2008	2.75	2
3211	2008	3.6666666666666665	3
3547	2008	3.5	6
4114	2008	4.0	1
4884	2008	3.0	1
4674	2008	4.0	1
2741	2008	3.0	2
4543	2008	3.0	4
4583	2008	3.5	1
5079	2008	3.8333333333333335	3
3042	2008	1.5	2
3425	2008	4.0	7
4182	2008	1.5	1
2878	2008	3.25	2
3962	2008	1.0	2
4561	2008	2.0	1
2733	2008	1.5	1
3021	2008	3.1666666666666665	3
4629	2008	2.7	5
4430	2008	3.0	1
2767	2008	3.0	1
3748	2008	4.0	1
3474	2008	2.75	2
2665	2008	3.0	1
3759	2008	3.0	2
2760	2008	3.0	1
3133	2008	4.166666666666667	3
4917	2008	4.0	1
4243	2008	3.5	1
3942	2008	3.0	1
3183	2008	4.0	2
3600	2008	3.5	2
3630	2008	0.5	1
4284	2008	2.8333333333333335	3
4567	2008	1.0	2
4841	2008	0.5	1
3096	2008	4.25	4
3103	2008	4.0	1
4864	2008	3.8333333333333335	3
5037	2008	4.25	2
4761	2008	2.5	1
4742	2008	3.0	1
3048	2008	2.0	3
4471	2008	3.25	2
4956	2008	2.5	3
5045	2008	2.0	1
5050	2008	3.0	1
3231	2008	2.75	2
4453	2008	3.0	1
2855	2008	4.0	1
2975	2008	3.5	2
3329	2008	2.25	2
4960	2008	2.25	2
5003	2008	3.0	2
3345	2008	4.0	1
4382	2008	3.0	1
4923	2008	2.75	2
4219	2008	2.8333333333333335	3
2597	2008	2.5	1
4590	2008	3.8333333333333335	3
3057	2008	0.5	1
3533	2008	2.25	2
3721	2008	5.0	1
4804	2008	4.5	2
3318	2008	3.75	2
4779	2008	4.0	1
3570	2008	3.5	1
3236	2008	3.5	1
3806	2008	3.0	2
4088	2008	2.0	1
4093	2008	2.0	1
4507	2008	2.5	1
4894	2008	1.5	1
2740	2008	3.5	1
3758	2008	2.5	2
4385	2008	1.0	1
4648	2008	3.5	1
3209	2008	3.5	1
3886	2008	4.25	2
4671	2008	4.0	1
3472	2008	2.75	2
3651	2008	3.5	1
4650	2008	3.0	1
4828	2008	3.0	1
5044	2008	2.0	1
3848	2008	2.25	2
4539	2008	3.75	2
5006	2008	2.0	1
2742	2008	3.5	1
4122	2008	3.5	1
3172	2008	2.5	1
3602	2008	2.0	1
3610	2008	2.0	1
3648	2008	1.5	3
3940	2008	0.5	1
4854	2008	2.0	1
4303	2008	4.0	1
3716	2008	2.0	1
4469	2008	5.0	1
3845	2008	3.5	2
4281	2008	4.5	1
3309	2008	4.166666666666667	3
3399	2008	4.5	2
4319	2008	2.5	1
4445	2008	2.0	1
2601	2008	4.5	1
4556	2008	3.5	1
5061	2008	3.0	1
2711	2008	4.0	1
2904	2008	4.0	1
2988	2008	3.3333333333333335	3
3371	2008	3.5	1
3473	2008	3.5	1
3670	2008	3.0	1
4046	2008	3.5	1
4048	2008	4.0	1
4793	2008	3.5	2
4810	2008	2.0	2
4922	2008	3.0	1
4680	2008	0.5	1
3162	2008	3.0	1
4540	2008	5.0	1
2768	2008	3.0	1
3321	2008	2.5	1
3540	2008	2.25	2
3887	2008	3.0	1
5018	2008	2.5	1
3092	2008	0.5	1
4962	2008	1.5	2
4685	2008	1.5	1
4394	2008	3.5	1
4797	2008	4.0	1
5043	2008	3.5	1
3027	2008	0.5	1
2659	2008	3.5	1
2743	2008	3.0	1
2749	2008	3.0	1
3586	2008	4.25	2
3867	2008	3.0	1
3876	2008	3.5	1
4083	2008	2.0	1
4180	2008	2.0	1
4335	2008	3.0	1
4362	2008	2.0	1
4486	2008	3.0	1
4528	2008	2.5	1
4530	2008	3.25	2
4550	2008	1.5	1
4582	2008	2.5	1
4607	2008	3.0	1
4751	2008	3.0	1
5086	2008	3.5	1
4752	2008	3.0	1
4988	2008	3.5	1
2695	2008	3.0	1
3657	2008	3.5	1
4449	2008	4.0	1
2984	2008	3.75	2
2945	2008	3.0	1
4481	2008	2.75	2
4984	2008	4.5	1
4087	2008	2.5	1
2754	2008	1.0	1
4659	2008	3.0	1
4634	2008	3.5	1
4559	2008	2.5	2
2957	2008	4.0	1
3023	2008	3.5	1
3195	2008	3.0	1
3517	2008	4.0	1
3126	2008	3.0	1
4253	2008	2.5	1
4926	2008	4.0	1
3880	2008	3.5	1
2896	2008	3.0	1
3715	2008	1.5	1
4879	2008	2.0	1
2627	2008	4.0	1
4468	2008	3.0	1
3144	2008	4.0	1
4836	2008	4.5	1
4858	2008	3.0	1