5108	2007	3.370967741935484	62
5364	2007	3.31	50
5620	2007	3.0708661417322833	127
5957	2007	3.2552083333333335	96
6155	2007	2.879781420765027	183
6187	2007	3.4903846153846154	104
6222	2007	3.6904761904761907	21
6373	2007	3.1522462562396005	601
6765	2007	3.5661764705882355	68
6886	2007	3.4285714285714284	21
6893	2007	3.6863636363636365	110
7048	2007	3.1724137931034484	29
7154	2007	2.982905982905983	117
7254	2007	3.5606884057971016	552
7285	2007	3.5478260869565217	115
7293	2007	3.3292079207920793	404
7346	2007	3.2056451612903225	124
7366	2007	2.9805194805194803	77
7445	2007	3.779742765273312	311
5445	2007	3.609111791730475	1306
5468	2007	3.3333333333333335	3
5881	2007	3.125	152
6305	2007	3.6013513513513513	74
6502	2007	3.71273516642547	691
6993	2007	3.9833333333333334	120
7003	2007	3.53125	16
7620	2007	3.8636363636363638	11
6125	2007	3.4583333333333335	12
7728	2007	3.546875	32
5523	2007	2.1481481481481484	54
6013	2007	2.1621621621621623	37
6482	2007	1.7608695652173914	92
6958	2007	2.3548387096774195	31
7444	2007	2.929411764705882	170
5577	2007	3.585	100
5797	2007	3.4782608695652173	23
5816	2007	3.443558282208589	815
5952	2007	4.0366052060737525	1844
5956	2007	3.479328165374677	387
5971	2007	4.115635179153094	307
6539	2007	3.790115924344112	1639
6858	2007	3.9404761904761907	42
6920	2007	4.018518518518518	27
7481	2007	3.5185185185185186	54
6807	2007	3.841237113402062	485
5300	2007	3.7818181818181817	55
5418	2007	3.892495784148398	1186
5995	2007	4.09	550
6339	2007	3.8181818181818183	11
7327	2007	4.16	75
7700	2007	4.083333333333333	54
7762	2007	4.282608695652174	23
6157	2007	2.466442953020134	298
6333	2007	3.57502569373073	973
6537	2007	3.001919385796545	521
6874	2007	3.837325349301397	1503
7318	2007	3.1237864077669903	206
7438	2007	3.7749063670411984	1335
5102	2007	2.7586206896551726	29
5151	2007	2.7	110
5225	2007	3.9078947368421053	228
5299	2007	3.2058823529411766	561
5349	2007	3.5021306818181817	1408
5377	2007	3.617391304347826	460
5378	2007	2.98779296875	1024
5502	2007	3.1074380165289255	605
5541	2007	3.2070063694267517	157
5617	2007	3.740740740740741	216
5673	2007	3.4939024390243905	246
5772	2007	3.82	25
5785	2007	2.9213836477987423	159
5810	2007	3.0465587044534415	247
5902	2007	3.838560885608856	542
5903	2007	3.7195467422096318	353
5945	2007	3.3560311284046693	257
5991	2007	3.420814479638009	442
6188	2007	3.567484662576687	326
6242	2007	3.459731543624161	149
6331	2007	3.8368794326241136	141
6365	2007	3.1117903930131003	1145
6377	2007	3.790554414784394	1461
6565	2007	3.5625	224
6662	2007	3.746794871794872	156
6711	2007	3.7204585537918873	1134
6863	2007	3.3201267828843104	631
6873	2007	3.1814159292035398	113
6936	2007	3.246938775510204	245
6953	2007	3.7235449735449735	378
7046	2007	3.188775510204082	98
7063	2007	3.865168539325843	89
7104	2007	2.926829268292683	41
7153	2007	4.089055793991417	1864
7156	2007	4.092356687898089	157
7163	2007	3.139705882352941	136
7361	2007	4.098173515981735	1533
7371	2007	3.835858585858586	198
7448	2007	2.3472222222222223	36
7451	2007	3.418032786885246	305
7560	2007	3.682926829268293	41
7743	2007	3.5185185185185186	27
6540	2007	2.857142857142857	7
6556	2007	2.6666666666666665	3
6569	2007	2.9545454545454546	11
6675	2007	4.0	2
6273	2007	4.071428571428571	21
7566	2007	4.110169491525424	59
7802	2007	3.7395833333333335	96
6383	2007	2.211267605633803	213
5110	2007	3.536184210526316	152
5900	2007	2.598684210526316	76
7173	2007	2.9313725490196076	153
7345	2007	2.6176470588235294	17
5146	2007	3.6474358974358974	78
6057	2007	2.357142857142857	14
6214	2007	3.5253164556962027	79
6508	2007	3.0833333333333335	6
6659	2007	3.275	180
6731	2007	3.4740259740259742	77
6820	2007	3.3333333333333335	33
7158	2007	3.70873786407767	103
7373	2007	3.1530898876404496	356
7387	2007	3.813131313131313	198
5447	2007	3.357142857142857	14
5796	2007	3.043103448275862	58
6957	2007	3.379166666666667	240
6944	2007	3.1666666666666665	159
5618	2007	4.1401360544217685	735
5989	2007	3.796576032225579	993
6867	2007	3.8840909090909093	220
6645	2007	3.541095890410959	73
6774	2007	3.6293103448275863	116
6001	2007	3.8950617283950617	81
6008	2007	4.09375	16
6620	2007	3.814070351758794	199
5219	2007	3.0969827586206895	232
6264	2007	2.6666666666666665	81
5477	2007	3.55	30
5792	2007	3.7666666666666666	30
6300	2007	3.8181818181818183	22
6538	2007	3.2569444444444446	72
6666	2007	4.125	48
5385	2007	3.941860465116279	43
5782	2007	4.062780269058296	223
6016	2007	4.2620412844036695	872
6587	2007	1.1341463414634145	41
7022	2007	3.7590909090909093	330
7090	2007	3.841130604288499	513
5404	2007	3.6666666666666665	21
5437	2007	3.5625	8
5923	2007	3.15	10
6346	2007	3.2142857142857144	7
7193	2007	2.716666666666667	30
7460	2007	3.4356435643564356	101
5218	2007	3.5491202346041058	682
5400	2007	3.05859375	128
5679	2007	3.2801094890510947	548
5928	2007	3.0555555555555554	9
6223	2007	3.3863636363636362	44
6672	2007	3.98	25
6870	2007	3.7813765182186234	494
6934	2007	3.021077283372365	854
7147	2007	3.7710280373831777	856
7317	2007	3.1818181818181817	121
7360	2007	3.5193548387096776	310
5690	2007	4.061224489795919	196
5700	2007	1.5	4
6534	2007	2.5239852398523985	271
7065	2007	3.46875	16
6218	2007	3.439909297052154	441
6770	2007	3.7162162162162162	37
5780	2007	3.45	10
5444	2007	3.35195530726257	179
5152	2007	3.4761904761904763	147
5316	2007	3.104651162790698	43
5507	2007	2.6233480176211454	227
5636	2007	3.0	11
5809	2007	2.9375	32
6003	2007	3.5759493670886076	158
6974	2007	2.9	25
7070	2007	3.9814814814814814	27
7099	2007	4.122448979591836	196
5147	2007	4.155963302752293	109
5893	2007	3.967741935483871	31
6852	2007	3.858490566037736	53
5459	2007	2.8322033898305086	590
6213	2007	3.3059701492537314	67
6982	2007	3.6333333333333333	15
5463	2007	2.952830188679245	106
5611	2007	3.1041666666666665	24
5747	2007	3.8509615384615383	104
5942	2007	2.782051282051282	39
5955	2007	3.4916666666666667	60
6012	2007	2.710526315789474	19
6367	2007	3.05	60
6755	2007	3.503875968992248	129
6889	2007	3.095744680851064	47
7367	2007	2.8603603603603602	111
7372	2007	2.9166666666666665	12
7375	2007	2.9444444444444446	27
7454	2007	2.7192622950819674	244
7458	2007	3.2231503579952268	419
7697	2007	3.75	4
6190	2007	3.125	4
7235	2007	3.3902439024390243	82
5222	2007	3.081081081081081	37
5265	2007	3.0616438356164384	73
5829	2007	3.5	11
6618	2007	3.6240601503759398	133
6942	2007	3.807017543859649	513
5254	2007	3.088709677419355	248
5294	2007	3.735294117647059	85
5388	2007	3.4277566539923954	263
5506	2007	3.086206896551724	29
5530	2007	2.66	50
5608	2007	3.8603603603603602	111
5630	2007	3.4482758620689653	290
5669	2007	3.6651315789473684	760
5786	2007	4.5	1
5833	2007	3.4692307692307693	65
5872	2007	3.0806451612903225	279
5941	2007	2.75	48
5943	2007	2.6264367816091956	87
6014	2007	2.58974358974359	39
6040	2007	2.3333333333333335	27
6045	2007	3.3333333333333335	6
6059	2007	3.369918699186992	123
6154	2007	2.3333333333333335	6
6185	2007	3.3055555555555554	18
6196	2007	2.764705882352941	34
6219	2007	2.8857142857142857	35
6281	2007	3.3215434083601285	311
6284	2007	2.8125	8
6294	2007	2.6790123456790123	81
6323	2007	3.50381679389313	262
6330	2007	2.5625	8
6378	2007	3.4458483754512637	554
6536	2007	3.1538461538461537	26
6548	2007	3.141509433962264	159
6564	2007	2.6411042944785277	163
6567	2007	3.25	38
6595	2007	2.9525547445255476	137
6617	2007	3.8222222222222224	45
6664	2007	3.131205673758865	141
6708	2007	3.5865724381625443	283
6753	2007	3.7663551401869158	107
6754	2007	3.3270833333333334	240
6764	2007	3.287671232876712	73
6862	2007	3.1333333333333333	30
6868	2007	3.1538461538461537	26
6879	2007	3.6201117318435756	179
6884	2007	3.46	25
6887	2007	3.3552631578947367	38
6888	2007	2.391891891891892	185
6909	2007	3.423076923076923	26
6932	2007	3.727272727272727	66
6947	2007	3.5968992248062017	387
6948	2007	3.0	6
6995	2007	1.736842105263158	19
7004	2007	2.6921397379912664	229
7008	2007	3.8068181818181817	44
7014	2007	2.65	10
7143	2007	3.5947761194029852	670
7150	2007	2.701923076923077	52
7151	2007	3.5714285714285716	98
7160	2007	3.624413145539906	213
7164	2007	3.518181818181818	55
7310	2007	2.5217391304347827	23
7314	2007	3.0	7
7321	2007	2.282608695652174	23
7348	2007	3.3947368421052633	38
7362	2007	2.9453125	64
7368	2007	2.5714285714285716	7
5291	2007	4.218181818181818	220
5313	2007	2.4948453608247423	97
6350	2007	4.059633027522936	218
7137	2007	3.409090909090909	77
5475	2007	4.282608695652174	23
6017	2007	3.75	2
6987	2007	3.8666666666666667	90
6104	2007	3.8368794326241136	141
5171	2007	2.7810650887573964	169
5220	2007	2.6818181818181817	44
5266	2007	3.1462395543175488	359
5308	2007	2.8233082706766917	133
5767	2007	3.6	10
5912	2007	3.9	5
5992	2007	3.6346153846153846	208
6058	2007	2.8480392156862746	102
6568	2007	3.2777777777777777	9
6763	2007	2.888888888888889	45
7323	2007	3.875478927203065	261
7325	2007	3.016260162601626	246
7437	2007	2.9583333333333335	12
5570	2007	3.789473684210526	38
5878	2007	3.976063829787234	188
6286	2007	3.9352941176470586	85
6291	2007	3.9305555555555554	72
6440	2007	3.7838709677419353	155
7034	2007	3.831818181818182	110
7206	2007	3.9722222222222223	36
5446	2007	3.682242990654206	107
5544	2007	3.4130434782608696	23
6303	2007	3.6231884057971016	69
6658	2007	2.9594594594594597	37
6721	2007	3.7049180327868854	61
7324	2007	3.0606060606060606	99
7649	2007	3.5859375	64
7789	2007	3.625	16
6093	2007	3.522727272727273	44
6385	2007	3.8461538461538463	143
5363	2007	3.09375	16
5481	2007	2.9045553145336225	461
5563	2007	2.8181818181818183	22
6586	2007	2.7904411764705883	136
6679	2007	3.6818181818181817	22
7142	2007	2.6052631578947367	19
6785	2007	3.1774193548387095	31
5105	2007	3.689189189189189	37
5489	2007	3.731707317073171	41
5508	2007	3.7252747252747254	91
5560	2007	4.05	10
5640	2007	3.3214285714285716	14
5981	2007	3.433333333333333	15
6063	2007	3.4615384615384617	26
7304	2007	3.75	8
7564	2007	3.8684210526315788	19
5137	2007	3.8529411764705883	17
7256	2007	4.076271186440678	118
5879	2007	2.5555555555555554	45
7382	2007	3.578125	32
5525	2007	4.0	22
5528	2007	3.300947867298578	211
5954	2007	3.8244444444444445	225
6235	2007	3.893939393939394	33
6598	2007	3.4545454545454546	11
6938	2007	3.5	7
7139	2007	3.843220338983051	118
5159	2007	3.0	40
5419	2007	2.4157894736842107	95
5458	2007	2.53125	16
5478	2007	2.4754098360655736	61
5480	2007	2.388888888888889	27
5504	2007	2.323529411764706	34
5765	2007	3.15	10
5784	2007	2.477272727272727	66
5882	2007	3.509259259259259	54
6250	2007	2.619047619047619	84
6338	2007	2.76	50
6615	2007	2.4101123595505616	89
6624	2007	2.5113636363636362	44
6695	2007	2.1142857142857143	35
6707	2007	2.5753424657534247	73
6793	2007	2.4121621621621623	74
6880	2007	2.686868686868687	99
6946	2007	2.575	20
6952	2007	2.7079646017699117	113
7045	2007	3.375	56
6283	2007	3.7337278106508878	169
7162	2007	3.384433962264151	212
5103	2007	3.5801526717557253	131
6523	2007	2.888888888888889	9
7000	2007	2.7279411764705883	68
7013	2007	3.8684210526315788	95
7016	2007	1.967741935483871	31
7766	2007	4.109589041095891	73
5613	2007	3.5625	40
7116	2007	3.9934210526315788	76
5325	2007	3.72972972972973	37
5666	2007	3.5076923076923077	65
5959	2007	3.5140845070422535	71
6288	2007	3.911764705882353	17
6796	2007	3.7526041666666665	192
6978	2007	3.8823529411764706	34
6881	2007	3.6363636363636362	66
6890	2007	3.626086956521739	115
7260	2007	3.9166666666666665	24
5732	2007	3.40625	16
5944	2007	3.2723880597014925	134
6394	2007	3.8076923076923075	13
6541	2007	2.717171717171717	297
7379	2007	2.803030303030303	33
7419	2007	3.8411764705882354	85
7810	2007	3.6097560975609757	41
7811	2007	3.096774193548387	31
5464	2007	3.633248730964467	394
6332	2007	2.6923076923076925	26
6400	2007	4.026315789473684	19
6270	2007	4.217391304347826	23
6552	2007	3.590551181102362	127
6163	2007	3.7857142857142856	35
7365	2007	3.8636363636363638	22
6370	2007	3.824074074074074	54
7263	2007	3.6344086021505375	93
5420	2007	2.875	76
5479	2007	3.135593220338983	59
5556	2007	1.8166666666666667	30
5574	2007	3.283625730994152	171
5609	2007	2.046875	32
5621	2007	2.4342105263157894	76
5644	2007	3.4375	16
5803	2007	2.693877551020408	49
5880	2007	1.8333333333333333	9
5965	2007	3.7	15
6156	2007	3.0082644628099175	121
6371	2007	1.12	25
6483	2007	1.0185185185185186	27
6503	2007	2.3934426229508197	244
6550	2007	2.7606382978723403	94
6686	2007	2.8125	24
6787	2007	4.003401360544218	294
6872	2007	1.275	40
6996	2007	2.2279411764705883	68
7057	2007	3.4166666666666665	12
7175	2007	1.94	25
7199	2007	3.7777777777777777	9
7369	2007	2.1857142857142855	35
7376	2007	3.0806451612903225	62
7453	2007	2.289473684210526	19
7577	2007	4.0625	16
7619	2007	4.0	43
6287	2007	2.9525862068965516	232
6296	2007	3.618181818181818	110
6337	2007	3.5806451612903225	31
6380	2007	3.7857142857142856	112
6461	2007	3.7916666666666665	48
7020	2007	3.8125	24
7123	2007	3.6733333333333333	75
6290	2007	2.8098591549295775	71
5221	2007	2.625	4
5425	2007	3.1	10
5628	2007	3.1481481481481484	27
5682	2007	3.4	10
6591	2007	3.788135593220339	59
6651	2007	2.3333333333333335	6
6748	2007	3.3793103448275863	29
5970	2007	3.202247191011236	89
5555	2007	2.8333333333333335	9
5601	2007	3.95	10
5668	2007	3.467391304347826	46
6277	2007	3.625	4
6315	2007	2.6363636363636362	11
6316	2007	2.107142857142857	14
6429	2007	4.0	15
6817	2007	3.5	11
7071	2007	3.8392857142857144	28
7267	2007	2.53125	16
7381	2007	2.63768115942029	69
7442	2007	3.25	12
7836	2007	3.935185185185185	54
5391	2007	3.7142857142857144	21
5505	2007	3.207865168539326	89
6857	2007	3.5045045045045047	111
6898	2007	3.6153846153846154	13
6056	2007	3.7857142857142856	7
6992	2007	2.96875	16
7044	2007	3.735294117647059	85
5139	2007	3.3229166666666665	48
6986	2007	3.7051282051282053	39
7054	2007	3.6363636363636362	11
7132	2007	3.9731182795698925	93
7247	2007	3.4672131147540983	61
5350	2007	2.5	1
5537	2007	4.0	1
6668	2007	3.9814814814814814	27
6696	2007	2.3333333333333335	6
6717	2007	4.111111111111111	9
6769	2007	3.0	10
6776	2007	3.772727272727273	33
6791	2007	3.9558823529411766	68
6945	2007	3.9375	16
7311	2007	3.6666666666666665	36
5288	2007	3.925925925925926	27
6005	2007	2.3448275862068964	29
7303	2007	3.5681818181818183	44
5296	2007	2.6484375	64
5309	2007	2.4098360655737703	61
5524	2007	2.8875	40
5625	2007	3.4130434782608696	23
5818	2007	3.53125	16
6436	2007	3.6379310344827585	29
7036	2007	2.6724137931034484	58
7149	2007	3.3527397260273974	146
7364	2007	3.5	39
7579	2007	3.849056603773585	53
7701	2007	2.1407766990291264	103
5677	2007	2.090909090909091	11
7569	2007	3.6625	160
7570	2007	3.389908256880734	109
5298	2007	3.488095238095238	42
5263	2007	3.1666666666666665	3
5588	2007	3.0961538461538463	26
7208	2007	3.8125	8
6492	2007	2.8	5
6902	2007	3.973684210526316	38
6959	2007	2.4239130434782608	46
7183	2007	3.1	5
5115	2007	1.5	2
5293	2007	3.0903614457831323	83
5406	2007	2.9166666666666665	6
5432	2007	1.625	8
5610	2007	2.5384615384615383	26
5728	2007	3.5	2
5947	2007	3.5416666666666665	12
6022	2007	3.8	10
6177	2007	2.6666666666666665	3
6263	2007	3.280701754385965	57
6395	2007	3.2857142857142856	7
6470	2007	3.388888888888889	9
6800	2007	2.1702127659574466	47
6950	2007	3.22972972972973	37
7101	2007	2.880434782608696	46
7155	2007	3.4915254237288136	59
7161	2007	2.5615384615384613	65
7275	2007	2.875	4
7305	2007	2.730769230769231	13
7457	2007	2.5	3
7646	2007	3.138888888888889	18
5140	2007	2.1363636363636362	11
5141	2007	2.357142857142857	7
5581	2007	2.5	4
5927	2007	2.5	15
6516	2007	3.911764705882353	17
5889	2007	3.05	10
6581	2007	3.55	10
6792	2007	3.357142857142857	14
5127	2007	3.3095238095238093	21
5323	2007	2.0104166666666665	48
5326	2007	1.5	3
5401	2007	2.566666666666667	45
5414	2007	2.625	36
5557	2007	1.6428571428571428	7
5632	2007	3.7903225806451615	31
5678	2007	3.0526315789473686	38
6197	2007	3.3278688524590163	61
6265	2007	2.676470588235294	17
6428	2007	3.34375	32
6593	2007	3.0343511450381677	131
6690	2007	3.125	4
6751	2007	2.159090909090909	22
7439	2007	3.08	100
7482	2007	3.784431137724551	167
6162	2007	3.0	23
5101	2007	3.25	16
5237	2007	3.482142857142857	28
5278	2007	1.5	4
5540	2007	3.2131147540983607	61
5949	2007	3.8043478260869565	23
5974	2007	3.7142857142857144	7
6122	2007	3.735294117647059	34
6123	2007	4.071428571428571	14
6327	2007	3.1785714285714284	14
6583	2007	3.2777777777777777	18
6612	2007	3.8	20
6794	2007	1.9375	56
7587	2007	3.8984375	64
6228	2007	4.0	11
6254	2007	3.8472222222222223	36
6837	2007	3.7142857142857144	7
7043	2007	3.891304347826087	23
7058	2007	3.611111111111111	9
7086	2007	3.9444444444444446	18
7121	2007	3.5	60
7212	2007	3.9	10
7584	2007	3.725	20
5226	2007	2.75	18
5244	2007	3.5526315789473686	19
5638	2007	2.769230769230769	13
6210	2007	2.8333333333333335	3
6220	2007	2.357142857142857	14
6293	2007	2.6666666666666665	3
6448	2007	3.85	30
6520	2007	3.3	5
6582	2007	2.975	20
6597	2007	3.2222222222222223	9
6600	2007	3.875	4
6642	2007	3.0357142857142856	14
6713	2007	3.774193548387097	31
6722	2007	3.8333333333333335	21
6723	2007	3.5	13
6780	2007	3.6129032258064515	31
6806	2007	3.6666666666666665	9
6882	2007	3.325	20
6990	2007	3.7	25
7259	2007	1.8333333333333333	24
7300	2007	3.54	25
7618	2007	3.5319148936170213	47
7817	2007	3.0	29
5135	2007	3.972972972972973	74
5111	2007	3.16	25
5329	2007	3.7	45
5553	2007	2.918918918918919	37
5569	2007	2.7916666666666665	24
5876	2007	3.5955882352941178	68
6326	2007	3.0	3
6452	2007	3.35	10
6530	2007	3.875	32
6709	2007	3.171875	192
6812	2007	2.7333333333333334	15
6845	2007	3.6666666666666665	3
6979	2007	3.6199261992619927	271
7007	2007	3.291208791208791	91
7347	2007	3.0988023952095807	167
7573	2007	3.1549295774647885	71
7084	2007	3.847826086956522	46
6344	2007	3.5694444444444446	36
5128	2007	2.593220338983051	59
7377	2007	3.4696969696969697	33
6322	2007	3.27	50
6335	2007	3.9210526315789473	19
6750	2007	3.108695652173913	46
7352	2007	3.5714285714285716	21
5283	2007	3.142857142857143	91
5449	2007	2.7218934911242605	169
5901	2007	2.9166666666666665	6
6379	2007	2.5444444444444443	45
6816	2007	3.125	12
7117	2007	2.108695652173913	23
7319	2007	2.588235294117647	34
5693	2007	3.256880733944954	109
6010	2007	2.0	7
6519	2007	3.25	12
7307	2007	3.2333333333333334	15
6772	2007	3.75	22
6159	2007	3.9	15
6442	2007	3.5625	16
7708	2007	3.5444444444444443	45
7265	2007	3.5652173913043477	69
5853	2007	3.3	60
6966	2007	3.1363636363636362	77
5106	2007	1.5232558139534884	43
5303	2007	2.8823529411764706	51
5590	2007	3.1666666666666665	6
6266	2007	2.9166666666666665	30
7229	2007	2.75	2
7818	2007	3.325	20
5706	2007	2.4166666666666665	6
6168	2007	2.2	5
5379	2007	3.9390243902439024	41
7177	2007	3.590909090909091	22
6989	2007	3.4038461538461537	26
6280	2007	2.9375	24
5890	2007	3.8875	40
6773	2007	3.778787878787879	165
7091	2007	3.7790697674418605	43
7757	2007	3.8297872340425534	47
5120	2007	3.9864864864864864	37
5193	2007	3.4	10
5202	2007	3.5625	8
5214	2007	3.3636363636363638	22
5361	2007	2.735294117647059	17
5367	2007	3.826923076923077	26
5382	2007	2.6666666666666665	12
5383	2007	3.84375	16
5470	2007	3.9423076923076925	26
5527	2007	3.25	12
5604	2007	4.088235294117647	17
5707	2007	3.3823529411764706	17
5745	2007	3.5	5
5777	2007	3.375	8
5791	2007	3.7083333333333335	120
5801	2007	3.5	14
5940	2007	2.9166666666666665	12
6100	2007	3.2708333333333335	24
6101	2007	3.735294117647059	17
6184	2007	3.566666666666667	30
6232	2007	3.9375	8
6238	2007	3.0526315789473686	38
6244	2007	3.6944444444444446	18
6407	2007	3.5	4
6419	2007	3.125	4
6459	2007	3.75	10
6466	2007	3.3076923076923075	13
6473	2007	3.6666666666666665	3
6480	2007	2.5	4
6535	2007	2.3346774193548385	124
6639	2007	3.857142857142857	42
6663	2007	3.4864864864864864	74
6735	2007	2.8333333333333335	9
6779	2007	3.409090909090909	11
6786	2007	4.03125	32
6797	2007	3.5892857142857144	28
6808	2007	3.7971014492753623	69
6810	2007	3.142857142857143	42
6832	2007	3.1744186046511627	43
6991	2007	2.977272727272727	22
7001	2007	3.718390804597701	87
7018	2007	3.544642857142857	56
7060	2007	3.5921052631578947	38
7062	2007	4.043478260869565	23
7080	2007	4.0	12
7087	2007	3.732142857142857	28
7088	2007	3.767857142857143	28
7095	2007	2.95	10
7111	2007	3.5	4
7135	2007	4.068965517241379	29
7207	2007	2.5	5
7227	2007	3.8333333333333335	9
7249	2007	3.4	5
7287	2007	2.5	2
7299	2007	3.727272727272727	22
7394	2007	3.8214285714285716	14
7395	2007	3.4038461538461537	26
7396	2007	4.2555555555555555	45
7450	2007	3.1	35
7617	2007	3.5	17
7698	2007	3.5	45
7702	2007	3.6923076923076925	13
7753	2007	3.2222222222222223	9
7771	2007	4.104166666666667	24
7821	2007	3.75	4
6687	2007	2.0555555555555554	18
5946	2007	3.5	1
7023	2007	3.9183673469387754	49
6297	2007	3.269662921348315	89
5472	2007	2.9642857142857144	14
7028	2007	3.375	28
7411	2007	2.375	8
5095	2007	3.5454545454545454	11
5612	2007	3.1818181818181817	11
6927	2007	3.338235294117647	34
7017	2007	2.9166666666666665	48
7440	2007	3.21875	16
7449	2007	2.3333333333333335	30
5319	2007	3.9411764705882355	51
6650	2007	4.16	50
5452	2007	1.9896907216494846	97
5548	2007	3.4791666666666665	24
5751	2007	3.5	4
6319	2007	2.25	8
6625	2007	2.65	10
6669	2007	4.142857142857143	91
6734	2007	2.9722222222222223	18
7033	2007	3.3529411764705883	17
7107	2007	3.642857142857143	14
7767	2007	4.284090909090909	44
7781	2007	3.1206896551724137	29
7074	2007	4.15	10
5670	2007	3.725	20
5292	2007	3.5892857142857144	84
5831	2007	2.5	2
5675	2007	1.6111111111111112	18
6215	2007	3.380952380952381	21
6252	2007	2.590909090909091	22
7380	2007	3.1595744680851063	47
7716	2007	3.125	4
7042	2007	3.6818181818181817	22
7203	2007	2.5	1
5932	2007	3.9473684210526314	19
6271	2007	4.148148148148148	27
5939	2007	2.5454545454545454	11
6117	2007	2.0	1
6340	2007	3.3333333333333335	3
6680	2007	3.6666666666666665	3
6997	2007	3.357142857142857	28
5696	2007	2.727272727272727	11
5891	2007	2.638888888888889	18
6493	2007	2.586206896551724	29
6387	2007	3.125	16
6757	2007	2.3	5
7258	2007	3.026315789473684	19
5651	2007	3.125	12
6074	2007	2.5	2
6153	2007	1.6428571428571428	14
6195	2007	3.5833333333333335	6
6427	2007	3.25	6
6678	2007	3.272727272727273	11
6813	2007	2.8333333333333335	3
6815	2007	2.8636363636363638	11
6848	2007	2.0	7
6871	2007	2.0833333333333335	6
7030	2007	3.3461538461538463	13
7035	2007	2.875	12
7118	2007	3.433333333333333	15
7228	2007	2.4	35
7236	2007	3.125	20
7706	2007	4.116279069767442	43
7714	2007	3.8055555555555554	18
6170	2007	3.5555555555555554	27
6646	2007	2.6666666666666665	6
6724	2007	3.953488372093023	43
7624	2007	3.2777777777777777	27
7255	2007	2.757142857142857	35
6201	2007	3.5416666666666665	12
5195	2007	1.7142857142857142	7
5856	2007	3.142857142857143	7
6061	2007	1.75	4
6062	2007	3.488888888888889	45
7115	2007	3.725806451612903	31
7209	2007	3.8548387096774195	31
5373	2007	3.8684210526315788	19
5421	2007	3.761904761904762	42
5465	2007	3.7222222222222223	9
5484	2007	3.5	6
5526	2007	3.71875	16
5633	2007	3.727272727272727	33
5687	2007	3.7	5
5899	2007	3.7444444444444445	45
6023	2007	4.232142857142857	28
6035	2007	3.7777777777777777	9
6161	2007	3.5	1
6216	2007	3.782608695652174	23
6301	2007	3.7767857142857144	56
6547	2007	2.25	4
6571	2007	4.045454545454546	11
6783	2007	4.0181818181818185	55
6789	2007	3.45	20
6985	2007	4.041666666666667	60
7136	2007	3.769230769230769	13
7210	2007	3.727272727272727	22
7218	2007	3.8333333333333335	27
7349	2007	3.7916666666666665	12
7748	2007	3.973684210526316	19
7749	2007	3.46875	16
5815	2007	2.5588235294117645	17
5410	2007	3.730769230769231	26
6999	2007	3.227272727272727	11
7266	2007	3.0625	8
5680	2007	3.3181818181818183	22
6279	2007	3.5526315789473686	19
6374	2007	2.4722222222222223	18
6549	2007	2.75	18
7073	2007	3.8545454545454545	55
7386	2007	3.619047619047619	84
5165	2007	3.625	24
5909	2007	3.826923076923077	26
6132	2007	2.75	10
6140	2007	3.48	25
6433	2007	3.7903225806451615	31
6975	2007	3.7567567567567566	37
7064	2007	3.875	68
7616	2007	3.4285714285714284	21
6551	2007	2.5416666666666665	12
7773	2007	3.7804878048780486	41
5247	2007	3.1739130434782608	46
5451	2007	2.8653846153846154	26
5650	2007	3.4473684210526314	57
5843	2007	3.0384615384615383	26
6166	2007	1.9736842105263157	57
7102	2007	2.91025641025641	39
5132	2007	3.0	1
5157	2007	2.25	4
5189	2007	1.8333333333333333	6
5192	2007	2.7	5
5208	2007	3.7	5
5272	2007	3.5714285714285716	7
5295	2007	2.8333333333333335	3
5305	2007	2.55	10
5306	2007	1.9	5
5342	2007	3.1	5
5371	2007	2.375	4
5397	2007	2.9166666666666665	12
5433	2007	2.7	15
5543	2007	1.8181818181818181	11
5546	2007	1.8	5
5596	2007	2.0555555555555554	9
5642	2007	3.4166666666666665	12
5659	2007	3.8333333333333335	3
5691	2007	2.1875	32
5697	2007	2.6	5
5709	2007	3.0	1
5749	2007	3.5	8
5754	2007	2.2857142857142856	7
5755	2007	2.0714285714285716	7
5758	2007	1.5	1
5764	2007	3.0833333333333335	12
5770	2007	3.4	5
5771	2007	2.625	8
5787	2007	2.0384615384615383	13
5808	2007	2.642857142857143	7
5830	2007	3.2	15
5852	2007	1.8125	8
5884	2007	2.4	5
5962	2007	2.138888888888889	18
5963	2007	4.0	7
5968	2007	3.1	5
6000	2007	2.3333333333333335	3
6094	2007	2.5714285714285716	7
6120	2007	2.6666666666666665	3
6135	2007	3.3333333333333335	3
6234	2007	3.1	5
6256	2007	3.625	4
6366	2007	3.125	4
6410	2007	2.8	5
6476	2007	3.7142857142857144	7
6584	2007	3.1363636363636362	22
6636	2007	3.45	20
6670	2007	2.75	4
6801	2007	3.75	4
6829	2007	2.9285714285714284	7
6859	2007	3.6333333333333333	15
6875	2007	3.4285714285714284	7
6878	2007	2.5	1
6901	2007	2.375	4
7024	2007	3.2884615384615383	26
7027	2007	3.7641509433962264	53
7032	2007	3.4375	8
7037	2007	3.7142857142857144	14
7280	2007	2.5	9
7284	2007	3.2	5
7342	2007	2.8333333333333335	3
7374	2007	2.5	18
7491	2007	3.25	10
7647	2007	3.40625	16
7650	2007	3.3846153846153846	13
7719	2007	2.75	6
7763	2007	4.25	4
7764	2007	2.5833333333333335	6
7820	2007	4.088235294117647	34
5665	2007	3.3214285714285716	14
5998	2007	1.8571428571428572	7
6351	2007	3.0	6
7297	2007	3.9411764705882355	17
5256	2007	3.75	4
7038	2007	3.769230769230769	13
5500	2007	3.644144144144144	111
6505	2007	3.75	2
5958	2007	2.25	6
7704	2007	2.391304347826087	23
5251	2007	4.5	1
5312	2007	2.75	42
6599	2007	3.888888888888889	9
5304	2007	4.071428571428571	28
5339	2007	3.5714285714285716	42
5417	2007	3.5555555555555554	27
5602	2007	3.688679245283019	53
5643	2007	3.764705882352941	17
5763	2007	3.8333333333333335	9
6126	2007	4.0625	8
6460	2007	4.0588235294117645	17
6509	2007	4.148148148148148	27
6896	2007	4.1	15
7089	2007	3.96875	48
7234	2007	4.138461538461539	65
7586	2007	3.9	15
7759	2007	3.5	11
5267	2007	3.1941176470588237	85
7286	2007	3.8	10
6075	2007	4.0	3
5572	2007	2.8852459016393444	61
7157	2007	3.1875	8
5109	2007	2.5357142857142856	14
5164	2007	3.25	4
5538	2007	2.235294117647059	17
5888	2007	3.46875	16
5099	2007	3.5	12
5250	2007	3.0454545454545454	11
5883	2007	2.3461538461538463	13
6142	2007	1.0	1
6231	2007	4.0	2
6260	2007	3.0714285714285716	7
6566	2007	2.0	39
6983	2007	3.888888888888889	18
5637	2007	3.642857142857143	21
6060	2007	2.525	20
6299	2007	4.061224489795919	49
7075	2007	3.9714285714285715	35
7125	2007	4.0	9
7572	2007	3.9166666666666665	24
7786	2007	3.96875	16
5996	2007	3.3	5
6037	2007	2.625	4
7076	2007	3.6911764705882355	68
5224	2007	4.333333333333333	12
5428	2007	2.3181818181818183	11
7140	2007	5.0	1
5752	2007	3.3846153846153846	13
6526	2007	4.0625	8
6542	2007	3.933333333333333	30
7040	2007	3.533333333333333	30
7809	2007	3.484848484848485	33
5380	2007	3.630952380952381	84
6777	2007	3.9625	40
6546	2007	4.75	2
6864	2007	3.625	12
5684	2007	3.3181818181818183	11
5929	2007	2.6666666666666665	15
6968	2007	2.6	5
5712	2007	3.326923076923077	26
5859	2007	3.8	5
5867	2007	3.6538461538461537	13
6692	2007	3.5714285714285716	7
6869	2007	3.861111111111111	18
7025	2007	3.5294117647058822	17
7418	2007	3.125	4
7459	2007	3.5	27
5107	2007	2.9901960784313726	51
5264	2007	2.519230769230769	26
6702	2007	2.425	20
7446	2007	2.142857142857143	7
6575	2007	2.0	4
5486	2007	2.5	7
5297	2007	3.142857142857143	21
5813	2007	2.5	8
6839	2007	3.1666666666666665	6
5918	2007	1.8461538461538463	13
6954	2007	3.9014084507042255	71
7205	2007	3.0625	8
6706	2007	3.5	3
5456	2007	1.6875	8
5789	2007	2.0	3
6325	2007	1.375	12
6422	2007	3.8333333333333335	12
6446	2007	3.6666666666666665	9
6768	2007	3.5833333333333335	24
7775	2007	3.625	8
7408	2007	3.3	5
6935	2007	4.0	21
6073	2007	3.1	5
6688	2007	3.8333333333333335	3
6727	2007	3.7857142857142856	7
7124	2007	3.411764705882353	17
7217	2007	3.62	25
7832	2007	3.8529411764705883	17
5501	2007	1.45	20
5259	2007	2.875	4
5434	2007	3.6363636363636362	22
6329	2007	2.95	10
6356	2007	3.5	11
6579	2007	4.052631578947368	19
6738	2007	1.5	1
6984	2007	3.8	15
7079	2007	3.875	20
7336	2007	3.5	8
5483	2007	3.3333333333333335	15
5980	2007	2.8823529411764706	17
6031	2007	3.642857142857143	14
6660	2007	3.984848484848485	33
7316	2007	2.1875	32
7474	2007	4.0	6
5112	2007	3.6875	8
5217	2007	2.5	5
5348	2007	2.857142857142857	21
5415	2007	2.7222222222222223	36
5429	2007	2.0	2
5438	2007	2.6666666666666665	15
5453	2007	3.2777777777777777	9
5454	2007	2.25	8
5493	2007	2.642857142857143	7
5529	2007	2.323529411764706	17
5573	2007	2.4318181818181817	22
5598	2007	2.392857142857143	14
5657	2007	3.3	5
5718	2007	2.1	5
5750	2007	2.6	5
5837	2007	1.8333333333333333	3
6203	2007	2.5	7
6239	2007	3.6041666666666665	24
6246	2007	3.1666666666666665	3
6349	2007	2.2857142857142856	7
6352	2007	1.6	5
6386	2007	3.1666666666666665	3
6412	2007	3.75	14
6421	2007	2.6666666666666665	3
6455	2007	3.0	7
6517	2007	2.4444444444444446	9
6629	2007	3.2666666666666666	15
6681	2007	3.625	4
6798	2007	3.28125	16
6809	2007	3.0	6
6976	2007	3.066666666666667	15
6994	2007	2.8	10
7015	2007	2.75	6
7019	2007	2.9	5
7119	2007	3.5	7
7133	2007	1.7	5
7192	2007	3.111111111111111	9
7269	2007	2.75	4
7291	2007	3.0	4
7359	2007	2.375	4
7393	2007	2.375	4
7725	2007	1.6666666666666667	18
6637	2007	3.3333333333333335	9
6638	2007	4.0625	8
5498	2007	3.9875	40
5471	2007	1.5	5
5658	2007	1.9285714285714286	7
5689	2007	2.769230769230769	13
5703	2007	1.625	4
5768	2007	2.1	5
5969	2007	2.574074074074074	27
5993	2007	3.1	10
6115	2007	3.1666666666666665	3
6308	2007	2.625	12
6705	2007	3.1944444444444446	18
6756	2007	3.125	8
6844	2007	2.75	2
6885	2007	2.574074074074074	27
7169	2007	2.9761904761904763	21
7220	2007	2.9285714285714284	7
7257	2007	2.5869565217391304	23
7292	2007	2.0	13
7354	2007	3.2916666666666665	24
7727	2007	2.25	4
5460	2007	2.2083333333333335	12
5812	2007	3.6171875	64
7056	2007	3.8703703703703702	27
5122	2007	3.6	10
5324	2007	2.738095238095238	21
5873	2007	3.3541666666666665	24
6964	2007	3.5833333333333335	6
5820	2007	3.7857142857142856	14
7261	2007	2.59375	16
7485	2007	3.7222222222222223	18
6477	2007	3.4545454545454546	11
7335	2007	3.9166666666666665	18
7021	2007	2.75	4
7248	2007	3.5	5
6183	2007	3.574074074074074	27
7194	2007	3.4285714285714284	7
5177	2007	3.923076923076923	26
5258	2007	4.0	9
5269	2007	3.621212121212121	33
5564	2007	2.293103448275862	29
6611	2007	3.9130434782608696	23
6643	2007	3.966666666666667	60
5804	2007	2.511904761904762	42
7486	2007	3.9347826086956523	23
5119	2007	3.730769230769231	13
5155	2007	2.0	3
5334	2007	2.6875	8
5384	2007	3.8333333333333335	3
5551	2007	2.5	5
5568	2007	2.8461538461538463	13
5646	2007	3.6	15
5723	2007	2.5714285714285716	7
5729	2007	2.1	10
5733	2007	3.0	7
5851	2007	2.3333333333333335	3
5977	2007	3.25	4
6105	2007	3.6875	8
6108	2007	3.0	3
6236	2007	3.5	2
6302	2007	2.2857142857142856	7
6320	2007	2.4285714285714284	7
6451	2007	3.0833333333333335	6
6613	2007	2.6666666666666665	6
6778	2007	2.625	4
6802	2007	3.0	3
6819	2007	2.75	4
6823	2007	3.2857142857142856	7
6842	2007	3.0	7
6854	2007	3.5	5
6961	2007	4.0	8
6981	2007	4.0	16
7039	2007	3.4642857142857144	14
7078	2007	3.96875	16
7092	2007	3.6923076923076925	13
7126	2007	3.533333333333333	15
7130	2007	3.5	7
7180	2007	3.875	4
7196	2007	3.2142857142857144	7
7238	2007	4.075	20
7333	2007	3.75	24
7492	2007	3.272727272727273	11
7636	2007	3.3	15
7705	2007	3.4	10
7713	2007	3.75	22
7756	2007	3.6904761904761907	21
7791	2007	3.75	16
7834	2007	3.75	24
7355	2007	3.8	5
7812	2007	3.0344827586206895	29
5104	2007	3.5	1
6596	2007	2.736842105263158	19
5499	2007	2.75	8
7131	2007	3.1666666666666665	3
7384	2007	3.625	4
5275	2007	3.4	5
6118	2007	4.055555555555555	9
7109	2007	3.5	5
5199	2007	3.076923076923077	13
7011	2007	3.8666666666666667	15
7141	2007	3.8823529411764706	17
7066	2007	3.5357142857142856	14
5172	2007	2.764705882352941	17
5187	2007	3.7333333333333334	15
6497	2007	2.5	3
6790	2007	3.323529411764706	34
7047	2007	2.933333333333333	15
6243	2007	3.0416666666666665	24
6951	2007	2.1222222222222222	45
7094	2007	3.409090909090909	11
7178	2007	3.217391304347826	23
7179	2007	3.45	10
7770	2007	3.875	4
6828	2007	3.9285714285714284	7
5753	2007	2.642857142857143	7
6212	2007	2.3815789473684212	38
7068	2007	4.0	9
5595	2007	3.142857142857143	7
5100	2007	2.75	4
5321	2007	3.5	1
5450	2007	3.2857142857142856	14
5742	2007	3.375	4
5847	2007	3.6923076923076925	13
5926	2007	2.5	4
6529	2007	2.5	3
6895	2007	3.7	5
7100	2007	3.0	2
6533	2007	3.676470588235294	17
7059	2007	3.25	14
7831	2007	3.823529411764706	17
6742	2007	1.5	4
5282	2007	3.1842105263157894	19
5368	2007	3.4166666666666665	6
5423	2007	3.5	11
6226	2007	3.5	7
6304	2007	2.6153846153846154	13
6368	2007	3.466666666666667	15
6921	2007	3.7142857142857144	7
6251	2007	2.625	8
6743	2007	3.5714285714285716	28
6193	2007	3.2222222222222223	18
6464	2007	2.1	20
5121	2007	4.023809523809524	21
6609	2007	4.2	10
7072	2007	3.813953488372093	43
5694	2007	2.1052631578947367	19
6590	2007	3.5	2
7152	2007	3.0	7
6114	2007	3.25	6
5255	2007	2.5416666666666665	24
5730	2007	2.375	8
6306	2007	3.6818181818181817	11
6111	2007	2.4375	8
5586	2007	2.75	4
7241	2007	4.1	15
5389	2007	2.473684210526316	19
5914	2007	3.5833333333333335	12
6054	2007	2.6	5
6913	2007	1.8333333333333333	6
7385	2007	2.5	6
6090	2007	3.0	3
6205	2007	4.0	1
7723	2007	1.8125	8
5114	2007	4.0625	16
5167	2007	3.6666666666666665	3
5168	2007	3.357142857142857	7
5169	2007	3.65	10
5198	2007	3.4705882352941178	17
5289	2007	4.0	9
5392	2007	3.4375	8
5396	2007	2.6666666666666665	3
5440	2007	4.035714285714286	14
5495	2007	2.8333333333333335	6
5516	2007	3.71875	16
5522	2007	3.357142857142857	28
5748	2007	3.8333333333333335	3
5799	2007	4.136363636363637	11
5800	2007	3.5	5
5825	2007	4.357142857142857	28
5826	2007	3.6666666666666665	12
5869	2007	3.25	6
5904	2007	3.5	1
6020	2007	3.8333333333333335	6
6021	2007	4.0	13
6047	2007	3.888888888888889	9
6051	2007	3.6875	8
6064	2007	3.6	10
6078	2007	3.0806451612903225	31
6083	2007	4.0	3
6180	2007	3.75	2
6409	2007	3.375	8
6426	2007	3.5454545454545454	11
6441	2007	3.411764705882353	17
6457	2007	3.5714285714285716	7
6488	2007	2.6666666666666665	12
6506	2007	3.6363636363636362	22
6576	2007	3.8333333333333335	6
6578	2007	3.375	4
6603	2007	4.0	5
6684	2007	3.7	10
6699	2007	3.0	3
6714	2007	3.357142857142857	7
6782	2007	3.0789473684210527	19
6803	2007	3.4130434782608696	23
6843	2007	3.3333333333333335	3
6912	2007	3.25	2
7051	2007	3.142857142857143	7
7055	2007	3.6944444444444446	18
7069	2007	3.6666666666666665	18
7215	2007	4.023809523809524	42
7216	2007	3.65625	16
7219	2007	4.071428571428571	7
7223	2007	3.96875	16
7272	2007	3.611111111111111	9
7326	2007	3.227272727272727	11
7410	2007	3.2	10
7480	2007	3.875	8
7484	2007	3.8125	32
7637	2007	3.3333333333333335	6
7769	2007	3.0	5
7822	2007	3.4285714285714284	7
6298	2007	1.9722222222222223	18
5180	2007	2.6666666666666665	6
5249	2007	3.0	3
5354	2007	3.375	4
5358	2007	3.8333333333333335	6
5395	2007	3.0	2
5494	2007	3.6666666666666665	3
6151	2007	3.625	4
6247	2007	3.5833333333333335	6
6614	2007	3.1875	8
6818	2007	4.0	23
6970	2007	3.6346153846153846	26
6988	2007	3.3333333333333335	15
7009	2007	3.316666666666667	30
7222	2007	2.7	15
7338	2007	3.8	10
7479	2007	3.6666666666666665	3
7487	2007	3.3076923076923075	26
7730	2007	3.2857142857142856	7
7782	2007	3.125	24
5587	2007	2.1363636363636362	11
5647	2007	2.0384615384615383	13
5648	2007	1.7083333333333333	12
7320	2007	2.9242424242424243	33
7774	2007	3.3125	8
5990	2007	2.15	10
7331	2007	3.3333333333333335	3
7720	2007	3.6956521739130435	23
6630	2007	3.6666666666666665	9
7835	2007	3.8636363636363638	11
7294	2007	2.340909090909091	22
7745	2007	3.9642857142857144	14
6760	2007	3.7142857142857144	7
5685	2007	3.3333333333333335	24
5539	2007	2.5	11
6158	2007	2.1	10
5513	2007	3.25	4
5874	2007	2.3095238095238093	21
7353	2007	2.227272727272727	11
5531	2007	3.0555555555555554	9
5096	2007	2.18	25
5284	2007	2.7142857142857144	7
5653	2007	3.880952380952381	21
7276	2007	3.0833333333333335	6
5229	2007	3.75	2
6038	2007	1.75	2
6559	2007	2.522727272727273	22
5443	2007	1.7222222222222223	9
6249	2007	2.5526315789473686	19
7378	2007	2.125	8
5774	2007	2.0	6
7211	2007	3.5833333333333335	6
6701	2007	3.142857142857143	7
6405	2007	3.5833333333333335	12
5201	2007	2.0	7
5333	2007	3.875	16
5442	2007	2.2777777777777777	9
5649	2007	3.25	14
5692	2007	3.269230769230769	13
5736	2007	1.3181818181818181	11
5961	2007	2.7	10
5986	2007	3.5833333333333335	6
6080	2007	2.142857142857143	7
6179	2007	3.75	2
6484	2007	2.5555555555555554	27
6518	2007	2.6	5
6560	2007	2.0	3
6652	2007	3.35	10
6665	2007	3.3333333333333335	12
6720	2007	2.75	6
6814	2007	2.0	6
6900	2007	3.4166666666666665	6
6905	2007	3.0	3
6919	2007	3.4	5
6977	2007	3.111111111111111	18
7029	2007	3.1153846153846154	13
7308	2007	2.3	20
7313	2007	2.5	4
7478	2007	4.0	19
7724	2007	1.5	2
5279	2007	3.3461538461538463	13
5838	2007	2.8	5
5839	2007	3.6	10
5840	2007	3.65625	16
6671	2007	3.857142857142857	14
7493	2007	3.6153846153846154	13
5142	2007	4.375	4
5145	2007	3.7	10
5235	2007	2.9375	8
5705	2007	2.4	20
5710	2007	2.727272727272727	11
5841	2007	1.9782608695652173	23
5885	2007	3.25	2
5897	2007	2.75	2
5984	2007	3.0	6
6070	2007	3.3333333333333335	3
6077	2007	3.357142857142857	14
6413	2007	2.55	10
6805	2007	3.375	8
6851	2007	3.625	4
6939	2007	3.6875	8
7005	2007	2.236842105263158	19
7626	2007	3.142857142857143	7
5318	2007	4.25	2
7792	2007	3.54	25
6762	2007	4.4	5
6811	2007	3.466666666666667	30
7332	2007	2.75	6
6558	2007	2.375	24
6181	2007	3.6	5
6467	2007	4.166666666666667	9
7225	2007	3.2941176470588234	17
7581	2007	3.375	16
7067	2007	3.6904761904761907	21
7785	2007	3.6	5
5619	2007	3.9375	8
5735	2007	1.2916666666666667	12
5737	2007	1.0625	8
6610	2007	3.375	4
5227	2007	3.625	4
6139	2007	3.375	8
5179	2007	2.875	8
6641	2007	3.1666666666666665	3
7578	2007	3.375	4
5725	2007	3.3	5
5204	2007	1.6666666666666667	3
6382	2007	3.5	9
6561	2007	3.65	10
5667	2007	2.875	12
5603	2007	4.0	19
6082	2007	3.4375	8
6334	2007	3.2222222222222223	9
5134	2007	3.272727272727273	11
5582	2007	2.68	25
5584	2007	2.1	20
5585	2007	2.361111111111111	18
5597	2007	2.3846153846153846	13
5898	2007	2.9	5
5999	2007	2.272727272727273	11
6006	2007	2.6625	40
6570	2007	3.1	5
6577	2007	1.0	5
6703	2007	2.8333333333333335	12
6732	2007	2.35	10
6850	2007	3.0714285714285716	21
7790	2007	3.0625	16
6036	2007	3.0	2
5654	2007	2.75	6
6406	2007	2.9	10
7134	2007	3.7142857142857144	7
7827	2007	3.3205128205128207	39
5243	2007	2.7	10
5817	2007	3.625	8
7815	2007	3.7	15
6119	2007	2.9	5
5788	2007	3.75	20
7648	2007	3.0	2
6204	2007	2.25	6
5156	2007	2.75	4
5207	2007	2.0	1
5336	2007	3.0	4
5370	2007	1.7	5
5386	2007	2.7	5
5394	2007	3.0714285714285716	7
5473	2007	3.6666666666666665	3
5514	2007	2.5	1
5549	2007	2.25	2
5599	2007	4.0	3
5661	2007	2.5	3
5698	2007	2.75	2
5719	2007	0.75	2
5744	2007	3.25	2
5746	2007	2.375	4
5795	2007	3.1666666666666665	6
5806	2007	3.9	5
5866	2007	2.6666666666666665	3
5917	2007	2.1666666666666665	3
5967	2007	1.75	2
6015	2007	2.5	2
6085	2007	1.5	1
6086	2007	2.875	4
6095	2007	2.75	4
6133	2007	3.25	4
6172	2007	1.0	4
6174	2007	1.0	2
6258	2007	3.3125	8
6353	2007	2.3	5
6431	2007	1.875	4
6434	2007	3.3333333333333335	6
6439	2007	4.0	5
6443	2007	3.2	5
6472	2007	3.0	2
6499	2007	4.0	3
6515	2007	3.4444444444444446	9
6585	2007	2.5	2
6604	2007	3.5	6
6677	2007	3.0	1
6741	2007	2.7777777777777777	9
6834	2007	2.5	2
6894	2007	2.1	5
6903	2007	1.9166666666666667	6
6926	2007	3.7142857142857144	7
6956	2007	3.25	2
7077	2007	3.0	1
7081	2007	3.4375	8
7112	2007	3.625	8
7113	2007	2.5	1
7200	2007	2.5	3
7204	2007	3.2142857142857144	7
7221	2007	3.25	6
7240	2007	1.75	2
7242	2007	2.25	2
7273	2007	2.25	2
7288	2007	3.5	3
7290	2007	3.0	3
7301	2007	3.857142857142857	14
7309	2007	3.3	5
7645	2007	2.3333333333333335	3
7703	2007	1.5	4
7751	2007	3.0	2
7768	2007	2.125	4
7828	2007	2.5	2
6269	2007	4.088235294117647	17
6752	2007	2.5	4
7165	2007	2.933333333333333	15
7461	2007	3.25	2
6376	2007	4.5	3
6775	2007	3.5	6
5183	2007	2.0833333333333335	6
6447	2007	3.8	5
6728	2007	3.8333333333333335	3
6916	2007	3.2	5
7232	2007	3.857142857142857	7
7329	2007	3.375	4
5136	2007	2.357142857142857	7
6009	2007	3.8333333333333335	3
5629	2007	3.3333333333333335	6
6268	2007	3.6923076923076925	13
6345	2007	3.1666666666666665	18
7026	2007	2.9166666666666665	12
5911	2007	2.5	5
5332	2007	3.3333333333333335	3
5672	2007	1.0535714285714286	28
6771	2007	2.6	5
6667	2007	4.0	15
7627	2007	2.0	1
7202	2007	3.0454545454545454	11
6486	2007	2.7142857142857144	7
5126	2007	1.8333333333333333	3
5129	2007	1.25	2
5149	2007	1.5	2
5154	2007	0.875	4
5160	2007	1.6	5
5161	2007	2.4	5
5166	2007	3.25	2
5170	2007	2.4545454545454546	11
5182	2007	1.25	2
5184	2007	2.375	4
5185	2007	1.8333333333333333	3
5188	2007	2.0	1
5209	2007	4.4	5
5248	2007	1.4	10
5270	2007	2.0	2
5277	2007	1.75	4
5286	2007	0.5	1
5315	2007	2.5	4
5335	2007	3.0	7
5338	2007	3.0	2
5347	2007	2.0	3
5356	2007	1.0714285714285714	7
5369	2007	1.875	4
5374	2007	1.5	5
5381	2007	3.1666666666666665	6
5387	2007	2.5434782608695654	23
5405	2007	3.3333333333333335	3
5436	2007	4.375	4
5448	2007	2.2	5
5462	2007	1.85	10
5469	2007	2.0	5
5476	2007	1.7115384615384615	26
5482	2007	1.9375	8
5487	2007	1.6666666666666667	3
5490	2007	1.75	4
5492	2007	2.0	3
5532	2007	2.0	4
5545	2007	1.5	4
5567	2007	2.125	4
5576	2007	0.5	1
5580	2007	1.75	4
5583	2007	2.1666666666666665	3
5631	2007	0.5	1
5639	2007	2.3	5
5655	2007	2.8	5
5701	2007	1.75	4
5708	2007	1.125	4
5715	2007	2.125	4
5724	2007	1.9	5
5734	2007	1.2	10
5738	2007	1.0714285714285714	7
5739	2007	1.3571428571428572	7
5740	2007	1.0833333333333333	6
5756	2007	1.6666666666666667	3
5779	2007	1.875	12
5807	2007	2.5	2
5836	2007	3.625	8
5857	2007	1.5	5
5864	2007	1.8125	8
5887	2007	2.2142857142857144	7
5894	2007	0.5	1
5915	2007	3.3	10
5921	2007	2.25	4
5925	2007	2.3	5
5938	2007	3.5625	16
5953	2007	0.5	1
5978	2007	3.6666666666666665	3
5979	2007	2.7	5
6028	2007	1.625	4
6032	2007	3.45	10
6044	2007	1.0	3
6079	2007	3.5	1
6089	2007	2.1666666666666665	3
6099	2007	0.75	2
6137	2007	3.5	1
6143	2007	2.6538461538461537	13
6145	2007	2.5	4
6150	2007	3.0	3
6152	2007	1.3	5
6167	2007	3.75	2
6182	2007	3.75	6
6208	2007	1.625	8
6237	2007	3.7916666666666665	12
6276	2007	3.7	5
6295	2007	1.6	5
6348	2007	1.7142857142857142	7
6357	2007	3.71875	16
6369	2007	1.25	2
6401	2007	3.5833333333333335	6
6420	2007	3.5	2
6435	2007	4.0	3
6437	2007	3.7142857142857144	7
6454	2007	3.5555555555555554	9
6462	2007	3.4166666666666665	6
6469	2007	3.3	5
6485	2007	2.4444444444444446	9
6498	2007	3.8333333333333335	3
6513	2007	3.7	5
6522	2007	2.6666666666666665	6
6557	2007	2.611111111111111	9
6574	2007	1.2	5
6588	2007	3.8333333333333335	6
6628	2007	1.6875	8
6656	2007	2.375	4
6715	2007	2.0	2
6716	2007	1.25	2
6739	2007	2.25	4
6740	2007	1.8	5
6788	2007	2.0714285714285716	7
6795	2007	2.1	5
6827	2007	1.7	15
6840	2007	3.875	4
6853	2007	1.6	5
6856	2007	3.6666666666666665	15
6883	2007	3.0833333333333335	6
6899	2007	2.125	4
6908	2007	1.9	5
6980	2007	3.75	4
6998	2007	3.0	5
7010	2007	3.8823529411764706	17
7012	2007	3.111111111111111	9
7041	2007	2.7857142857142856	7
7061	2007	4.0625	8
7082	2007	3.8181818181818183	11
7120	2007	1.4166666666666667	6
7174	2007	2.5	3
7187	2007	1.375	4
7189	2007	2.0	6
7191	2007	2.0	5
7195	2007	3.607142857142857	14
7197	2007	3.25	2
7214	2007	4.25	2
7244	2007	1.7142857142857142	7
7262	2007	2.0	5
7277	2007	3.0	2
7279	2007	3.75	2
7281	2007	1.7	5
7315	2007	2.125	8
7330	2007	3.5	2
7356	2007	5.0	1
7392	2007	2.9285714285714284	7
7402	2007	2.1666666666666665	9
7403	2007	1.5	4
7413	2007	2.0	3
7523	2007	2.875	8
7565	2007	1.5	4
5798	2007	2.3333333333333335	3
5933	2007	2.6	5
7787	2007	3.3636363636363638	11
7625	2007	3.6	5
5834	2007	3.0	2
7443	2007	3.25	2
6781	2007	3.25	4
7388	2007	2.375	4
6289	2007	2.9642857142857144	14
5681	2007	4.0	4
6194	2007	3.125	4
5194	2007	4.5	2
5346	2007	2.5384615384615383	13
5366	2007	2.75	6
5850	2007	3.75	2
6039	2007	2.566666666666667	15
6098	2007	3.75	2
6148	2007	4.0	5
6573	2007	3.4583333333333335	12
7742	2007	3.590909090909091	11
7826	2007	3.911764705882353	17
5503	2007	3.7333333333333334	15
5711	2007	3.3333333333333335	3
5215	2007	2.875	4
5337	2007	2.85	10
5589	2007	3.1666666666666665	6
6233	2007	1.9166666666666667	6
7340	2007	3.0625	16
7707	2007	3.0	8
6489	2007	3.5	1
5211	2007	2.1	5
5664	2007	2.5	7
6619	2007	3.1904761904761907	21
7230	2007	2.75	8
6130	2007	2.6666666666666665	6
5896	2007	3.4444444444444446	9
5936	2007	3.625	4
6971	2007	3.65	10
5407	2007	5.0	1
6048	2007	2.8333333333333335	3
6071	2007	4.0	2
6381	2007	4.5	1
7339	2007	4.0	1
7344	2007	3.75	4
5398	2007	3.95	10
5314	2007	3.0	6
7096	2007	4.181818181818182	11
7614	2007	3.45	20
5118	2007	4.0	4
5287	2007	3.3333333333333335	3
5359	2007	3.0	2
6042	2007	3.6363636363636362	11
6144	2007	3.75	4
6403	2007	3.9166666666666665	6
6430	2007	2.5	9
6453	2007	2.3125	8
6465	2007	2.5	2
6963	2007	3.8	20
7093	2007	3.5	11
7243	2007	2.95	10
7302	2007	3.55	10
7585	2007	4.222222222222222	9
6415	2007	3.8333333333333335	6
5607	2007	3.6578947368421053	19
5210	2007	2.1666666666666665	9
5413	2007	2.75	8
5606	2007	3.1666666666666665	3
5695	2007	2.5	2
5731	2007	3.090909090909091	11
6910	2007	3.3	5
6940	2007	4.0	2
6967	2007	4.214285714285714	14
6358	2007	3.6818181818181817	11
6826	2007	2.6666666666666665	3
5828	2007	3.3333333333333335	3
6342	2007	3.375	4
5542	2007	3.375	4
6107	2007	4.1	5
5213	2007	2.7142857142857144	7
7085	2007	3.1333333333333333	15
5357	2007	3.25	8
6169	2007	3.3333333333333335	3
6849	2007	3.75	10
5341	2007	3.4761904761904763	21
5660	2007	3.2	5
6091	2007	2.8	5
6969	2007	2.5714285714285716	7
7334	2007	3.111111111111111	9
5173	2007	2.25	2
5422	2007	2.55	10
5600	2007	3.25	6
6221	2007	3.0	1
6341	2007	3.5	16
6396	2007	2.7857142857142856	7
6404	2007	3.0	6
6835	2007	2.125	4
5125	2007	3.111111111111111	9
6531	2007	3.625	8
6450	2007	3.4285714285714284	7
5937	2007	4.0	11
6019	2007	3.125	4
6747	2007	3.3125	8
5509	2007	4.0	6
6027	2007	3.5294117647058822	17
6109	2007	2.875	4
6002	2007	3.5	13
5216	2007	3.6666666666666665	3
6211	2007	3.9375	8
6275	2007	3.0	1
6918	2007	3.3125	8
7172	2007	2.75	6
6746	2007	2.125	4
5824	2007	2.5	8
5985	2007	3.25	4
6160	2007	3.125	4
6648	2007	2.0	2
6700	2007	2.25	6
7306	2007	3.3636363636363638	11
5975	2007	3.75	8
6285	2007	3.25	6
5143	2007	3.0	3
5362	2007	3.9	5
5372	2007	3.4285714285714284	7
5699	2007	3.3333333333333335	6
6392	2007	3.8333333333333335	6
6478	2007	3.0	5
6525	2007	3.0714285714285716	7
6736	2007	3.5833333333333335	6
7383	2007	3.05	10
5886	2007	4.0	1
5181	2007	2.8	5
6092	2007	2.8	10
6906	2007	2.75	2
6065	2007	4.1	5
6066	2007	3.75	8
5727	2007	2.6666666666666665	3
7188	2007	2.9166666666666665	6
7814	2007	3.3	5
7562	2007	3.15625	16
5431	2007	3.25	4
5550	2007	2.7142857142857144	7
5760	2007	2.5	6
5832	2007	3.0	5
5994	2007	3.8846153846153846	13
6067	2007	3.1333333333333333	15
6676	2007	3.6	5
6545	2007	3.4	10
7122	2007	3.6666666666666665	12
7489	2007	4.0	17
5301	2007	3.4	5
5435	2007	4.125	8
5671	2007	3.0	1
5674	2007	3.0	1
6192	2007	3.95	10
5510	2007	2.6666666666666665	3
6311	2007	3.2222222222222223	9
6616	2007	2.75	6
6623	2007	2.5	2
6698	2007	2.0	1
7148	2007	1.8333333333333333	6
5976	2007	2.75	2
6230	2007	3.75	6
6710	2007	3.4285714285714284	14
6784	2007	3.25	8
5485	2007	3.6363636363636362	11
5930	2007	3.8333333333333335	3
5466	2007	2.8333333333333335	3
5721	2007	2.9	5
6217	2007	3.4285714285714284	7
6855	2007	3.8	5
6973	2007	2.8181818181818183	11
7145	2007	3.0	1
7455	2007	3.5	2
6424	2007	2.1363636363636362	11
6102	2007	3.25	2
5176	2007	2.25	2
6024	2007	2.4	5
6113	2007	4.0	1
6186	2007	2.5	8
6255	2007	2.625	4
7328	2007	3.4375	8
7399	2007	3.0	4
6831	2007	3.0	2
7358	2007	4.0	2
7031	2007	2.4285714285714284	7
6375	2007	4.045454545454546	11
5615	2007	4.666666666666667	3
6041	2007	3.9615384615384617	13
6644	2007	3.9166666666666665	6
5131	2007	3.75	4
6689	2007	3.0	4
5174	2007	2.4	5
6173	2007	4.0	4
5236	2007	3.0	3
5515	2007	3.857142857142857	14
6474	2007	3.0	1
5966	2007	3.5	5
6229	2007	3.4375	8
6821	2007	2.8333333333333335	6
6830	2007	3.6666666666666665	3
5983	2007	3.5	6
5931	2007	3.1666666666666665	3
7563	2007	3.3	5
6033	2007	4.0	1
5511	2007	2.5	3
5331	2007	1.0	3
5345	2007	3.6	5
6607	2007	4.0	2
6729	2007	3.25	4
7351	2007	2.3333333333333335	3
5158	2007	3.1	5
5241	2007	3.5	5
5593	2007	3.5	4
5916	2007	4.166666666666667	3
6127	2007	3.5	3
6481	2007	3.1	5
7415	2007	4.0	4
6602	2007	3.3	5
5116	2007	2.75	4
5196	2007	3.6666666666666665	3
5238	2007	3.7857142857142856	7
5497	2007	3.0	5
5848	2007	2.6666666666666665	3
6096	2007	2.8333333333333335	3
7114	2007	3.45	10
5614	2007	4.0	3
5987	2007	1.25	2
6744	2007	2.3157894736842106	19
6892	2007	2.6	5
7226	2007	3.75	2
7250	2007	3.0833333333333335	12
7521	2007	3.2	5
7416	2007	3.25	6
6141	2007	2.75	4
6416	2007	3.642857142857143	7
5488	2007	3.4	5
5268	2007	3.6875	8
5686	2007	3.1538461538461537	13
5741	2007	3.3333333333333335	6
6876	2007	3.0	2
7108	2007	2.875	4
6554	2007	3.0	8
5821	2007	4.5	2
6674	2007	3.5	2
5311	2007	3.2	5
5327	2007	2.0	4
5328	2007	2.5	2
5892	2007	2.3333333333333335	3
5913	2007	3.0	3
6029	2007	2.75	2
6030	2007	2.75	2
6034	2007	2.5	2
6355	2007	3.3333333333333335	3
6417	2007	3.0	3
6445	2007	3.0	4
6923	2007	2.8333333333333335	6
6924	2007	3.642857142857143	7
6925	2007	2.7	5
7050	2007	3.4285714285714284	7
7184	2007	2.8333333333333335	3
5769	2007	4.125	4
7405	2007	3.5	3
5427	2007	2.642857142857143	7
7171	2007	3.25	16
7561	2007	3.1666666666666665	6
6511	2007	3.25	4
5375	2007	3.4	5
5376	2007	3.0	5
5205	2007	2.25	4
5439	2007	3.0	4
5726	2007	2.7857142857142856	7
6592	2007	3.125	4
6704	2007	3.375	4
6929	2007	2.5	1
7833	2007	4.045454545454546	11
5822	2007	4.166666666666667	3
6685	2007	2.5	2
5652	2007	2.125	4
5716	2007	3.0	2
5910	2007	3.1666666666666665	3
6673	2007	3.25	6
6719	2007	2.0	5
6911	2007	3.2	5
6962	2007	5.0	1
7053	2007	3.25	2
7784	2007	3.0833333333333335	6
7181	2007	3.5	5
5274	2007	2.25	6
6124	2007	3.0	2
7103	2007	2.857142857142857	7
6836	2007	1.0	2
6425	2007	2.0	8
5212	2007	1.8333333333333333	12
5246	2007	1.7857142857142858	14
5252	2007	3.3333333333333335	3
5276	2007	2.4166666666666665	6
5409	2007	2.3333333333333335	3
5441	2007	2.25	2
5591	2007	1.9	5
5924	2007	2.6666666666666665	3
5964	2007	3.0	2
6328	2007	2.0	2
6384	2007	2.625	4
6572	2007	3.1	5
6730	2007	2.7857142857142856	7
6824	2007	3.0	6
6860	2007	3.5	2
6949	2007	3.375	8
7006	2007	2.3333333333333335	3
7127	2007	3.0	5
7186	2007	3.75	2
5223	2007	3.75	4
7237	2007	2.75	4
5240	2007	3.3333333333333335	3
5203	2007	3.0	1
5290	2007	2.9	5
5310	2007	2.0	6
6076	2007	2.75	2
6084	2007	2.5833333333333335	6
6110	2007	2.75	2
6116	2007	2.8333333333333335	3
5399	2007	3.0714285714285716	7
6524	2007	4.333333333333333	3
6178	2007	4.1	5
5353	2007	2.8	5
5390	2007	3.4166666666666665	6
5717	2007	2.1875	8
6257	2007	3.2857142857142856	7
5343	2007	3.1666666666666665	3
5355	2007	3.25	4
5662	2007	3.5	1
5773	2007	2.5833333333333335	6
5778	2007	2.25	4
5855	2007	2.75	6
6112	2007	2.5	1
6240	2007	4.5	1
6267	2007	3.0	3
6313	2007	3.3333333333333335	3
6314	2007	2.9166666666666665	6
6423	2007	3.0	3
6475	2007	2.5	6
6500	2007	2.6666666666666665	3
6510	2007	2.6	5
6631	2007	3.25	2
6653	2007	3.0	4
6725	2007	2.1818181818181817	11
7289	2007	2.25	2
7389	2007	2.45	10
5951	2007	3.0555555555555554	9
5793	2007	0.5	1
7128	2007	3.5625	8
7213	2007	2.5	3
6398	2007	3.125	4
6175	2007	2.0	1
6176	2007	3.25	6
6388	2007	3.1666666666666665	3
7201	2007	3.25	6
5906	2007	3.75	2
6025	2007	3.033333333333333	15
7298	2007	3.25	2
5242	2007	2.75	2
5865	2007	3.75	2
6661	2007	3.5	1
7002	2007	2.5	3
7176	2007	3.6666666666666665	6
7264	2007	3.25	2
7295	2007	3.25	2
6248	2007	4.5	1
6622	2007	3.5	1
6682	2007	3.8333333333333335	6
6683	2007	3.772727272727273	11
6833	2007	3.0	2
5097	2007	2.75	2
5663	2007	3.1363636363636362	11
5823	2007	3.625	4
6336	2007	4.0	1
6563	2007	2.5	5
6766	2007	1.5	1
6318	2007	3.125	4
5512	2007	3.5	1
5720	2007	2.5	1
5849	2007	4.5	2
5922	2007	3.0	3
6202	2007	3.0833333333333335	6
6449	2007	3.1666666666666665	3
6553	2007	3.5	2
5862	2007	3.1	5
6055	2007	3.5	3
6479	2007	4.333333333333333	3
6737	2007	3.1666666666666665	3
6718	2007	2.7222222222222223	9
5775	2007	3.125	4
5285	2007	3.25	2
5360	2007	2.375	4
5521	2007	2.6666666666666665	6
7182	2007	2.4	5
5175	2007	3.5	4
6799	2007	2.9	5
7613	2007	3.375	4
7739	2007	3.0	6
7580	2007	4.0	4
5533	2007	4.5	1
7159	2007	4.0	1
6749	2007	3.2	5
6733	2007	2.75	2
6897	2007	3.6666666666666665	3
7167	2007	3.95	10
5197	2007	2.5	6
5455	2007	2.625	4
6521	2007	1.875	4
7283	2007	2.3333333333333335	3
5558	2007	1.8	5
5307	2007	4.0	3
6147	2007	3.0	2
7490	2007	3.375	4
5935	2007	3.2857142857142856	7
5988	2007	2.75	2
6408	2007	3.8	5
5144	2007	2.3333333333333335	3
6432	2007	3.5	3
6458	2007	2.75	4
7571	2007	3.0	4
5762	2007	3.125	4
6121	2007	1.8333333333333333	3
5656	2007	2.5	1
6495	2007	2.8333333333333335	3
7417	2007	3.375	4
5262	2007	2.5	4
5461	2007	3.1666666666666665	3
5819	2007	3.3333333333333335	3
6324	2007	2.5	3
7825	2007	3.0	1
5190	2007	2.25	2
5781	2007	2.8333333333333335	6
6490	2007	3.1666666666666665	3
5624	2007	2.375	4
6507	2007	2.75	2
6841	2007	2.5	2
6931	2007	3.6666666666666665	6
6965	2007	3.8333333333333335	3
5722	2007	3.4166666666666665	6
5858	2007	2.1875	8
7097	2007	1.5	1
7758	2007	3.0	3
5827	2007	2.875	4
5875	2007	3.1	5
6198	2007	4.0	3
5340	2007	3.6666666666666665	3
5113	2007	2.8333333333333335	3
5960	2007	3.0	2
6004	2007	4.0	1
6822	2007	3.0	2
7397	2007	3.0	2
6528	2007	3.2857142857142856	7
5868	2007	3.75	2
5907	2007	3.5	5
6026	2007	3.5	2
5645	2007	3.5	1
6053	2007	3.1666666666666665	3
7813	2007	2.6666666666666665	3
5133	2007	3.75	2
6761	2007	3.0	2
6544	2007	3.25	4
5783	2007	3.375	4
6272	2007	3.0	4
6241	2007	3.625	4
7049	2007	3.5	2
5416	2007	3.25	4
6200	2007	3.0	2
5239	2007	2.1666666666666665	3
6138	2007	3.5	3
6292	2007	4.25	2
7483	2007	4.5	1
7622	2007	4.5	1
5919	2007	3.25	2
6532	2007	1.25	2
5430	2007	2.75	2
6861	2007	3.0	3
5575	2007	4.0	1
6562	2007	3.0	2
6207	2007	2.3333333333333335	3
7190	2007	3.25	4
7456	2007	3.9	5
6693	2007	3.25	2
6649	2007	3.5	3
6914	2007	1.0	1
6907	2007	2.75	2
7401	2007	3.0	3
6317	2007	3.5	2
5635	2007	4.25	2
7343	2007	3.25	2
6224	2007	3.5	1
5352	2007	2.5	3
7239	2007	2.4	5
6128	2007	2.75	2
6626	2007	3.0	3
6745	2007	2.0	2
7198	2007	2.6666666666666665	3
7278	2007	0.5	1
7488	2007	3.625	4
7582	2007	3.6666666666666665	3
5163	2007	3.5	3
5766	2007	3.25	2
7233	2007	1.5	1
7106	2007	2.625	4
5561	2007	3.0	2
7224	2007	3.0	3
7391	2007	2.875	4
5496	2007	4.166666666666667	3
6072	2007	3.75	2
7337	2007	2.7	5
5253	2007	2.5	2
5517	2007	3.1666666666666665	3
7110	2007	3.3333333333333335	3
6647	2007	3.75	2
6414	2007	3.25	2
7357	2007	3.0	4
6767	2007	1.0	1
5281	2007	2.5	1
5562	2007	3.5	1
5592	2007	2.1666666666666665	3
5702	2007	3.0	1
5714	2007	2.5	2
5844	2007	3.5	1
5973	2007	4.0	2
6088	2007	3.0	1
6103	2007	2.5	1
6274	2007	2.25	2
6456	2007	3.0	2
6654	2007	2.5	2
6655	2007	2.6666666666666665	3
6697	2007	3.0	1
6960	2007	3.5	3
7170	2007	2.0	3
7231	2007	2.5	2
7246	2007	2.0	2
7251	2007	3.5	1
7270	2007	3.0	1
7274	2007	3.1666666666666665	3
7414	2007	3.2	5
7447	2007	3.5	1
5231	2007	3.625	4
6261	2007	3.3333333333333335	3
5605	2007	3.8333333333333335	3
6972	2007	3.0	2
7574	2007	3.75	4
5230	2007	2.875	4
5426	2007	3.5	5
5761	2007	2.5	3
6259	2007	3.0	2
7398	2007	3.3333333333333335	3
5232	2007	3.3	5
6928	2007	2.5	2
7185	2007	3.1666666666666665	3
5228	2007	3.75	2
5233	2007	3.8333333333333335	3
5234	2007	3.875	4
7638	2007	3.3333333333333335	3
7675	2007	3.6666666666666665	3
7772	2007	3.1666666666666665	3
5123	2007	2.75	2
6759	2007	2.5	2
5351	2007	3.5	2
6206	2007	0.5	1
6632	2007	2.5	2
7412	2007	2.75	2
6487	2007	3.6666666666666665	3
6310	2007	3.25	2
6468	2007	3.25	2
7639	2007	2.0	1
5552	2007	3.0	3
5519	2007	2.0	2
7253	2007	2.5	1
5743	2007	2.875	4
6081	2007	3.1666666666666665	3
7615	2007	2.8333333333333335	3
5117	2007	2.0	2
5162	2007	1.25	2
5186	2007	2.3333333333333335	3
5302	2007	2.0	2
5317	2007	2.0	1
5365	2007	3.0	1
5402	2007	4.0	1
5424	2007	2.25	2
5535	2007	4.0	1
5547	2007	2.0	1
6049	2007	1.5	1
6050	2007	2.75	4
6149	2007	1.0	1
6171	2007	3.5	2
6278	2007	3.0	2
6307	2007	4.25	2
6309	2007	2.0	1
6605	2007	3.25	2
6915	2007	2.0	1
6937	2007	3.0	1
7268	2007	1.0	1
7271	2007	1.5	1
7350	2007	1.75	2
7370	2007	3.0	1
7808	2007	2.25	2
6068	2007	3.25	2
7783	2007	3.5	1
6087	2007	3.3333333333333335	3
5344	2007	2.0	2
5457	2007	4.0	1
5802	2007	3.5	2
5863	2007	2.75	2
6131	2007	3.0	1
6209	2007	2.5	1
6245	2007	2.8333333333333335	3
6804	2007	2.5	1
6933	2007	4.0	1
7404	2007	2.5	1
5150	2007	3.0	1
5759	2007	2.75	2
5845	2007	2.25	2
5860	2007	2.0	1
7816	2007	2.0	1
7312	2007	3.6666666666666665	3
5206	2007	0.5	1
5412	2007	2.75	2
5474	2007	2.1666666666666665	3
6514	2007	1.5	2
6865	2007	3.5	1
7144	2007	4.5	1
7245	2007	2.5	2
5688	2007	4.0	1
6726	2007	4.0	1
5794	2007	4.0	1
6438	2007	3.0	2
7406	2007	3.25	2
7699	2007	5.0	1
5805	2007	0.5	1
7765	2007	4.0	1
6343	2007	4.0	1
5273	2007	2.5	2
7282	2007	1.0	1
5098	2007	2.5	1
5124	2007	2.5	1
5148	2007	2.5	1
5200	2007	2.5	1
5245	2007	3.5	1
5261	2007	1.5	1
5393	2007	3.0	1
5411	2007	2.5	1
5491	2007	2.0	1
5518	2007	3.0	1
5554	2007	2.0	1
5571	2007	4.0	1
5811	2007	4.0	1
5842	2007	4.0	1
5846	2007	3.5	1
5854	2007	3.0	1
5920	2007	2.0	1
5972	2007	2.5	1
5997	2007	4.0	1
6046	2007	3.0	1
6052	2007	3.0	2
6069	2007	2.5	1
6097	2007	2.0	1
6129	2007	2.0	1
6134	2007	3.5	1
6136	2007	2.0	1
6146	2007	3.0	1
6225	2007	3.5	1
6227	2007	2.0	1
6312	2007	3.0	1
6347	2007	2.5	1
6354	2007	4.0	1
6390	2007	4.0	2
6391	2007	2.5	1
6397	2007	3.0	1
6411	2007	3.0	1
6512	2007	2.0	1
6527	2007	4.0	1
6640	2007	2.5	1
6657	2007	3.0	1
6825	2007	2.5	1
6930	2007	4.0	1
7052	2007	3.5	1
7098	2007	4.0	1
7252	2007	2.5	1
7341	2007	2.0	1
7407	2007	2.5	1
7537	2007	2.5	1
7583	2007	3.0	1
7761	2007	2.0	1
7083	2007	3.5	1
6494	2007	2.5	1
7129	2007	5.0	1
6463	2007	3.5	1
5130	2007	2.5	1
5280	2007	4.5	1
5626	2007	5.0	1