61632	2407	2009	2.0	1
61664	12	2009	3.5	1
61664	26	2009	3.0	1
61664	34	2009	3.0	1
61664	87	2009	2.5	1
61664	135	2009	3.5	1
61664	206	2009	2.5	1
61664	239	2009	3.0	1
61664	316	2009	3.0	1
61664	355	2009	2.0	1
61664	371	2009	4.0	1
61664	524	2009	2.5	1
61664	546	2009	2.5	1
61664	558	2009	3.0	1
61664	639	2009	2.5	1
61664	673	2009	2.0	1
61664	694	2009	3.0	1
61664	780	2009	3.5	1
61664	801	2009	2.0	1
61664	899	2009	4.0	1
61664	911	2009	4.0	1
61664	933	2009	4.0	1
61664	950	2009	4.0	1
61664	968	2009	4.0	1
61664	1022	2009	3.0	1
61664	1023	2009	3.0	1
61664	1081	2009	4.0	1
61664	1092	2009	3.5	1
61664	1129	2009	3.5	1
61664	1196	2009	4.0	1
61664	1198	2009	4.0	1
61664	1207	2009	4.0	1
61664	1220	2009	2.5	1
61664	1240	2009	3.5	1
61664	1265	2009	3.5	1
61664	1271	2009	4.0	1
61664	1282	2009	3.0	1
61664	1377	2009	3.0	1
61664	1454	2009	1.0	1
61664	1474	2009	2.0	1
61664	1513	2009	3.0	1
61664	1544	2009	2.5	1
61664	1562	2009	2.0	1
61664	1566	2009	3.0	1
61664	1588	2009	2.0	1
61664	1678	2009	4.5	1
61664	1760	2009	1.0	1
61664	1882	2009	1.5	1
61664	1907	2009	3.5	1
61664	1911	2009	2.5	1
61664	1951	2009	2.5	1
61664	2009	2009	4.0	1
61664	2052	2009	2.5	1
61664	2087	2009	3.5	1
61664	2092	2009	2.0	1
61664	2094	2009	3.0	1
61664	2109	2009	1.5	1
61664	2125	2009	3.5	1
61664	2232	2009	3.5	1
61664	2273	2009	3.0	1
61664	2301	2009	4.0	1
61664	2321	2009	2.5	1
61664	2354	2009	2.5	1
61664	2355	2009	3.0	1
61664	2389	2009	1.0	1
61664	2392	2009	2.0	1
61664	2413	2009	4.0	1
61675	1	2009	4.5	1
61675	10	2009	2.5	1
61675	39	2009	4.5	1
61675	65	2009	2.0	1
61675	110	2009	4.0	1
61675	153	2009	3.5	1
61675	158	2009	4.0	1
61675	165	2009	4.0	1
61675	185	2009	4.0	1
61675	231	2009	4.0	1
61675	253	2009	4.5	1
61675	296	2009	3.5	1
61675	318	2009	5.0	1
61675	356	2009	5.0	1
61675	364	2009	4.0	1
61675	367	2009	4.0	1
61675	377	2009	4.0	1
61675	380	2009	4.0	1
61675	441	2009	1.5	1
61675	500	2009	4.5	1
61675	551	2009	5.0	1
61675	586	2009	4.0	1
61675	587	2009	4.5	1
61675	593	2009	5.0	1
61675	595	2009	4.5	1
61675	597	2009	4.5	1
61675	608	2009	3.5	1
61675	610	2009	4.0	1
61675	648	2009	4.0	1
61675	736	2009	4.0	1
61675	761	2009	3.5	1
61675	784	2009	3.5	1
61675	858	2009	2.5	1
61675	1028	2009	4.0	1
61675	1029	2009	3.5	1
61675	1036	2009	4.0	1
61675	1073	2009	5.0	1
61675	1136	2009	4.5	1
61675	1197	2009	4.0	1
61675	1198	2009	4.0	1
61675	1210	2009	4.5	1
61675	1213	2009	1.5	1
61675	1291	2009	4.5	1
61675	1339	2009	5.0	1
61675	1387	2009	4.0	1
61675	1432	2009	1.0	1
61675	1527	2009	4.5	1
61675	1721	2009	4.0	1
61675	1961	2009	3.5	1
61675	1977	2009	0.5	1
61675	2004	2009	4.5	1
61675	2023	2009	2.0	1
61675	2028	2009	5.0	1
61675	2042	2009	4.0	1
61675	2107	2009	0.5	1
61675	2143	2009	3.0	1
61675	2240	2009	4.5	1
61675	2291	2009	5.0	1
61675	2355	2009	4.0	1
61675	2378	2009	3.0	1
61675	2396	2009	4.5	1
61675	2420	2009	3.0	1
61699	1	2009	4.0	1
61699	208	2009	4.5	1
61699	356	2009	5.0	1
61699	364	2009	5.0	1
61699	480	2009	3.5	1
61699	589	2009	4.5	1
61699	783	2009	3.5	1
61699	1214	2009	3.5	1
61699	1265	2009	5.0	1
61699	1278	2009	4.5	1
61699	1367	2009	3.0	1
61699	1407	2009	3.5	1
61699	1485	2009	5.0	1
61699	1544	2009	4.0	1
61699	1566	2009	3.5	1
61699	1682	2009	5.0	1
61699	1690	2009	3.5	1
61699	1717	2009	3.5	1
61699	1721	2009	3.5	1
61699	1997	2009	4.0	1
61699	2025	2009	5.0	1
61699	2087	2009	4.0	1
61699	2291	2009	4.5	1
61699	2571	2009	4.5	1
61709	1	2009	3.0	1
61709	29	2009	5.0	1
61709	193	2009	1.5	1
61709	247	2009	3.0	1
61709	296	2009	4.5	1
61709	308	2009	4.0	1
61709	327	2009	0.5	1
61709	356	2009	2.5	1
61709	480	2009	4.0	1
61709	481	2009	3.0	1
61709	589	2009	2.0	1
61709	593	2009	4.5	1
61709	597	2009	4.5	1
61709	608	2009	4.5	1
61709	1097	2009	5.0	1
61709	1120	2009	4.0	1
61709	1186	2009	2.0	1
61709	1197	2009	4.5	1
61709	1285	2009	4.5	1
61709	1339	2009	3.5	1
61709	1343	2009	3.0	1
61709	1721	2009	3.5	1
61709	1962	2009	3.0	1
61709	2125	2009	4.5	1
61709	2140	2009	4.5	1
61709	2161	2009	5.0	1
61709	2470	2009	3.5	1
61721	1	2009	4.0	1
61721	6	2009	3.5	1
61721	32	2009	3.5	1
61721	47	2009	4.0	1
61721	50	2009	3.5	1
61721	70	2009	4.0	1
61721	97	2009	4.0	1
61721	110	2009	4.0	1
61721	112	2009	3.5	1
61721	121	2009	3.5	1
61721	141	2009	3.5	1
61721	150	2009	3.5	1
61721	163	2009	4.0	1
61721	165	2009	3.5	1
61721	172	2009	3.0	1
61721	185	2009	2.5	1
61721	196	2009	2.5	1
61721	208	2009	3.0	1
61721	231	2009	2.5	1
61721	253	2009	4.5	1
61721	260	2009	4.0	1
61721	266	2009	3.5	1
61721	292	2009	3.0	1
61721	293	2009	4.0	1
61721	296	2009	4.5	1
61721	318	2009	4.5	1
61721	327	2009	3.5	1
61721	344	2009	2.0	1
61721	356	2009	4.0	1
61721	377	2009	3.5	1
61721	380	2009	3.0	1
61721	434	2009	3.0	1
61721	457	2009	4.0	1
61721	480	2009	4.0	1
61721	500	2009	3.5	1
61721	527	2009	4.0	1
61721	541	2009	3.5	1
61721	555	2009	4.0	1
61721	587	2009	3.5	1
61721	589	2009	4.0	1
61721	590	2009	3.5	1
61721	593	2009	4.5	1
61721	608	2009	4.0	1
61721	648	2009	4.0	1
61721	720	2009	4.0	1
61721	724	2009	3.5	1
61721	736	2009	3.0	1
61721	741	2009	4.0	1
61721	745	2009	4.0	1
61721	778	2009	4.0	1
61721	780	2009	3.0	1
61721	788	2009	2.5	1
61721	904	2009	4.0	1
61721	924	2009	4.5	1
61721	1036	2009	3.5	1
61721	1061	2009	4.0	1
61721	1079	2009	4.0	1
61721	1080	2009	3.5	1
61721	1089	2009	4.0	1
61721	1090	2009	4.0	1
61721	1097	2009	3.5	1
61721	1101	2009	3.5	1
61721	1111	2009	4.0	1
61721	1125	2009	4.0	1
61721	1127	2009	4.0	1
61721	1136	2009	3.5	1
61721	1148	2009	4.0	1
61721	1193	2009	4.0	1
61721	1196	2009	4.5	1
61721	1198	2009	4.5	1
61721	1199	2009	3.5	1
61721	1200	2009	4.5	1
61721	1208	2009	4.5	1
61721	1210	2009	3.5	1
61721	1213	2009	3.5	1
61721	1214	2009	4.5	1
61721	1219	2009	4.0	1
61721	1222	2009	4.0	1
61721	1223	2009	4.5	1
61721	1225	2009	3.5	1
61721	1233	2009	4.0	1
61721	1240	2009	4.5	1
61721	1246	2009	3.0	1
61721	1255	2009	4.0	1
61721	1258	2009	4.0	1
61721	1259	2009	3.5	1
61721	1263	2009	4.0	1
61721	1265	2009	4.0	1
61721	1270	2009	4.0	1
61721	1274	2009	4.0	1
61721	1281	2009	4.0	1
61721	1291	2009	4.0	1
61721	1299	2009	3.5	1
61721	1339	2009	3.5	1
61721	1343	2009	3.5	1
61721	1348	2009	4.0	1
61721	1356	2009	3.5	1
61721	1357	2009	4.0	1
61721	1466	2009	4.0	1
61721	1527	2009	3.0	1
61721	1573	2009	3.0	1
61721	1580	2009	2.5	1
61721	1584	2009	3.5	1
61721	1616	2009	3.5	1
61721	1625	2009	4.0	1
61721	1653	2009	3.5	1
61721	1682	2009	3.5	1
61721	1693	2009	4.0	1
61721	1704	2009	3.5	1
61721	1721	2009	3.0	1
61721	1729	2009	4.0	1
61721	1747	2009	4.0	1
61721	1884	2009	4.0	1
61721	1909	2009	3.5	1
61721	1921	2009	3.5	1
61721	1960	2009	4.0	1
61721	1961	2009	3.5	1
61721	1997	2009	4.0	1
61721	2011	2009	4.0	1
61721	2012	2009	3.5	1
61721	2019	2009	4.5	1
61721	2028	2009	4.0	1
61721	2105	2009	4.0	1
61721	2115	2009	3.0	1
61721	2232	2009	3.5	1
61721	2278	2009	4.0	1
61721	2288	2009	3.5	1
61721	2291	2009	3.0	1
61721	2311	2009	4.5	1
61721	2324	2009	4.5	1
61721	2329	2009	4.0	1
61721	2336	2009	3.5	1
61721	2427	2009	3.5	1
61721	2455	2009	4.0	1
61721	2467	2009	4.0	1
61721	2470	2009	3.0	1
61721	2502	2009	4.0	1
61721	2527	2009	4.0	1
61721	2529	2009	4.0	1
61721	2571	2009	4.5	1
61741	1	2009	4.5	1
61741	6	2009	4.5	1
61741	19	2009	3.0	1
61741	34	2009	3.0	1
61741	39	2009	1.5	1
61741	47	2009	4.0	1
61741	69	2009	3.5	1
61741	110	2009	4.5	1
61741	153	2009	3.0	1
61741	165	2009	3.0	1
61741	231	2009	4.5	1
61741	260	2009	4.0	1
61741	296	2009	4.0	1
61741	318	2009	4.5	1
61741	344	2009	3.5	1
61741	356	2009	4.5	1
61741	357	2009	4.0	1
61741	364	2009	4.0	1
61741	367	2009	3.5	1
61741	377	2009	3.0	1
61741	454	2009	3.0	1
61741	457	2009	3.5	1
61741	480	2009	3.0	1
61741	527	2009	3.0	1
61741	541	2009	2.5	1
61741	586	2009	3.0	1
61741	587	2009	1.0	1
61741	589	2009	4.0	1
61741	590	2009	3.0	1
61741	593	2009	3.0	1
61741	720	2009	3.0	1
61741	778	2009	4.5	1
61741	780	2009	3.0	1
61741	785	2009	4.0	1
61741	788	2009	2.5	1
61741	858	2009	4.0	1
61741	934	2009	3.0	1
61741	1089	2009	4.0	1
61741	1093	2009	3.5	1
61741	1097	2009	2.5	1
61741	1101	2009	1.5	1
61741	1136	2009	4.0	1
61741	1196	2009	5.0	1
61741	1197	2009	4.5	1
61741	1200	2009	3.5	1
61741	1206	2009	3.0	1
61741	1208	2009	3.5	1
61741	1210	2009	5.0	1
61741	1213	2009	4.5	1
61741	1214	2009	3.5	1
61741	1240	2009	4.0	1
61741	1258	2009	2.5	1
61741	1265	2009	4.0	1
61741	1270	2009	3.5	1
61741	1291	2009	3.5	1
61741	1342	2009	1.5	1
61741	1378	2009	4.5	1
61741	1387	2009	2.0	1
61741	1517	2009	3.5	1
61741	1527	2009	4.0	1
61741	1580	2009	2.5	1
61741	1610	2009	4.0	1
61741	1658	2009	4.0	1
61741	1682	2009	3.5	1
61741	1709	2009	3.0	1
61741	1721	2009	2.0	1
61741	1784	2009	4.0	1
61741	1917	2009	3.0	1
61741	1923	2009	4.0	1
61741	1961	2009	4.0	1
61741	2571	2009	5.0	1
61777	29	2009	4.0	1
61777	32	2009	5.0	1
61777	193	2009	1.0	1
61777	277	2009	3.0	1
61777	344	2009	3.0	1
61777	720	2009	4.0	1
61777	849	2009	5.0	1
61777	924	2009	5.0	1
61777	1029	2009	5.0	1
61777	1093	2009	1.0	1
61777	1127	2009	3.0	1
61777	1172	2009	4.0	1
61777	1339	2009	3.0	1
61777	1357	2009	4.0	1
61777	1371	2009	5.0	1
61777	1962	2009	3.0	1
61777	2021	2009	4.0	1
61777	2161	2009	5.0	1
61777	2311	2009	4.0	1
61777	2393	2009	3.0	1
61777	2505	2009	3.0	1
61780	367	2009	4.0	1
61780	480	2009	3.5	1
61780	527	2009	4.0	1
61780	1687	2009	3.0	1
61780	2448	2009	4.0	1
61780	2571	2009	4.0	1
61832	1	2009	3.0	1
61832	29	2009	4.0	1
61832	101	2009	3.0	1
61832	111	2009	3.5	1
61832	156	2009	3.5	1
61832	190	2009	5.0	1
61832	198	2009	4.0	1
61832	247	2009	3.5	1
61832	260	2009	4.5	1
61832	296	2009	4.0	1
61832	501	2009	5.0	1
61832	714	2009	4.0	1
61832	750	2009	5.0	1
61832	1051	2009	4.0	1
61832	1120	2009	3.0	1
61832	1186	2009	4.0	1
61832	1193	2009	5.0	1
61832	1196	2009	5.0	1
61832	1199	2009	4.0	1
61832	1202	2009	5.0	1
61832	1210	2009	4.5	1
61832	1273	2009	5.0	1
61832	1279	2009	4.0	1
61832	1916	2009	3.5	1
61832	2019	2009	5.0	1
61832	2021	2009	4.0	1
61832	2028	2009	4.0	1
61832	2076	2009	4.5	1
61832	2248	2009	5.0	1
61832	2395	2009	4.0	1
61832	2504	2009	3.0	1
61832	2528	2009	3.0	1
61832	2571	2009	4.5	1
61839	169	2009	1.0	1
61839	261	2009	3.5	1
61839	262	2009	4.0	1
61839	277	2009	4.0	1
61839	362	2009	4.0	1
61839	588	2009	4.0	1
61839	595	2009	4.0	1
61839	596	2009	4.5	1
61839	616	2009	4.0	1
61839	934	2009	4.0	1
61839	1013	2009	3.0	1
61839	1015	2009	1.0	1
61839	1029	2009	2.5	1
61839	1033	2009	3.5	1
61839	1064	2009	4.0	1
61839	1203	2009	0.5	1
61839	1409	2009	4.0	1
61839	1517	2009	1.0	1
61839	1592	2009	1.0	1
61839	2018	2009	3.0	1
61839	2152	2009	1.0	1
61839	2161	2009	3.0	1
61839	2384	2009	1.5	1
61839	2398	2009	4.0	1
61839	2501	2009	1.5	1
61839	2555	2009	0.5	1
61875	1	2009	3.0	1
61875	2	2009	3.0	1
61875	5	2009	2.5	1
61875	6	2009	4.0	1
61875	11	2009	2.0	1
61875	16	2009	3.0	1
61875	19	2009	2.0	1
61875	32	2009	3.0	1
61875	36	2009	4.5	1
61875	39	2009	3.0	1
61875	50	2009	4.0	1
61875	62	2009	3.5	1
61875	88	2009	2.5	1
61875	95	2009	2.0	1
61875	104	2009	3.0	1
61875	110	2009	4.0	1
61875	122	2009	2.0	1
61875	150	2009	3.5	1
61875	153	2009	3.0	1
61875	165	2009	3.0	1
61875	173	2009	1.0	1
61875	185	2009	2.0	1
61875	186	2009	2.5	1
61875	196	2009	2.0	1
61875	223	2009	2.5	1
61875	231	2009	3.0	1
61875	260	2009	4.0	1
61875	292	2009	2.5	1
61875	296	2009	1.5	1
61875	318	2009	3.0	1
61875	327	2009	1.0	1
61875	333	2009	4.0	1
61875	339	2009	2.0	1
61875	344	2009	3.0	1
61875	353	2009	3.0	1
61875	356	2009	4.0	1
61875	367	2009	2.5	1
61875	377	2009	3.0	1
61875	380	2009	3.0	1
61875	420	2009	2.0	1
61875	423	2009	3.0	1
61875	431	2009	3.0	1
61875	435	2009	2.0	1
61875	441	2009	3.0	1
61875	442	2009	2.0	1
61875	454	2009	2.0	1
61875	457	2009	2.0	1
61875	474	2009	3.5	1
61875	480	2009	3.5	1
61875	494	2009	2.5	1
61875	500	2009	3.5	1
61875	502	2009	1.5	1
61875	508	2009	3.5	1
61875	524	2009	3.0	1
61875	541	2009	2.0	1
61875	544	2009	2.0	1
61875	586	2009	1.0	1
61875	587	2009	3.0	1
61875	588	2009	3.0	1
61875	589	2009	4.0	1
61875	590	2009	2.5	1
61875	592	2009	3.0	1
61875	593	2009	4.0	1
61875	595	2009	3.0	1
61875	597	2009	3.0	1
61875	628	2009	2.5	1
61875	648	2009	3.5	1
61875	662	2009	2.5	1
61875	719	2009	1.5	1
61875	724	2009	3.0	1
61875	733	2009	3.0	1
61875	762	2009	1.5	1
61875	780	2009	4.0	1
61875	784	2009	2.0	1
61875	785	2009	2.0	1
61875	788	2009	2.5	1
61875	802	2009	2.0	1
61875	832	2009	2.5	1
61875	852	2009	2.0	1
61875	904	2009	3.0	1
61875	953	2009	2.0	1
61875	1036	2009	3.5	1
61875	1061	2009	4.0	1
61875	1073	2009	2.5	1
61875	1088	2009	3.0	1
61875	1097	2009	3.0	1
61875	1100	2009	2.0	1
61875	1127	2009	2.5	1
61875	1136	2009	4.0	1
61875	1193	2009	3.0	1
61875	1196	2009	4.5	1
61875	1197	2009	3.5	1
61875	1198	2009	4.0	1
61875	1200	2009	3.5	1
61875	1201	2009	2.0	1
61875	1206	2009	3.0	1
61875	1208	2009	3.0	1
61875	1210	2009	4.0	1
61875	1214	2009	3.5	1
61875	1240	2009	2.5	1
61875	1246	2009	3.0	1
61875	1257	2009	2.5	1
61875	1258	2009	2.5	1
61875	1259	2009	2.5	1
61875	1262	2009	3.0	1
61875	1265	2009	3.0	1
61875	1270	2009	4.0	1
61875	1275	2009	2.5	1
61875	1285	2009	3.0	1
61875	1288	2009	3.5	1
61875	1291	2009	4.0	1
61875	1297	2009	2.5	1
61875	1302	2009	3.0	1
61875	1307	2009	3.0	1
61875	1343	2009	3.0	1
61875	1345	2009	2.5	1
61875	1356	2009	3.5	1
61875	1370	2009	2.0	1
61875	1371	2009	3.0	1
61875	1373	2009	3.0	1
61875	1374	2009	2.5	1
61875	1375	2009	3.0	1
61875	1376	2009	3.0	1
61875	1393	2009	2.5	1
61875	1396	2009	4.0	1
61875	1405	2009	2.5	1
61875	1407	2009	3.0	1
61875	1431	2009	1.5	1
61875	1485	2009	2.5	1
61875	1517	2009	3.5	1
61875	1527	2009	3.5	1
61875	1552	2009	2.5	1
61875	1562	2009	2.5	1
61875	1573	2009	1.0	1
61875	1580	2009	4.0	1
61875	1591	2009	1.5	1
61875	1610	2009	3.5	1
61875	1617	2009	2.0	1
61875	1644	2009	2.0	1
61875	1645	2009	2.0	1
61875	1663	2009	3.5	1
61875	1676	2009	2.0	1
61875	1682	2009	2.5	1
61875	1687	2009	3.5	1
61875	1704	2009	3.5	1
61875	1707	2009	0.5	1
61875	1721	2009	2.5	1
61875	1732	2009	2.0	1
61875	1805	2009	2.0	1
61875	1831	2009	2.0	1
61875	1907	2009	4.0	1
61875	1912	2009	3.0	1
61875	1917	2009	3.0	1
61875	1918	2009	3.0	1
61875	1923	2009	3.5	1
61875	1961	2009	4.0	1
61875	1968	2009	4.0	1
61875	1997	2009	2.5	1
61875	2000	2009	3.0	1
61875	2001	2009	3.0	1
61875	2002	2009	3.0	1
61875	2003	2009	2.5	1
61875	2011	2009	2.0	1
61875	2012	2009	2.0	1
61875	2028	2009	3.5	1
61875	2054	2009	3.0	1
61875	2081	2009	3.5	1
61875	2105	2009	3.0	1
61875	2115	2009	2.0	1
61875	2134	2009	2.5	1
61875	2144	2009	3.0	1
61875	2194	2009	3.0	1
61875	2248	2009	3.0	1
61875	2249	2009	2.0	1
61875	2268	2009	3.5	1
61875	2273	2009	3.0	1
61875	2294	2009	2.0	1
61875	2302	2009	3.5	1
61875	2321	2009	2.5	1
61875	2329	2009	3.5	1
61875	2335	2009	2.5	1
61875	2340	2009	3.0	1
61875	2371	2009	2.5	1
61875	2375	2009	2.0	1
61875	2378	2009	2.0	1
61875	2393	2009	2.0	1
61875	2407	2009	2.5	1
61875	2420	2009	3.0	1
61875	2423	2009	2.5	1
61875	2470	2009	2.5	1
61875	2478	2009	2.0	1
61875	2485	2009	2.0	1
61875	2490	2009	2.0	1
61875	2502	2009	4.0	1
61875	2505	2009	3.0	1
61875	2539	2009	2.5	1
61875	2542	2009	3.0	1
61875	2571	2009	4.0	1
61875	2581	2009	2.5	1
61888	32	2009	3.5	1
61888	344	2009	1.5	1
61888	532	2009	3.5	1
61888	836	2009	2.5	1
61888	1127	2009	4.0	1
61888	1350	2009	5.0	1
61888	1378	2009	3.5	1
61888	1409	2009	3.0	1
61888	1476	2009	1.5	1
61888	1835	2009	3.5	1
61888	2335	2009	3.5	1
61888	2421	2009	3.0	1
61888	2505	2009	3.5	1
61926	1	2009	3.0	1
61926	2	2009	3.5	1
61926	3	2009	3.0	1
61926	11	2009	4.5	1
61926	16	2009	3.5	1
61926	22	2009	3.0	1
61926	32	2009	3.5	1
61926	36	2009	3.5	1
61926	47	2009	3.5	1
61926	50	2009	4.0	1
61926	63	2009	3.0	1
61926	101	2009	3.0	1
61926	102	2009	2.5	1
61926	110	2009	3.0	1
61926	112	2009	3.5	1
61926	141	2009	3.5	1
61926	150	2009	3.0	1
61926	157	2009	3.0	1
61926	161	2009	3.5	1
61926	208	2009	1.0	1
61926	223	2009	2.5	1
61926	224	2009	3.0	1
61926	230	2009	3.5	1
61926	231	2009	4.5	1
61926	235	2009	3.0	1
61926	243	2009	2.5	1
61926	260	2009	5.0	1
61926	266	2009	3.5	1
61926	292	2009	3.5	1
61926	296	2009	4.0	1
61926	300	2009	3.0	1
61926	312	2009	2.5	1
61926	318	2009	4.5	1
61926	322	2009	3.5	1
61926	333	2009	2.5	1
61926	337	2009	3.5	1
61926	342	2009	3.0	1
61926	343	2009	2.5	1
61926	344	2009	3.0	1
61926	346	2009	3.5	1
61926	349	2009	3.5	1
61926	350	2009	3.0	1
61926	356	2009	3.5	1
61926	364	2009	3.0	1
61926	368	2009	3.0	1
61926	370	2009	3.5	1
61926	408	2009	2.5	1
61926	429	2009	2.0	1
61926	431	2009	3.0	1
61926	440	2009	3.0	1
61926	457	2009	3.5	1
61926	471	2009	3.5	1
61926	474	2009	3.5	1
61926	480	2009	3.5	1
61926	508	2009	4.0	1
61926	509	2009	4.0	1
61926	524	2009	3.5	1
61926	527	2009	4.0	1
61926	529	2009	3.5	1
61926	541	2009	4.0	1
61926	543	2009	3.5	1
61926	553	2009	3.5	1
61926	589	2009	3.0	1
61926	590	2009	3.5	1
61926	592	2009	3.0	1
61926	593	2009	4.5	1
61926	608	2009	4.5	1
61926	663	2009	3.5	1
61926	671	2009	3.5	1
61926	697	2009	3.5	1
61926	708	2009	3.0	1
61926	762	2009	2.0	1
61926	778	2009	4.0	1
61926	780	2009	3.0	1
61926	784	2009	3.0	1
61926	785	2009	3.0	1
61926	802	2009	3.0	1
61926	805	2009	3.5	1
61926	912	2009	4.0	1
61926	948	2009	4.0	1
61926	1006	2009	3.0	1
61926	1035	2009	3.5	1
61926	1036	2009	3.0	1
61926	1042	2009	4.0	1
61926	1060	2009	4.5	1
61926	1061	2009	3.0	1
61926	1073	2009	3.5	1
61926	1084	2009	4.0	1
61926	1089	2009	3.5	1
61926	1090	2009	4.0	1
61926	1092	2009	3.5	1
61926	1095	2009	5.0	1
61926	1097	2009	3.5	1
61926	1100	2009	2.5	1
61926	1101	2009	3.5	1
61926	1124	2009	3.5	1
61926	1126	2009	1.0	1
61926	1136	2009	3.5	1
61926	1183	2009	3.5	1
61926	1193	2009	4.0	1
61926	1196	2009	4.0	1
61926	1197	2009	4.0	1
61926	1198	2009	4.0	1
61926	1204	2009	4.0	1
61926	1207	2009	5.0	1
61926	1208	2009	4.0	1
61926	1210	2009	4.0	1
61926	1213	2009	4.0	1
61926	1220	2009	3.5	1
61926	1222	2009	3.5	1
61926	1228	2009	4.5	1
61926	1234	2009	4.0	1
61926	1240	2009	3.0	1
61926	1245	2009	3.5	1
61926	1246	2009	4.0	1
61926	1247	2009	4.0	1
61926	1252	2009	4.5	1
61926	1257	2009	3.5	1
61926	1258	2009	3.5	1
61926	1259	2009	3.5	1
61926	1265	2009	4.0	1
61926	1266	2009	4.0	1
61926	1270	2009	3.0	1
61926	1278	2009	3.5	1
61926	1285	2009	3.5	1
61926	1286	2009	3.5	1
61926	1288	2009	4.5	1
61926	1290	2009	3.0	1
61926	1291	2009	3.5	1
61926	1302	2009	4.0	1
61926	1304	2009	4.0	1
61926	1307	2009	3.0	1
61926	1358	2009	4.5	1
61926	1374	2009	4.0	1
61926	1375	2009	4.0	1
61926	1376	2009	3.0	1
61926	1380	2009	3.0	1
61926	1387	2009	3.5	1
61926	1391	2009	2.5	1
61926	1393	2009	3.0	1
61926	1394	2009	3.5	1
61926	1395	2009	3.5	1
61926	1409	2009	3.5	1
61926	1441	2009	3.5	1
61926	1449	2009	3.0	1
61926	1456	2009	1.5	1
61926	1459	2009	3.0	1
61926	1466	2009	4.0	1
61926	1480	2009	3.5	1
61926	1485	2009	2.0	1
61926	1500	2009	2.5	1
61926	1517	2009	3.5	1
61926	1544	2009	3.5	1
61926	1580	2009	3.0	1
61926	1597	2009	3.0	1
61926	1608	2009	3.0	1
61926	1610	2009	3.0	1
61926	1617	2009	4.0	1
61926	1641	2009	3.5	1
61926	1647	2009	3.0	1
61926	1663	2009	3.5	1
61926	1673	2009	3.5	1
61926	1674	2009	3.0	1
61926	1682	2009	3.5	1
61926	1686	2009	3.0	1
61926	1704	2009	4.5	1
61926	1721	2009	3.5	1
61926	1729	2009	4.0	1
61926	1732	2009	4.0	1
61926	1777	2009	2.5	1
61926	1784	2009	4.0	1
61926	1845	2009	3.5	1
61926	1884	2009	3.5	1
61926	1917	2009	2.0	1
61926	1918	2009	2.0	1
61926	1923	2009	3.5	1
61926	1954	2009	4.0	1
61926	1955	2009	3.5	1
61926	1961	2009	4.0	1
61926	1965	2009	3.0	1
61926	1968	2009	3.5	1
61926	2000	2009	3.5	1
61926	2001	2009	3.0	1
61926	2002	2009	2.0	1
61926	2003	2009	3.0	1
61926	2028	2009	5.0	1
61926	2073	2009	3.5	1
61926	2088	2009	3.0	1
61926	2100	2009	3.5	1
61926	2106	2009	4.0	1
61926	2110	2009	4.0	1
61926	2111	2009	3.5	1
61926	2114	2009	4.0	1
61926	2115	2009	3.5	1
61926	2134	2009	3.0	1
61926	2144	2009	3.5	1
61926	2146	2009	3.0	1
61926	2150	2009	4.0	1
61926	2151	2009	3.0	1
61926	2161	2009	3.0	1
61926	2174	2009	3.5	1
61926	2194	2009	4.0	1
61926	2195	2009	3.5	1
61926	2236	2009	3.5	1
61926	2245	2009	3.0	1
61926	2248	2009	3.0	1
61926	2255	2009	2.0	1
61926	2262	2009	3.0	1
61926	2268	2009	4.0	1
61926	2273	2009	3.0	1
61926	2280	2009	4.0	1
61926	2282	2009	3.0	1
61926	2291	2009	3.5	1
61926	2302	2009	4.0	1
61926	2329	2009	3.0	1
61926	2352	2009	3.5	1
61926	2355	2009	2.5	1
61926	2372	2009	3.0	1
61926	2374	2009	3.5	1
61926	2382	2009	1.0	1
61926	2383	2009	0.5	1
61926	2391	2009	2.5	1
61926	2395	2009	3.5	1
61926	2401	2009	4.0	1
61926	2402	2009	3.0	1
61926	2404	2009	3.0	1
61926	2406	2009	4.0	1
61926	2407	2009	3.0	1
61926	2410	2009	3.0	1
61926	2416	2009	3.0	1
61926	2420	2009	3.0	1
61926	2423	2009	2.5	1
61926	2424	2009	3.0	1
61926	2457	2009	3.5	1
61926	2463	2009	3.5	1
61926	2470	2009	3.5	1
61926	2474	2009	3.0	1
61926	2476	2009	3.0	1
61926	2501	2009	3.0	1
61926	2502	2009	4.0	1
61926	2517	2009	3.0	1
61926	2518	2009	4.5	1
61926	2520	2009	3.0	1
61926	2521	2009	2.5	1
61926	2522	2009	2.5	1
61926	2529	2009	3.0	1
61926	2530	2009	3.0	1
61926	2531	2009	3.0	1
61926	2536	2009	2.5	1
61926	2561	2009	3.5	1
61926	2571	2009	3.5	1
61968	1	2009	3.0	1
61968	2	2009	3.0	1
61968	32	2009	4.0	1
61968	47	2009	4.0	1
61968	145	2009	3.0	1
61968	150	2009	4.0	1
61968	169	2009	2.0	1
61968	208	2009	5.0	1
61968	216	2009	3.0	1
61968	231	2009	1.0	1
61968	318	2009	4.0	1
61968	356	2009	4.0	1
61968	364	2009	5.0	1
61968	367	2009	1.0	1
61968	374	2009	1.0	1
61968	480	2009	4.0	1
61968	527	2009	3.5	1
61968	551	2009	4.0	1
61968	653	2009	5.0	1
61968	673	2009	3.0	1
61968	736	2009	4.0	1
61968	780	2009	4.0	1
61968	837	2009	3.0	1
61968	914	2009	3.0	1
61968	1025	2009	3.0	1
61968	1027	2009	4.0	1
61968	1036	2009	4.0	1
61968	1042	2009	3.0	1
61968	1097	2009	5.0	1
61968	1200	2009	5.0	1
61968	1210	2009	4.0	1
61968	1214	2009	5.0	1
61968	1270	2009	3.0	1
61968	1274	2009	4.0	1
61968	1282	2009	4.0	1
61968	1291	2009	4.5	1
61968	1359	2009	1.0	1
61968	1370	2009	4.0	1
61968	1515	2009	3.0	1
61968	1544	2009	4.0	1
61968	1552	2009	4.0	1
61968	1580	2009	4.0	1
61968	1625	2009	3.0	1
61968	1645	2009	3.0	1
61968	1704	2009	4.0	1
61968	1721	2009	3.0	1
61968	1884	2009	4.0	1
61968	1967	2009	4.0	1
61968	1968	2009	3.0	1
61968	1994	2009	4.0	1
61968	2003	2009	5.0	1
61968	2004	2009	4.0	1
61968	2005	2009	3.0	1
61968	2028	2009	4.0	1
61968	2052	2009	3.5	1
61968	2053	2009	3.0	1
61968	2083	2009	3.0	1
61968	2136	2009	1.0	1
61968	2161	2009	5.0	1
61968	2162	2009	4.0	1
61968	2174	2009	4.0	1
61968	2288	2009	4.0	1
61968	2291	2009	5.0	1
61968	2294	2009	3.0	1
61968	2329	2009	5.0	1
61968	2335	2009	3.0	1
61968	2424	2009	3.0	1
61968	2471	2009	1.0	1
61968	2571	2009	2.0	1
61985	1	2009	3.5	1
61985	2	2009	3.5	1
61985	6	2009	4.0	1
61985	21	2009	3.5	1
61985	31	2009	3.5	1
61985	32	2009	4.0	1
61985	47	2009	4.0	1
61985	50	2009	4.5	1
61985	70	2009	3.0	1
61985	110	2009	5.0	1
61985	145	2009	4.0	1
61985	158	2009	4.0	1
61985	163	2009	4.0	1
61985	165	2009	4.0	1
61985	170	2009	3.5	1
61985	236	2009	4.0	1
61985	293	2009	5.0	1
61985	296	2009	4.0	1
61985	318	2009	4.0	1
61985	350	2009	4.0	1
61985	356	2009	4.0	1
61985	357	2009	4.5	1
61985	364	2009	4.0	1
61985	367	2009	4.0	1
61985	368	2009	4.0	1
61985	377	2009	3.0	1
61985	420	2009	3.5	1
61985	434	2009	3.0	1
61985	454	2009	4.0	1
61985	457	2009	4.0	1
61985	466	2009	4.0	1
61985	485	2009	3.5	1
61985	500	2009	4.0	1
61985	527	2009	4.0	1
61985	539	2009	4.0	1
61985	555	2009	3.0	1
61985	586	2009	4.0	1
61985	588	2009	4.0	1
61985	589	2009	4.0	1
61985	593	2009	4.0	1
61985	595	2009	4.0	1
61985	597	2009	4.0	1
61985	605	2009	4.0	1
61985	648	2009	4.0	1
61985	673	2009	3.5	1
61985	733	2009	4.0	1
61985	737	2009	3.0	1
61985	743	2009	2.5	1
61985	762	2009	3.5	1
61985	780	2009	3.5	1
61985	784	2009	3.0	1
61985	786	2009	4.0	1
61985	832	2009	4.0	1
61985	836	2009	3.5	1
61985	912	2009	4.0	1
61985	924	2009	2.0	1
61985	1036	2009	4.5	1
61985	1088	2009	4.0	1
61985	1089	2009	4.0	1
61985	1101	2009	4.5	1
61985	1183	2009	3.0	1
61985	1198	2009	5.0	1
61985	1201	2009	3.5	1
61985	1203	2009	4.5	1
61985	1213	2009	3.5	1
61985	1240	2009	5.0	1
61985	1262	2009	4.0	1
61985	1265	2009	4.5	1
61985	1291	2009	4.5	1
61985	1307	2009	4.0	1
61985	1370	2009	4.5	1
61985	1385	2009	4.0	1
61985	1393	2009	4.5	1
61985	1407	2009	3.5	1
61985	1485	2009	4.0	1
61985	1527	2009	4.0	1
61985	1552	2009	4.0	1
61985	1562	2009	2.5	1
61985	1573	2009	4.0	1
61985	1580	2009	3.5	1
61985	1584	2009	4.0	1
61985	1597	2009	4.0	1
61985	1608	2009	4.0	1
61985	1616	2009	3.5	1
61985	1625	2009	4.5	1
61985	1645	2009	4.0	1
61985	1653	2009	5.0	1
61985	1682	2009	3.5	1
61985	1687	2009	4.0	1
61985	1693	2009	4.0	1
61985	1704	2009	4.0	1
61985	1721	2009	4.0	1
61985	1801	2009	3.5	1
61985	1831	2009	3.5	1
61985	1854	2009	3.0	1
61985	1882	2009	3.5	1
61985	1895	2009	3.0	1
61985	1907	2009	3.5	1
61985	1917	2009	4.0	1
61985	1918	2009	4.0	1
61985	1923	2009	3.0	1
61985	1961	2009	4.5	1
61985	2000	2009	5.0	1
61985	2001	2009	4.0	1
61985	2002	2009	4.0	1
61985	2028	2009	3.5	1
61985	2058	2009	4.0	1
61985	2115	2009	5.0	1
61985	2167	2009	4.0	1
61985	2268	2009	4.0	1
61985	2273	2009	4.5	1
61985	2278	2009	4.0	1
61985	2291	2009	4.5	1
61985	2294	2009	3.5	1
61985	2329	2009	5.0	1
61985	2340	2009	4.5	1
61985	2353	2009	4.5	1
61985	2396	2009	4.0	1
61985	2403	2009	4.0	1
61985	2424	2009	3.5	1
61985	2471	2009	2.5	1
61985	2490	2009	5.0	1
61985	2539	2009	4.0	1
61985	2541	2009	4.0	1
61985	2571	2009	5.0	1
61985	2572	2009	3.5	1
61985	2581	2009	3.5	1
62019	1	2009	4.0	1
62019	2	2009	3.5	1
62019	17	2009	3.5	1
62019	34	2009	4.0	1
62019	47	2009	3.5	1
62019	48	2009	3.5	1
62019	50	2009	4.5	1
62019	105	2009	2.5	1
62019	158	2009	3.0	1
62019	185	2009	3.0	1
62019	225	2009	2.5	1
62019	260	2009	4.0	1
62019	266	2009	3.0	1
62019	292	2009	3.0	1
62019	296	2009	2.0	1
62019	318	2009	4.5	1
62019	337	2009	3.0	1
62019	344	2009	2.5	1
62019	350	2009	3.5	1
62019	356	2009	4.5	1
62019	357	2009	3.0	1
62019	362	2009	4.0	1
62019	364	2009	4.5	1
62019	367	2009	3.5	1
62019	374	2009	3.0	1
62019	377	2009	3.5	1
62019	410	2009	3.5	1
62019	455	2009	2.5	1
62019	457	2009	4.0	1
62019	500	2009	4.0	1
62019	527	2009	2.0	1
62019	551	2009	3.5	1
62019	586	2009	3.0	1
62019	588	2009	4.5	1
62019	593	2009	5.0	1
62019	594	2009	4.0	1
62019	595	2009	4.5	1
62019	597	2009	3.5	1
62019	616	2009	3.5	1
62019	628	2009	4.0	1
62019	661	2009	3.0	1
62019	736	2009	3.5	1
62019	780	2009	3.5	1
62019	858	2009	3.0	1
62019	908	2009	3.5	1
62019	912	2009	3.5	1
62019	919	2009	3.5	1
62019	1028	2009	3.0	1
62019	1035	2009	4.0	1
62019	1073	2009	3.0	1
62019	1079	2009	3.0	1
62019	1088	2009	3.5	1
62019	1089	2009	1.5	1
62019	1097	2009	4.0	1
62019	1193	2009	3.5	1
62019	1196	2009	4.0	1
62019	1198	2009	3.5	1
62019	1210	2009	4.0	1
62019	1225	2009	3.5	1
62019	1246	2009	2.5	1
62019	1258	2009	4.0	1
62019	1265	2009	3.0	1
62019	1270	2009	3.5	1
62019	1291	2009	3.5	1
62019	1307	2009	3.0	1
62019	1367	2009	3.0	1
62019	1380	2009	4.0	1
62019	1391	2009	1.5	1
62019	1393	2009	2.5	1
62019	1411	2009	3.0	1
62019	1485	2009	3.5	1
62019	1517	2009	2.5	1
62019	1552	2009	3.0	1
62019	1562	2009	3.0	1
62019	1580	2009	3.5	1
62019	1584	2009	4.5	1
62019	1625	2009	4.0	1
62019	1641	2009	3.5	1
62019	1653	2009	3.0	1
62019	1682	2009	4.5	1
62019	1704	2009	3.0	1
62019	1721	2009	3.0	1
62019	1732	2009	2.5	1
62019	1784	2009	3.5	1
62019	1923	2009	3.0	1
62019	1961	2009	4.0	1
62019	2053	2009	2.0	1
62019	2054	2009	2.5	1
62019	2080	2009	4.0	1
62019	2081	2009	4.0	1
62019	2096	2009	3.0	1
62019	2115	2009	2.5	1
62019	2291	2009	3.5	1
62019	2294	2009	2.0	1
62019	2336	2009	3.5	1
62019	2353	2009	3.5	1
62019	2355	2009	3.5	1
62019	2375	2009	3.5	1
62019	2396	2009	3.5	1
62019	2406	2009	3.5	1
62019	2529	2009	3.0	1
62019	2571	2009	4.0	1
62019	2572	2009	3.5	1
62027	60	2009	4.0	1
62027	110	2009	3.0	1
62027	344	2009	2.0	1
62027	356	2009	5.0	1
62027	374	2009	4.0	1
62027	502	2009	5.0	1
62027	586	2009	5.0	1
62027	589	2009	5.0	1
62027	628	2009	5.0	1
62027	648	2009	5.0	1
62027	924	2009	3.0	1
62027	1127	2009	4.0	1
62027	1181	2009	4.0	1
62027	1200	2009	5.0	1
62027	1214	2009	5.0	1
62027	1240	2009	4.5	1
62027	1584	2009	5.0	1
62027	1610	2009	3.5	1
62027	1616	2009	5.0	1
62027	1707	2009	2.5	1
62027	1997	2009	5.0	1
62027	2000	2009	5.0	1
62027	2053	2009	4.0	1
62027	2058	2009	5.0	1
62027	2236	2009	5.0	1
62027	2268	2009	3.5	1
62027	2334	2009	5.0	1
62027	2501	2009	5.0	1
62027	2505	2009	3.0	1
62027	2571	2009	5.0	1
62042	5	2009	2.5	1
62042	17	2009	4.0	1
62042	19	2009	0.5	1
62042	39	2009	2.5	1
62042	62	2009	4.0	1
62042	110	2009	4.0	1
62042	141	2009	4.5	1
62042	231	2009	1.0	1
62042	296	2009	3.5	1
62042	299	2009	3.5	1
62042	318	2009	5.0	1
62042	337	2009	4.5	1
62042	344	2009	0.5	1
62042	356	2009	4.5	1
62042	364	2009	3.5	1
62042	367	2009	1.0	1
62042	374	2009	2.0	1
62042	410	2009	4.0	1
62042	500	2009	3.5	1
62042	531	2009	4.0	1
62042	586	2009	1.5	1
62042	588	2009	3.5	1
62042	590	2009	4.0	1
62042	595	2009	4.0	1
62042	788	2009	1.0	1
62042	1028	2009	4.0	1
62042	1035	2009	4.5	1
62042	1046	2009	4.0	1
62042	1073	2009	4.5	1
62042	1079	2009	4.0	1
62042	1088	2009	2.5	1
62042	1101	2009	1.5	1
62042	1225	2009	5.0	1
62042	1246	2009	4.5	1
62042	1247	2009	3.0	1
62042	1271	2009	5.0	1
62042	1380	2009	1.5	1
62042	1580	2009	3.5	1
62042	1682	2009	4.0	1
62042	1704	2009	4.5	1
62042	1721	2009	3.5	1
62042	1747	2009	4.0	1
62042	1760	2009	0.5	1
62042	1961	2009	4.5	1
62042	2028	2009	4.0	1
62042	2052	2009	3.5	1
62042	2081	2009	4.0	1
62042	2135	2009	3.5	1
62042	2136	2009	1.0	1
62042	2291	2009	4.0	1
62042	2302	2009	5.0	1
62042	2321	2009	4.0	1
62042	2346	2009	1.5	1
62042	2359	2009	4.5	1
62042	2471	2009	2.0	1
62042	2571	2009	3.5	1
62042	2572	2009	2.5	1
62046	110	2009	4.5	1
62046	1265	2009	4.0	1
62064	356	2009	5.0	1
62064	743	2009	1.5	1
62064	924	2009	1.0	1
62064	1366	2009	3.0	1
62064	1732	2009	4.0	1
62064	1968	2009	4.0	1
62064	2176	2009	4.0	1
62064	2432	2009	4.5	1
62077	31	2009	3.0	1
62077	32	2009	3.0	1
62077	145	2009	0.5	1
62077	247	2009	3.5	1
62077	661	2009	3.5	1
62077	849	2009	1.5	1
62077	924	2009	4.5	1
62077	1249	2009	3.5	1
62077	1272	2009	4.5	1
62077	1722	2009	0.5	1
62077	2072	2009	4.0	1
62077	2117	2009	3.5	1
62077	2294	2009	2.0	1
62077	2407	2009	1.0	1
62099	2	2009	2.5	1
62099	19	2009	3.5	1
62099	34	2009	2.5	1
62099	39	2009	3.0	1
62099	47	2009	3.5	1
62099	48	2009	2.5	1
62099	110	2009	3.0	1
62099	208	2009	3.0	1
62099	223	2009	4.5	1
62099	231	2009	3.0	1
62099	236	2009	3.0	1
62099	266	2009	3.0	1
62099	296	2009	4.0	1
62099	307	2009	4.0	1
62099	337	2009	4.0	1
62099	339	2009	2.5	1
62099	344	2009	3.5	1
62099	356	2009	3.5	1
62099	357	2009	3.0	1
62099	367	2009	3.0	1
62099	381	2009	2.0	1
62099	466	2009	3.0	1
62099	480	2009	2.0	1
62099	500	2009	3.0	1
62099	509	2009	3.5	1
62099	520	2009	2.5	1
62099	527	2009	4.0	1
62099	541	2009	3.5	1
62099	551	2009	4.0	1
62099	586	2009	2.0	1
62099	587	2009	3.0	1
62099	588	2009	3.0	1
62099	597	2009	3.5	1
62099	666	2009	4.0	1
62099	733	2009	2.0	1
62099	778	2009	3.5	1
62099	780	2009	2.5	1
62099	784	2009	2.5	1
62099	839	2009	3.5	1
62099	912	2009	4.0	1
62099	919	2009	3.5	1
62099	1035	2009	4.0	1
62099	1080	2009	3.5	1
62099	1089	2009	4.0	1
62099	1097	2009	3.5	1
62099	1201	2009	3.5	1
62099	1206	2009	4.0	1
62099	1220	2009	3.0	1
62099	1230	2009	3.5	1
62099	1246	2009	3.5	1
62099	1258	2009	3.5	1
62099	1380	2009	3.0	1
62099	1393	2009	2.5	1
62099	1407	2009	1.5	1
62099	1485	2009	3.0	1
62099	1517	2009	3.0	1
62099	1573	2009	2.0	1
62099	1625	2009	3.0	1
62099	1641	2009	3.0	1
62099	1653	2009	3.0	1
62099	1682	2009	3.5	1
62099	1721	2009	3.0	1
62099	1732	2009	4.5	1
62099	1772	2009	3.0	1
62099	1917	2009	2.0	1
62099	1961	2009	4.0	1
62099	1968	2009	3.5	1
62099	2081	2009	3.0	1
62099	2139	2009	3.5	1
62099	2174	2009	3.0	1
62099	2269	2009	2.0	1
62099	2291	2009	4.5	1
62099	2321	2009	4.0	1
62099	2329	2009	4.0	1
62099	2390	2009	4.5	1
62099	2396	2009	3.0	1
62099	2504	2009	3.0	1
62099	2539	2009	3.5	1
62099	2571	2009	4.0	1
62099	2572	2009	3.0	1
62107	12	2009	3.5	1
62107	16	2009	3.5	1
62107	26	2009	3.0	1
62107	60	2009	2.5	1
62107	135	2009	3.5	1
62107	141	2009	4.0	1
62107	161	2009	4.0	1
62107	203	2009	3.0	1
62107	239	2009	4.0	1
62107	260	2009	4.5	1
62107	317	2009	3.0	1
62107	344	2009	3.0	1
62107	345	2009	3.5	1
62107	364	2009	4.5	1
62107	367	2009	3.5	1
62107	374	2009	2.5	1
62107	502	2009	3.5	1
62107	616	2009	3.5	1
62107	661	2009	4.0	1
62107	671	2009	2.5	1
62107	733	2009	4.0	1
62107	743	2009	2.5	1
62107	745	2009	4.0	1
62107	780	2009	4.5	1
62107	783	2009	4.0	1
62107	784	2009	3.5	1
62107	858	2009	3.5	1
62107	908	2009	4.0	1
62107	911	2009	5.0	1
62107	912	2009	3.0	1
62107	923	2009	5.0	1
62107	924	2009	3.5	1
62107	928	2009	4.0	1
62107	940	2009	5.0	1
62107	1028	2009	4.5	1
62107	1029	2009	3.0	1
62107	1036	2009	5.0	1
62107	1077	2009	3.5	1
62107	1081	2009	4.0	1
62107	1088	2009	3.5	1
62107	1148	2009	3.5	1
62107	1196	2009	5.0	1
62107	1197	2009	4.0	1
62107	1198	2009	4.5	1
62107	1201	2009	5.0	1
62107	1210	2009	4.5	1
62107	1223	2009	4.0	1
62107	1256	2009	4.5	1
62107	1262	2009	4.5	1
62107	1287	2009	5.0	1
62107	1289	2009	5.0	1
62107	1291	2009	4.5	1
62107	1303	2009	4.0	1
62107	1333	2009	3.5	1
62107	1347	2009	4.0	1
62107	1367	2009	3.5	1
62107	1370	2009	3.5	1
62107	1566	2009	4.0	1
62107	1610	2009	5.0	1
62107	1617	2009	4.5	1
62107	1653	2009	4.0	1
62107	1663	2009	3.5	1
62107	1702	2009	3.5	1
62107	1729	2009	4.0	1
62107	1911	2009	3.0	1
62107	1918	2009	3.0	1
62107	1920	2009	3.0	1
62107	1953	2009	4.0	1
62107	1967	2009	2.5	1
62107	1997	2009	4.5	1
62107	2006	2009	4.0	1
62107	2053	2009	3.5	1
62107	2054	2009	5.0	1
62107	2078	2009	4.0	1
62107	2085	2009	3.0	1
62107	2090	2009	3.5	1
62107	2094	2009	3.5	1
62107	2096	2009	3.0	1
62107	2109	2009	3.5	1
62107	2137	2009	4.0	1
62107	2140	2009	2.5	1
62107	2141	2009	5.0	1
62107	2153	2009	1.5	1
62107	2273	2009	4.5	1
62107	2294	2009	3.0	1
62107	2352	2009	3.5	1
62107	2376	2009	3.0	1
62107	2470	2009	3.5	1
62107	2471	2009	3.0	1
62107	2502	2009	4.0	1
62107	2571	2009	5.0	1
62112	2	2009	4.5	1
62112	3	2009	4.0	1
62112	7	2009	4.0	1
62112	36	2009	3.0	1
62112	65	2009	3.5	1
62112	70	2009	5.0	1
62112	76	2009	5.0	1
62112	93	2009	3.0	1
62112	111	2009	5.0	1
62112	141	2009	3.5	1
62112	170	2009	4.0	1
62112	177	2009	4.0	1
62112	186	2009	3.5	1
62112	230	2009	2.5	1
62112	236	2009	5.0	1
62112	247	2009	5.0	1
62112	260	2009	5.0	1
62112	316	2009	4.5	1
62112	317	2009	3.5	1
62112	327	2009	1.5	1
62112	333	2009	2.0	1
62112	339	2009	4.0	1
62112	344	2009	3.0	1
62112	377	2009	3.0	1
62112	380	2009	4.0	1
62112	383	2009	3.0	1
62112	387	2009	3.5	1
62112	433	2009	3.5	1
62112	442	2009	1.5	1
62112	466	2009	3.5	1
62112	468	2009	4.5	1
62112	479	2009	2.0	1
62112	482	2009	3.5	1
62112	497	2009	5.0	1
62112	505	2009	4.0	1
62112	520	2009	4.5	1
62112	522	2009	3.5	1
62112	527	2009	3.0	1
62112	551	2009	5.0	1
62112	555	2009	4.5	1
62112	589	2009	5.0	1
62112	593	2009	5.0	1
62112	597	2009	3.5	1
62112	610	2009	4.0	1
62112	616	2009	4.0	1
62112	653	2009	4.0	1
62112	661	2009	3.0	1
62112	708	2009	4.0	1
62112	719	2009	4.5	1
62112	781	2009	4.0	1
62112	804	2009	5.0	1
62112	829	2009	4.0	1
62112	849	2009	4.5	1
62112	858	2009	3.5	1
62112	912	2009	3.0	1
62112	919	2009	2.0	1
62112	924	2009	5.0	1
62112	934	2009	1.0	1
62112	953	2009	5.0	1
62112	965	2009	5.0	1
62112	1009	2009	3.5	1
62112	1011	2009	1.5	1
62112	1014	2009	0.5	1
62112	1024	2009	4.0	1
62112	1033	2009	4.0	1
62112	1079	2009	5.0	1
62112	1088	2009	4.0	1
62112	1090	2009	3.0	1
62112	1093	2009	5.0	1
62112	1186	2009	4.5	1
62112	1196	2009	5.0	1
62112	1200	2009	5.0	1
62112	1201	2009	4.0	1
62112	1214	2009	5.0	1
62112	1215	2009	5.0	1
62112	1224	2009	5.0	1
62112	1235	2009	5.0	1
62112	1243	2009	5.0	1
62112	1244	2009	4.0	1
62112	1249	2009	5.0	1
62112	1257	2009	4.5	1
62112	1267	2009	4.0	1
62112	1272	2009	5.0	1
62112	1276	2009	5.0	1
62112	1287	2009	3.5	1
62112	1298	2009	5.0	1
62112	1301	2009	4.5	1
62112	1302	2009	5.0	1
62112	1304	2009	5.0	1
62112	1350	2009	4.5	1
62112	1371	2009	5.0	1
62112	1373	2009	5.0	1
62112	1391	2009	4.5	1
62112	1407	2009	0.5	1
62112	1457	2009	3.5	1
62112	1479	2009	4.5	1
62112	1499	2009	0.5	1
62112	1500	2009	5.0	1
62112	1580	2009	5.0	1
62112	1591	2009	1.0	1
62112	1608	2009	3.0	1
62112	1639	2009	5.0	1
62112	1641	2009	4.0	1
62112	1645	2009	5.0	1
62112	1663	2009	5.0	1
62112	1665	2009	4.0	1
62112	1674	2009	5.0	1
62112	1688	2009	3.0	1
62112	1690	2009	3.0	1
62112	1748	2009	4.0	1
62112	1753	2009	3.5	1
62112	1777	2009	3.0	1
62112	1784	2009	5.0	1
62112	1792	2009	0.5	1
62112	1805	2009	0.5	1
62112	1834	2009	4.0	1
62112	1845	2009	5.0	1
62112	1873	2009	5.0	1
62112	1918	2009	3.0	1
62112	1953	2009	5.0	1
62112	1967	2009	5.0	1
62112	1991	2009	3.0	1
62112	1994	2009	4.0	1
62112	1997	2009	5.0	1
62112	1999	2009	5.0	1
62112	2011	2009	3.5	1
62112	2015	2009	4.0	1
62112	2023	2009	3.5	1
62112	2033	2009	4.5	1
62112	2054	2009	3.0	1
62112	2060	2009	3.5	1
62112	2097	2009	2.5	1
62112	2100	2009	4.0	1
62112	2123	2009	3.0	1
62112	2124	2009	4.0	1
62112	2133	2009	3.5	1
62112	2137	2009	3.0	1
62112	2140	2009	5.0	1
62112	2148	2009	4.0	1
62112	2150	2009	3.0	1
62112	2151	2009	3.5	1
62112	2159	2009	4.0	1
62112	2167	2009	4.0	1
62112	2169	2009	4.0	1
62112	2183	2009	5.0	1
62112	2194	2009	5.0	1
62112	2248	2009	5.0	1
62112	2249	2009	5.0	1
62112	2265	2009	2.5	1
62112	2279	2009	1.5	1
62112	2282	2009	4.5	1
62112	2291	2009	4.0	1
62112	2301	2009	5.0	1
62112	2302	2009	5.0	1
62112	2321	2009	5.0	1
62112	2322	2009	4.0	1
62112	2356	2009	3.5	1
62112	2363	2009	2.5	1
62112	2371	2009	3.5	1
62112	2374	2009	4.0	1
62112	2375	2009	5.0	1
62112	2376	2009	3.5	1
62112	2379	2009	2.0	1
62112	2380	2009	1.5	1
62112	2391	2009	4.5	1
62112	2393	2009	0.5	1
62112	2402	2009	1.0	1
62112	2407	2009	3.5	1
62112	2408	2009	3.0	1
62112	2420	2009	3.0	1
62112	2454	2009	4.0	1
62112	2455	2009	4.5	1
62112	2470	2009	4.0	1
62112	2490	2009	3.0	1
62112	2524	2009	3.5	1
62112	2533	2009	3.5	1
62112	2554	2009	4.0	1
62112	2580	2009	5.0	1
62154	110	2009	4.5	1
62154	175	2009	4.5	1
62154	231	2009	3.5	1
62154	246	2009	4.5	1
62154	307	2009	4.5	1
62154	308	2009	4.5	1
62154	379	2009	2.0	1
62154	380	2009	4.0	1
62154	413	2009	1.5	1
62154	434	2009	3.0	1
62154	454	2009	3.5	1
62154	539	2009	2.5	1
62154	543	2009	3.0	1
62154	784	2009	2.5	1
62154	908	2009	4.5	1
62154	994	2009	2.0	1
62154	1060	2009	5.0	1
62154	1222	2009	4.5	1
62154	1242	2009	4.5	1
62154	1307	2009	4.5	1
62154	1393	2009	3.0	1
62154	1500	2009	4.0	1
62154	1527	2009	4.0	1
62154	1617	2009	4.0	1
62154	1653	2009	3.0	1
62154	1673	2009	4.0	1
62154	1784	2009	4.0	1
62154	1807	2009	3.0	1
62154	2000	2009	4.5	1
62154	2005	2009	4.5	1
62154	2085	2009	3.5	1
62154	2231	2009	4.0	1
62154	2280	2009	3.0	1
62154	2302	2009	4.0	1
62154	2321	2009	3.0	1
62154	2359	2009	3.5	1
62154	2580	2009	3.5	1
62185	1	2009	5.0	1
62185	24	2009	3.0	1
62185	47	2009	5.0	1
62185	94	2009	3.0	1
62185	101	2009	4.5	1
62185	223	2009	3.0	1
62185	236	2009	3.0	1
62185	260	2009	5.0	1
62185	261	2009	4.0	1
62185	296	2009	3.5	1
62185	333	2009	3.0	1
62185	356	2009	5.0	1
62185	364	2009	4.0	1
62185	372	2009	3.5	1
62185	480	2009	3.0	1
62185	497	2009	4.0	1
62185	527	2009	4.0	1
62185	543	2009	2.0	1
62185	592	2009	3.0	1
62185	593	2009	4.0	1
62185	596	2009	2.0	1
62185	628	2009	4.5	1
62185	661	2009	3.5	1
62185	919	2009	4.5	1
62185	1042	2009	2.0	1
62185	1060	2009	3.5	1
62185	1061	2009	4.0	1
62185	1193	2009	4.5	1
62185	1196	2009	5.0	1
62185	1206	2009	4.5	1
62185	1210	2009	5.0	1
62185	1225	2009	5.0	1
62185	1242	2009	3.5	1
62185	1246	2009	5.0	1
62185	1278	2009	3.5	1
62185	1304	2009	4.5	1
62185	1357	2009	4.5	1
62185	1393	2009	2.5	1
62185	1396	2009	2.0	1
62185	1625	2009	4.5	1
62185	1680	2009	3.5	1
62185	1784	2009	3.5	1
62185	1907	2009	3.0	1
62185	1958	2009	3.0	1
62185	1961	2009	4.5	1
62185	2080	2009	2.0	1
62185	2144	2009	3.0	1
62185	2248	2009	3.0	1
62185	2321	2009	4.0	1
62185	2329	2009	4.5	1
62185	2333	2009	4.0	1
62185	2501	2009	2.5	1
62185	2502	2009	3.5	1
62185	2571	2009	3.0	1
62185	2579	2009	2.5	1
62200	60	2009	4.0	1
62200	203	2009	5.0	1
62200	345	2009	4.5	1
62200	588	2009	4.0	1
62200	661	2009	4.5	1
62200	709	2009	4.0	1
62200	750	2009	4.0	1
62200	1327	2009	1.5	1
62200	1367	2009	4.0	1
62200	1441	2009	5.0	1
62200	2052	2009	4.0	1
62200	2080	2009	4.0	1
62200	2085	2009	4.0	1
62200	2294	2009	3.5	1
62200	2432	2009	3.5	1
62203	223	2009	4.5	1
62203	293	2009	4.5	1
62203	671	2009	3.5	1
62203	736	2009	3.0	1
62203	1049	2009	3.5	1
62203	1089	2009	4.5	1
62203	1090	2009	4.0	1
62203	1216	2009	4.0	1
62203	1234	2009	4.0	1
62203	1256	2009	4.0	1
62203	1527	2009	3.5	1
62203	1625	2009	4.0	1
62203	1639	2009	5.0	1
62203	1747	2009	3.5	1
62203	1748	2009	4.0	1
62203	1884	2009	4.0	1
62203	1961	2009	3.5	1
62203	2136	2009	1.0	1
62203	2301	2009	3.0	1
62203	2329	2009	4.0	1
62203	2359	2009	5.0	1
62203	2390	2009	3.5	1
62203	2467	2009	3.0	1
62203	2541	2009	2.0	1
62223	39	2009	2.5	1
62223	95	2009	2.0	1
62223	105	2009	1.0	1
62223	110	2009	4.0	1
62223	196	2009	2.5	1
62223	208	2009	3.0	1
62223	216	2009	2.5	1
62223	318	2009	4.5	1
62223	333	2009	2.5	1
62223	356	2009	3.5	1
62223	383	2009	2.5	1
62223	457	2009	3.0	1
62223	474	2009	3.0	1
62223	480	2009	2.0	1
62223	524	2009	0.5	1
62223	527	2009	3.0	1
62223	551	2009	3.0	1
62223	589	2009	3.0	1
62223	590	2009	3.0	1
62223	597	2009	2.5	1
62223	608	2009	0.5	1
62223	724	2009	2.5	1
62223	733	2009	3.0	1
62223	780	2009	3.0	1
62223	802	2009	3.0	1
62223	805	2009	2.0	1
62223	852	2009	4.0	1
62223	880	2009	2.5	1
62223	902	2009	3.0	1
62223	1027	2009	3.0	1
62223	1036	2009	2.5	1
62223	1097	2009	2.0	1
62223	1127	2009	2.0	1
62223	1210	2009	3.5	1
62223	1240	2009	3.5	1
62223	1266	2009	4.0	1
62223	1291	2009	3.0	1
62223	1320	2009	1.0	1
62223	1339	2009	2.0	1
62223	1343	2009	2.0	1
62223	1347	2009	2.0	1
62223	1363	2009	2.0	1
62223	1373	2009	1.0	1
62223	1377	2009	2.0	1
62223	1387	2009	2.5	1
62223	1479	2009	2.5	1
62223	1500	2009	1.0	1
62223	1597	2009	2.5	1
62223	1610	2009	3.0	1
62223	1639	2009	2.0	1
62223	1704	2009	4.0	1
62223	1735	2009	3.0	1
62223	1754	2009	3.0	1
62223	1876	2009	3.0	1
62223	1888	2009	2.5	1
62223	1961	2009	2.0	1
62223	2080	2009	1.0	1
62223	2236	2009	2.5	1
62223	2268	2009	3.0	1
62223	2294	2009	1.0	1
62223	2393	2009	2.0	1
62223	2395	2009	2.5	1
62223	2396	2009	4.0	1
62223	2448	2009	2.0	1
62223	2490	2009	3.5	1
62223	2502	2009	2.5	1
62223	2571	2009	3.0	1
62249	3	2009	2.0	1
62249	5	2009	3.5	1
62249	19	2009	0.5	1
62249	24	2009	0.5	1
62249	25	2009	3.0	1
62249	31	2009	1.5	1
62249	32	2009	3.0	1
62249	39	2009	4.5	1
62249	47	2009	4.0	1
62249	94	2009	3.5	1
62249	104	2009	1.0	1
62249	141	2009	4.0	1
62249	158	2009	1.5	1
62249	163	2009	1.0	1
62249	165	2009	2.0	1
62249	186	2009	1.5	1
62249	203	2009	2.5	1
62249	216	2009	2.5	1
62249	224	2009	2.5	1
62249	231	2009	2.5	1
62249	235	2009	4.0	1
62249	246	2009	3.0	1
62249	253	2009	3.0	1
62249	261	2009	2.5	1
62249	266	2009	2.0	1
62249	282	2009	2.0	1
62249	296	2009	3.0	1
62249	317	2009	1.0	1
62249	333	2009	1.0	1
62249	337	2009	5.0	1
62249	339	2009	2.5	1
62249	342	2009	2.0	1
62249	344	2009	1.0	1
62249	353	2009	1.0	1
62249	356	2009	4.0	1
62249	357	2009	2.5	1
62249	372	2009	4.0	1
62249	441	2009	2.0	1
62249	471	2009	2.0	1
62249	480	2009	2.0	1
62249	508	2009	4.5	1
62249	532	2009	3.5	1
62249	539	2009	2.5	1
62249	551	2009	2.5	1
62249	562	2009	5.0	1
62249	588	2009	1.5	1
62249	592	2009	1.0	1
62249	593	2009	3.5	1
62249	595	2009	1.0	1
62249	597	2009	2.5	1
62249	608	2009	4.0	1
62249	661	2009	0.5	1
62249	708	2009	4.5	1
62249	784	2009	0.5	1
62249	830	2009	2.0	1
62249	1034	2009	4.0	1
62249	1035	2009	2.5	1
62249	1042	2009	2.5	1
62249	1060	2009	0.5	1
62249	1073	2009	2.5	1
62249	1088	2009	4.0	1
62249	1093	2009	2.0	1
62249	1097	2009	2.5	1
62249	1120	2009	3.5	1
62249	1265	2009	3.0	1
62249	1271	2009	3.0	1
62249	1285	2009	3.0	1
62249	1380	2009	1.0	1
62249	1391	2009	1.5	1
62249	1392	2009	4.0	1
62249	1393	2009	3.0	1
62249	1394	2009	2.0	1
62249	1405	2009	1.5	1
62249	1407	2009	2.0	1
62249	1441	2009	3.5	1
62249	1449	2009	3.5	1
62249	1476	2009	3.0	1
62249	1517	2009	3.5	1
62249	1541	2009	2.0	1
62249	1569	2009	2.5	1
62249	1614	2009	4.0	1
62249	1635	2009	3.5	1
62249	1639	2009	3.5	1
62249	1648	2009	3.5	1
62249	1673	2009	2.5	1
62249	1682	2009	4.0	1
62249	1704	2009	2.0	1
62249	1721	2009	0.5	1
62249	1729	2009	2.5	1
62249	1732	2009	3.0	1
62249	1777	2009	1.5	1
62249	1784	2009	1.5	1
62249	1884	2009	3.0	1
62249	1885	2009	3.5	1
62249	1923	2009	0.5	1
62249	1961	2009	3.5	1
62249	1968	2009	3.0	1
62249	2054	2009	1.0	1
62249	2064	2009	3.5	1
62249	2080	2009	2.0	1
62249	2081	2009	2.0	1
62249	2155	2009	3.0	1
62249	2282	2009	5.0	1
62249	2291	2009	4.5	1
62249	2321	2009	3.0	1
62249	2395	2009	2.5	1
62249	2396	2009	1.0	1
62249	2424	2009	2.5	1
62249	2502	2009	3.5	1
62249	2504	2009	2.5	1
62249	2572	2009	2.5	1
62249	2580	2009	2.0	1
62272	60	2009	3.5	1
62272	169	2009	3.0	1
62272	260	2009	4.5	1
62272	924	2009	2.5	1
62272	1197	2009	3.5	1
62272	1198	2009	4.5	1
62272	1411	2009	4.0	1
62272	1681	2009	3.5	1
62272	2052	2009	3.0	1
62272	2139	2009	3.5	1
62272	2571	2009	5.0	1
62279	2	2009	3.0	1
62279	60	2009	3.0	1
62279	185	2009	3.0	1
62279	203	2009	3.0	1
62279	276	2009	3.5	1
62279	339	2009	4.0	1
62279	377	2009	4.5	1
62279	381	2009	3.0	1
62279	902	2009	4.5	1
62279	912	2009	4.5	1
62279	914	2009	3.0	1
62279	915	2009	3.5	1
62279	951	2009	3.0	1
62279	1556	2009	2.5	1
62279	1616	2009	4.0	1
62279	1702	2009	3.0	1
62279	1760	2009	2.5	1
62279	1835	2009	3.5	1
62279	2053	2009	2.0	1
62279	2096	2009	1.5	1
62279	2125	2009	3.5	1
62279	2316	2009	4.5	1
62279	2338	2009	1.0	1
62279	2424	2009	4.0	1
62279	2572	2009	4.5	1
62279	2581	2009	3.0	1
62329	356	2009	4.5	1
62329	1246	2009	3.5	1
62329	1366	2009	0.5	1
62329	1732	2009	4.5	1
62329	1969	2009	0.5	1
62329	2329	2009	3.5	1
62354	25	2009	4.5	1
62354	32	2009	4.0	1
62354	50	2009	4.0	1
62354	110	2009	4.0	1
62354	253	2009	4.0	1
62354	288	2009	4.5	1
62354	293	2009	4.5	1
62354	296	2009	4.5	1
62354	307	2009	5.0	1
62354	308	2009	4.0	1
62354	318	2009	4.0	1
62354	356	2009	3.5	1
62354	357	2009	4.0	1
62354	364	2009	3.5	1
62354	380	2009	3.5	1
62354	480	2009	3.0	1
62354	527	2009	4.0	1
62354	541	2009	5.0	1
62354	551	2009	5.0	1
62354	586	2009	3.0	1
62354	593	2009	4.0	1
62354	733	2009	4.0	1
62354	780	2009	2.5	1
62354	858	2009	5.0	1
62354	912	2009	4.5	1
62354	1080	2009	4.0	1
62354	1173	2009	3.0	1
62354	1206	2009	4.5	1
62354	1216	2009	4.5	1
62354	1221	2009	5.0	1
62354	1270	2009	3.5	1
62354	1307	2009	3.5	1
62354	1527	2009	4.5	1
62354	1704	2009	4.0	1
62354	1923	2009	2.5	1
62354	1960	2009	5.0	1
62354	1961	2009	3.5	1
62354	2025	2009	3.0	1
62354	2160	2009	4.0	1
62354	2291	2009	4.5	1
62354	2338	2009	2.5	1
62354	2355	2009	4.0	1
62354	2396	2009	3.5	1
62354	2424	2009	3.0	1
62354	2571	2009	4.5	1
62371	135	2009	2.5	1
62371	203	2009	3.0	1
62371	276	2009	3.5	1
62371	491	2009	2.5	1
62371	532	2009	4.0	1
62371	671	2009	2.0	1
62371	922	2009	4.0	1
62371	924	2009	4.5	1
62371	1103	2009	3.5	1
62371	1104	2009	3.5	1
62371	1212	2009	4.5	1
62371	1296	2009	3.5	1
62371	1298	2009	4.0	1
62371	1957	2009	4.0	1
62371	2231	2009	1.5	1
62371	2313	2009	4.5	1
62371	2366	2009	3.5	1
62381	150	2009	4.0	1
62381	215	2009	4.0	1
62381	344	2009	2.5	1
62381	674	2009	3.0	1
62381	909	2009	3.0	1
62381	922	2009	4.0	1
62381	924	2009	4.0	1
62381	926	2009	3.5	1
62381	932	2009	3.5	1
62381	965	2009	4.0	1
62381	968	2009	5.0	1
62381	969	2009	4.0	1
62381	1032	2009	4.5	1
62381	1092	2009	3.5	1
62381	1103	2009	4.5	1
62381	1104	2009	5.0	1
62381	1203	2009	3.5	1
62381	1208	2009	4.5	1
62381	1212	2009	5.0	1
62381	1214	2009	3.5	1
62381	1225	2009	4.5	1
62381	1230	2009	3.5	1
62381	1235	2009	4.0	1
62381	1251	2009	4.0	1
62381	1270	2009	3.0	1
62381	1296	2009	4.0	1
62381	1298	2009	3.5	1
62381	1694	2009	3.0	1
62381	1732	2009	3.5	1
62381	1927	2009	5.0	1
62381	1939	2009	4.0	1
62381	1942	2009	4.5	1
62381	1957	2009	4.0	1
62381	2124	2009	3.0	1
62381	2160	2009	4.0	1
62381	2174	2009	3.5	1
62381	2313	2009	3.5	1
62381	2352	2009	4.5	1
62381	2539	2009	3.0	1
62387	25	2009	3.5	1
62387	26	2009	3.5	1
62387	39	2009	2.5	1
62387	47	2009	3.0	1
62387	193	2009	2.0	1
62387	215	2009	4.5	1
62387	236	2009	3.0	1
62387	253	2009	1.5	1
62387	260	2009	3.0	1
62387	318	2009	4.5	1
62387	339	2009	3.5	1
62387	350	2009	4.5	1
62387	356	2009	5.0	1
62387	357	2009	3.0	1
62387	361	2009	4.0	1
62387	364	2009	4.0	1
62387	374	2009	2.0	1
62387	377	2009	4.0	1
62387	380	2009	2.0	1
62387	454	2009	4.0	1
62387	455	2009	3.5	1
62387	459	2009	4.0	1
62387	500	2009	4.0	1
62387	508	2009	4.5	1
62387	509	2009	3.0	1
62387	527	2009	5.0	1
62387	539	2009	4.0	1
62387	540	2009	4.0	1
62387	586	2009	3.0	1
62387	587	2009	3.5	1
62387	590	2009	2.5	1
62387	593	2009	0.5	1
62387	597	2009	5.0	1
62387	648	2009	4.5	1
62387	858	2009	3.5	1
62387	912	2009	4.0	1
62387	920	2009	5.0	1
62387	1020	2009	4.0	1
62387	1059	2009	2.0	1
62387	1079	2009	3.5	1
62387	1088	2009	5.0	1
62387	1092	2009	4.5	1
62387	1101	2009	3.5	1
62387	1183	2009	2.0	1
62387	1188	2009	5.0	1
62387	1196	2009	3.0	1
62387	1210	2009	3.0	1
62387	1240	2009	2.0	1
62387	1270	2009	4.5	1
62387	1307	2009	4.5	1
62387	1393	2009	3.5	1
62387	1407	2009	0.5	1
62387	1479	2009	3.5	1
62387	1569	2009	3.5	1
62387	1573	2009	4.5	1
62387	1580	2009	4.0	1
62387	1625	2009	4.5	1
62387	1639	2009	4.5	1
62387	1665	2009	3.5	1
62387	1672	2009	4.5	1
62387	1682	2009	4.0	1
62387	1704	2009	4.0	1
62387	1721	2009	5.0	1
62387	1735	2009	4.0	1
62387	1784	2009	5.0	1
62387	1805	2009	4.0	1
62387	1835	2009	4.0	1
62387	1894	2009	3.0	1
62387	1917	2009	2.0	1
62387	1923	2009	2.0	1
62387	1954	2009	2.5	1
62387	1960	2009	3.5	1
62387	1961	2009	4.5	1
62387	2011	2009	4.5	1
62387	2012	2009	4.5	1
62387	2100	2009	4.5	1
62387	2321	2009	4.0	1
62387	2324	2009	5.0	1
62387	2336	2009	3.0	1
62387	2340	2009	2.5	1
62387	2378	2009	4.5	1
62387	2394	2009	4.0	1
62387	2396	2009	3.5	1
62387	2409	2009	3.0	1
62387	2424	2009	3.5	1
62387	2467	2009	3.5	1
62387	2541	2009	4.5	1
62387	2567	2009	3.0	1
62394	6	2009	3.5	1
62394	60	2009	3.5	1
62394	70	2009	4.0	1
62394	95	2009	3.0	1
62394	110	2009	3.5	1
62394	111	2009	3.5	1
62394	161	2009	3.5	1
62394	163	2009	4.0	1
62394	172	2009	0.5	1
62394	185	2009	3.5	1
62394	231	2009	4.5	1
62394	253	2009	4.0	1
62394	256	2009	0.5	1
62394	277	2009	1.5	1
62394	303	2009	3.0	1
62394	319	2009	4.0	1
62394	337	2009	3.0	1
62394	342	2009	4.0	1
62394	344	2009	3.0	1
62394	350	2009	3.0	1
62394	357	2009	3.5	1
62394	365	2009	2.0	1
62394	377	2009	3.0	1
62394	380	2009	1.0	1
62394	410	2009	2.0	1
62394	416	2009	1.5	1
62394	431	2009	3.5	1
62394	432	2009	1.0	1
62394	434	2009	3.5	1
62394	454	2009	3.5	1
62394	457	2009	3.0	1
62394	474	2009	3.0	1
62394	475	2009	3.5	1
62394	480	2009	3.0	1
62394	485	2009	0.5	1
62394	508	2009	4.0	1
62394	515	2009	4.0	1
62394	527	2009	4.0	1
62394	539	2009	3.0	1
62394	541	2009	3.5	1
62394	587	2009	3.5	1
62394	593	2009	4.0	1
62394	597	2009	1.5	1
62394	605	2009	1.5	1
62394	608	2009	5.0	1
62394	673	2009	1.5	1
62394	733	2009	1.5	1
62394	778	2009	4.5	1
62394	784	2009	3.0	1
62394	785	2009	1.5	1
62394	802	2009	1.5	1
62394	837	2009	4.0	1
62394	849	2009	1.5	1
62394	852	2009	2.5	1
62394	899	2009	2.5	1
62394	903	2009	4.0	1
62394	910	2009	3.5	1
62394	923	2009	4.0	1
62394	949	2009	3.5	1
62394	969	2009	4.0	1
62394	1027	2009	1.5	1
62394	1029	2009	4.0	1
62394	1036	2009	4.0	1
62394	1061	2009	4.0	1
62394	1090	2009	3.5	1
62394	1093	2009	4.0	1
62394	1094	2009	4.0	1
62394	1095	2009	4.5	1
62394	1097	2009	3.0	1
62394	1101	2009	1.0	1
62394	1125	2009	3.5	1
62394	1136	2009	3.5	1
62394	1202	2009	5.0	1
62394	1208	2009	3.5	1
62394	1213	2009	5.0	1
62394	1215	2009	4.0	1
62394	1233	2009	4.5	1
62394	1234	2009	3.0	1
62394	1247	2009	3.5	1
62394	1249	2009	1.0	1
62394	1250	2009	4.5	1
62394	1266	2009	4.0	1
62394	1270	2009	3.5	1
62394	1283	2009	4.0	1
62394	1287	2009	3.0	1
62394	1290	2009	3.5	1
62394	1293	2009	4.5	1
62394	1299	2009	4.5	1
62394	1303	2009	4.5	1
62394	1307	2009	3.5	1
62394	1320	2009	1.0	1
62394	1321	2009	3.5	1
62394	1334	2009	3.0	1
62394	1339	2009	3.5	1
62394	1344	2009	3.5	1
62394	1345	2009	3.0	1
62394	1370	2009	2.5	1
62394	1385	2009	2.5	1
62394	1390	2009	3.0	1
62394	1459	2009	3.0	1
62394	1466	2009	3.5	1
62394	1485	2009	3.5	1
62394	1500	2009	4.0	1
62394	1526	2009	1.0	1
62394	1556	2009	1.0	1
62394	1580	2009	3.0	1
62394	1584	2009	3.0	1
62394	1590	2009	3.0	1
62394	1617	2009	4.0	1
62394	1620	2009	3.0	1
62394	1625	2009	4.0	1
62394	1641	2009	4.0	1
62394	1653	2009	3.5	1
62394	1674	2009	3.0	1
62394	1676	2009	2.5	1
62394	1704	2009	4.5	1
62394	1711	2009	3.0	1
62394	1713	2009	2.5	1
62394	1721	2009	1.0	1
62394	1805	2009	3.0	1
62394	1835	2009	3.0	1
62394	1846	2009	5.0	1
62394	1920	2009	2.5	1
62394	1923	2009	4.5	1
62394	1947	2009	3.5	1
62394	1955	2009	3.0	1
62394	1957	2009	4.0	1
62394	1961	2009	3.0	1
62394	1962	2009	2.0	1
62394	1964	2009	3.0	1
62394	1969	2009	3.0	1
62394	2000	2009	3.5	1
62394	2003	2009	3.0	1
62394	2011	2009	2.0	1
62394	2012	2009	1.5	1
62394	2018	2009	5.0	1
62394	2021	2009	2.0	1
62394	2023	2009	4.0	1
62394	2028	2009	4.0	1
62394	2042	2009	0.5	1
62394	2053	2009	1.0	1
62394	2054	2009	1.0	1
62394	2072	2009	1.5	1
62394	2085	2009	2.5	1
62394	2094	2009	2.5	1
62394	2100	2009	2.5	1
62394	2115	2009	3.5	1
62394	2118	2009	4.0	1
62394	2232	2009	3.0	1
62394	2248	2009	3.5	1
62394	2252	2009	2.0	1
62394	2260	2009	3.5	1
62394	2285	2009	3.5	1
62394	2289	2009	3.5	1
62394	2297	2009	4.0	1
62394	2313	2009	4.5	1
62394	2316	2009	2.0	1
62394	2322	2009	1.5	1
62394	2334	2009	2.5	1
62394	2340	2009	3.0	1
62394	2349	2009	3.5	1
62394	2353	2009	3.0	1
62394	2407	2009	2.5	1
62394	2420	2009	0.5	1
62394	2428	2009	3.0	1
62394	2433	2009	3.0	1
62394	2459	2009	2.0	1
62394	2463	2009	4.0	1
62394	2467	2009	2.0	1
62394	2476	2009	3.5	1
62394	2478	2009	2.5	1
62394	2502	2009	3.5	1
62394	2524	2009	2.0	1
62394	2565	2009	3.5	1
62401	1	2009	3.5	1
62401	32	2009	4.5	1
62401	47	2009	3.5	1
62401	50	2009	4.0	1
62401	150	2009	4.5	1
62401	215	2009	5.0	1
62401	260	2009	2.5	1
62401	296	2009	3.5	1
62401	306	2009	5.0	1
62401	307	2009	4.5	1
62401	318	2009	4.0	1
62401	319	2009	3.0	1
62401	356	2009	3.5	1
62401	357	2009	4.5	1
62401	367	2009	4.0	1
62401	377	2009	3.5	1
62401	480	2009	1.5	1
62401	527	2009	4.0	1
62401	541	2009	5.0	1
62401	589	2009	3.5	1
62401	593	2009	4.5	1
62401	608	2009	5.0	1
62401	736	2009	4.0	1
62401	778	2009	3.5	1
62401	780	2009	2.5	1
62401	1036	2009	4.0	1
62401	1079	2009	3.5	1
62401	1090	2009	4.5	1
62401	1101	2009	2.5	1
62401	1136	2009	4.0	1
62401	1172	2009	3.5	1
62401	1193	2009	4.0	1
62401	1196	2009	4.5	1
62401	1197	2009	4.5	1
62401	1198	2009	4.5	1
62401	1200	2009	4.0	1
62401	1202	2009	4.5	1
62401	1207	2009	4.0	1
62401	1210	2009	4.0	1
62401	1214	2009	4.0	1
62401	1222	2009	3.5	1
62401	1235	2009	4.5	1
62401	1240	2009	4.0	1
62401	1249	2009	3.5	1
62401	1259	2009	4.5	1
62401	1270	2009	3.0	1
62401	1285	2009	4.0	1
62401	1291	2009	4.0	1
62401	1296	2009	4.0	1
62401	1300	2009	4.5	1
62401	1307	2009	3.5	1
62401	1371	2009	3.0	1
62401	1375	2009	3.0	1
62401	1527	2009	2.5	1
62401	1580	2009	4.0	1
62401	1597	2009	4.0	1
62401	1617	2009	4.0	1
62401	1635	2009	3.0	1
62401	1748	2009	4.5	1
62401	1917	2009	4.0	1
62401	1957	2009	4.0	1
62401	2021	2009	3.0	1
62401	2028	2009	4.5	1
62401	2064	2009	3.5	1
62401	2094	2009	3.0	1
62401	2278	2009	5.0	1
62401	2395	2009	5.0	1
62401	2396	2009	3.5	1
62401	2405	2009	2.0	1
62401	2406	2009	3.5	1
62401	2571	2009	5.0	1
62432	1	2009	3.0	1
62432	36	2009	4.0	1
62432	39	2009	3.5	1
62432	48	2009	2.0	1
62432	110	2009	3.0	1
62432	170	2009	4.5	1
62432	208	2009	0.5	1
62432	223	2009	2.5	1
62432	231	2009	3.0	1
62432	256	2009	2.0	1
62432	260	2009	4.0	1
62432	261	2009	3.5	1
62432	293	2009	5.0	1
62432	296	2009	4.0	1
62432	337	2009	4.0	1
62432	344	2009	2.0	1
62432	356	2009	4.5	1
62432	357	2009	3.0	1
62432	364	2009	4.0	1
62432	367	2009	1.0	1
62432	370	2009	0.5	1
62432	377	2009	2.0	1
62432	410	2009	3.5	1
62432	466	2009	3.5	1
62432	480	2009	0.5	1
62432	497	2009	2.0	1
62432	500	2009	3.0	1
62432	509	2009	4.0	1
62432	520	2009	3.0	1
62432	551	2009	5.0	1
62432	593	2009	4.5	1
62432	595	2009	4.0	1
62432	597	2009	2.0	1
62432	708	2009	1.5	1
62432	743	2009	0.5	1
62432	745	2009	4.5	1
62432	778	2009	4.5	1
62432	788	2009	0.5	1
62432	899	2009	5.0	1
62432	919	2009	5.0	1
62432	920	2009	2.0	1
62432	924	2009	2.0	1
62432	1035	2009	4.0	1
62432	1073	2009	4.5	1
62432	1079	2009	3.5	1
62432	1080	2009	4.5	1
62432	1097	2009	2.5	1
62432	1101	2009	3.5	1
62432	1136	2009	4.5	1
62432	1148	2009	4.5	1
62432	1175	2009	4.5	1
62432	1193	2009	4.5	1
62432	1196	2009	4.0	1
62432	1206	2009	4.0	1
62432	1210	2009	4.0	1
62432	1212	2009	3.0	1
62432	1219	2009	4.0	1
62432	1220	2009	3.5	1
62432	1223	2009	4.0	1
62432	1246	2009	4.0	1
62432	1247	2009	3.5	1
62432	1258	2009	3.0	1
62432	1265	2009	1.5	1
62432	1270	2009	2.5	1
62432	1298	2009	3.0	1
62432	1307	2009	3.5	1
62432	1380	2009	3.5	1
62432	1391	2009	3.5	1
62432	1416	2009	1.0	1
62432	1527	2009	4.5	1
62432	1573	2009	0.5	1
62432	1580	2009	0.5	1
62432	1641	2009	3.5	1
62432	1682	2009	4.0	1
62432	1721	2009	0.5	1
62432	1732	2009	3.5	1
62432	1923	2009	3.5	1
62432	1961	2009	4.0	1
62432	1968	2009	4.5	1
62432	2012	2009	2.0	1
62432	2054	2009	3.0	1
62432	2081	2009	3.0	1
62432	2160	2009	3.5	1
62432	2291	2009	4.5	1
62432	2302	2009	1.0	1
62432	2321	2009	3.0	1
62432	2324	2009	4.5	1
62432	2336	2009	2.0	1
62432	2571	2009	2.5	1
62436	2	2009	3.0	1
62436	10	2009	3.0	1
62436	17	2009	4.0	1
62436	19	2009	4.0	1
62436	29	2009	3.0	1
62436	32	2009	4.5	1
62436	47	2009	4.0	1
62436	48	2009	2.0	1
62436	110	2009	4.0	1
62436	141	2009	2.5	1
62436	163	2009	2.0	1
62436	170	2009	3.0	1
62436	193	2009	3.0	1
62436	231	2009	3.5	1
62436	235	2009	3.5	1
62436	260	2009	3.5	1
62436	296	2009	4.5	1
62436	344	2009	4.0	1
62436	356	2009	4.5	1
62436	357	2009	3.5	1
62436	367	2009	3.5	1
62436	466	2009	3.5	1
62436	480	2009	3.0	1
62436	500	2009	2.5	1
62436	527	2009	4.0	1
62436	541	2009	4.0	1
62436	551	2009	4.5	1
62436	552	2009	2.5	1
62436	586	2009	2.0	1
62436	588	2009	3.5	1
62436	589	2009	4.5	1
62436	593	2009	4.0	1
62436	594	2009	3.0	1
62436	595	2009	4.0	1
62436	608	2009	4.0	1
62436	733	2009	3.5	1
62436	736	2009	2.5	1
62436	743	2009	2.0	1
62436	778	2009	3.5	1
62436	780	2009	3.0	1
62436	784	2009	3.0	1
62436	832	2009	2.0	1
62436	858	2009	4.5	1
62436	899	2009	4.0	1
62436	919	2009	3.5	1
62436	920	2009	4.0	1
62436	1079	2009	3.0	1
62436	1080	2009	4.5	1
62436	1097	2009	3.0	1
62436	1101	2009	3.5	1
62436	1125	2009	3.0	1
62436	1136	2009	4.0	1
62436	1148	2009	4.0	1
62436	1193	2009	4.5	1
62436	1196	2009	4.5	1
62436	1200	2009	4.0	1
62436	1208	2009	4.0	1
62436	1210	2009	4.5	1
62436	1212	2009	4.0	1
62436	1219	2009	4.5	1
62436	1222	2009	4.5	1
62436	1225	2009	3.5	1
62436	1230	2009	4.0	1
62436	1258	2009	4.0	1
62436	1265	2009	4.5	1
62436	1270	2009	3.5	1
62436	1278	2009	4.5	1
62436	1288	2009	4.0	1
62436	1370	2009	3.5	1
62436	1380	2009	3.0	1
62436	1387	2009	3.5	1
62436	1393	2009	3.5	1
62436	1407	2009	3.0	1
62436	1485	2009	3.0	1
62436	1517	2009	3.5	1
62436	1544	2009	2.5	1
62436	1573	2009	3.0	1
62436	1580	2009	3.5	1
62436	1625	2009	4.0	1
62436	1641	2009	3.0	1
62436	1704	2009	3.5	1
62436	1721	2009	3.0	1
62436	1732	2009	4.0	1
62436	1777	2009	3.5	1
62436	1923	2009	3.5	1
62436	1961	2009	4.0	1
62436	2000	2009	3.5	1
62436	2011	2009	3.0	1
62436	2012	2009	3.0	1
62436	2054	2009	3.0	1
62436	2081	2009	3.5	1
62436	2115	2009	3.5	1
62436	2160	2009	4.0	1
62436	2174	2009	4.0	1
62436	2291	2009	4.5	1
62436	2302	2009	2.0	1
62436	2324	2009	5.0	1
62436	2329	2009	4.0	1
62436	2396	2009	3.5	1
62436	2571	2009	4.0	1
62444	32	2009	4.0	1
62444	296	2009	4.5	1
62444	307	2009	3.5	1
62444	308	2009	4.0	1
62444	345	2009	4.5	1
62444	412	2009	4.0	1
62444	481	2009	4.0	1
62444	540	2009	1.0	1
62444	916	2009	4.0	1
62444	924	2009	4.5	1
62444	926	2009	4.5	1
62444	969	2009	4.5	1
62444	1089	2009	5.0	1
62444	1103	2009	4.0	1
62444	1104	2009	4.5	1
62444	1111	2009	4.0	1
62444	1125	2009	4.0	1
62444	1127	2009	3.0	1
62444	1214	2009	4.5	1
62444	1225	2009	4.0	1
62444	1251	2009	4.5	1
62444	1274	2009	4.0	1
62444	1296	2009	4.5	1
62444	1298	2009	5.0	1
62444	1416	2009	1.0	1
62444	1444	2009	3.0	1
62444	1608	2009	2.0	1
62444	1690	2009	2.0	1
62444	1927	2009	4.0	1
62444	1957	2009	3.5	1
62444	2300	2009	2.0	1
62444	2313	2009	4.5	1
62444	2366	2009	4.5	1
62444	2483	2009	4.5	1
62467	1	2009	4.5	1
62467	16	2009	4.5	1
62467	32	2009	2.5	1
62467	50	2009	4.5	1
62467	111	2009	5.0	1
62467	235	2009	4.5	1
62467	288	2009	4.0	1
62467	296	2009	5.0	1
62467	318	2009	3.5	1
62467	377	2009	3.0	1
62467	428	2009	3.0	1
62467	471	2009	4.0	1
62467	480	2009	3.0	1
62467	485	2009	3.5	1
62467	541	2009	4.5	1
62467	551	2009	4.0	1
62467	553	2009	4.0	1
62467	555	2009	4.5	1
62467	586	2009	2.5	1
62467	587	2009	2.5	1
62467	589	2009	4.5	1
62467	593	2009	4.0	1
62467	608	2009	5.0	1
62467	733	2009	4.0	1
62467	736	2009	3.5	1
62467	778	2009	4.0	1
62467	780	2009	2.5	1
62467	785	2009	5.0	1
62467	858	2009	4.5	1
62467	903	2009	4.5	1
62467	904	2009	4.0	1
62467	908	2009	4.0	1
62467	919	2009	5.0	1
62467	922	2009	4.0	1
62467	924	2009	1.5	1
62467	968	2009	5.0	1
62467	1036	2009	5.0	1
62467	1073	2009	5.0	1
62467	1077	2009	4.5	1
62467	1084	2009	2.5	1
62467	1089	2009	5.0	1
62467	1092	2009	2.5	1
62467	1097	2009	3.0	1
62467	1101	2009	1.5	1
62467	1193	2009	4.0	1
62467	1198	2009	4.0	1
62467	1200	2009	5.0	1
62467	1206	2009	5.0	1
62467	1208	2009	4.0	1
62467	1213	2009	4.5	1
62467	1214	2009	4.0	1
62467	1215	2009	3.5	1
62467	1219	2009	4.5	1
62467	1220	2009	0.5	1
62467	1221	2009	5.0	1
62467	1222	2009	4.5	1
62467	1240	2009	5.0	1
62467	1247	2009	4.5	1
62467	1252	2009	3.5	1
62467	1258	2009	4.0	1
62467	1259	2009	4.0	1
62467	1265	2009	4.5	1
62467	1266	2009	5.0	1
62467	1270	2009	5.0	1
62467	1276	2009	4.0	1
62467	1278	2009	3.0	1
62467	1302	2009	4.0	1
62467	1321	2009	2.5	1
62467	1327	2009	3.0	1
62467	1333	2009	4.5	1
62467	1345	2009	5.0	1
62467	1347	2009	5.0	1
62467	1350	2009	4.0	1
62467	1361	2009	5.0	1
62467	1387	2009	4.5	1
62467	1393	2009	0.5	1
62467	1394	2009	5.0	1
62467	1407	2009	4.0	1
62467	1449	2009	0.5	1
62467	1580	2009	3.5	1
62467	1584	2009	4.0	1
62467	1589	2009	3.0	1
62467	1608	2009	1.5	1
62467	1617	2009	4.0	1
62467	1625	2009	1.5	1
62467	1663	2009	2.5	1
62467	1673	2009	5.0	1
62467	1676	2009	4.5	1
62467	1682	2009	4.5	1
62467	1729	2009	4.5	1
62467	1732	2009	5.0	1
62467	1923	2009	5.0	1
62467	1927	2009	4.5	1
62467	1952	2009	4.0	1
62467	1954	2009	4.0	1
62467	1968	2009	3.5	1
62467	1982	2009	5.0	1
62467	1997	2009	5.0	1
62467	2003	2009	4.5	1
62467	2133	2009	2.0	1
62467	2160	2009	4.0	1
62467	2174	2009	4.0	1
62467	2186	2009	5.0	1
62467	2202	2009	3.5	1
62467	2291	2009	4.5	1
62467	2329	2009	3.0	1
62467	2366	2009	4.0	1
62467	2502	2009	4.0	1
62467	2528	2009	1.5	1
62467	2529	2009	5.0	1
62467	2542	2009	4.0	1
62467	2571	2009	3.0	1
62474	1183	2009	4.0	1
62474	1263	2009	3.0	1
62474	1266	2009	3.5	1
62510	50	2009	4.0	1
62510	58	2009	4.0	1
62510	172	2009	1.0	1
62510	431	2009	3.5	1
62510	527	2009	4.0	1
62510	555	2009	3.0	1
62510	697	2009	3.5	1
62510	745	2009	4.5	1
62510	904	2009	4.0	1
62510	908	2009	4.5	1
62510	913	2009	4.5	1
62510	914	2009	4.0	1
62510	1029	2009	4.0	1
62510	1079	2009	4.0	1
62510	1096	2009	5.0	1
62510	1148	2009	4.5	1
62510	1176	2009	4.5	1
62510	1204	2009	4.5	1
62510	1211	2009	4.5	1
62510	1217	2009	4.0	1
62510	1225	2009	4.0	1
62510	1234	2009	3.0	1
62510	1249	2009	3.5	1
62510	1265	2009	4.5	1
62510	1282	2009	5.0	1
62510	1293	2009	4.0	1
62510	1302	2009	3.5	1
62510	1396	2009	3.0	1
62510	1635	2009	4.0	1
62510	2021	2009	3.5	1
62510	2112	2009	3.5	1
62510	2176	2009	3.5	1
62510	2406	2009	2.0	1
62521	1	2009	5.0	1
62521	5	2009	3.0	1
62521	62	2009	4.5	1
62521	153	2009	3.5	1
62521	169	2009	3.0	1
62521	185	2009	3.0	1
62521	252	2009	3.0	1
62521	261	2009	4.0	1
62521	306	2009	3.5	1
62521	307	2009	3.0	1
62521	308	2009	3.0	1
62521	317	2009	3.5	1
62521	362	2009	4.5	1
62521	364	2009	4.0	1
62521	376	2009	3.5	1
62521	434	2009	4.0	1
62521	480	2009	3.5	1
62521	500	2009	4.0	1
62521	520	2009	4.0	1
62521	539	2009	4.5	1
62521	551	2009	0.5	1
62521	575	2009	4.0	1
62521	736	2009	3.5	1
62521	888	2009	0.5	1
62521	915	2009	3.0	1
62521	1005	2009	4.0	1
62521	1013	2009	4.0	1
62521	1015	2009	4.0	1
62521	1025	2009	4.0	1
62521	1030	2009	4.0	1
62521	1031	2009	3.5	1
62521	1033	2009	4.5	1
62521	1035	2009	3.5	1
62521	1042	2009	4.0	1
62521	1197	2009	5.0	1
62521	1291	2009	4.5	1
62521	1359	2009	3.5	1
62521	1405	2009	0.5	1
62521	1608	2009	3.0	1
62521	1678	2009	3.5	1
62521	1702	2009	2.5	1
62521	1707	2009	3.0	1
62521	1959	2009	2.5	1
62521	2014	2009	4.0	1
62521	2018	2009	4.0	1
62521	2046	2009	4.5	1
62521	2054	2009	4.0	1
62521	2059	2009	4.0	1
62521	2087	2009	4.5	1
62521	2091	2009	4.0	1
62521	2125	2009	5.0	1
62521	2133	2009	3.5	1
62521	2137	2009	4.5	1
62521	2139	2009	4.0	1
62521	2141	2009	4.0	1
62521	2144	2009	2.0	1
62521	2273	2009	4.0	1
62521	2315	2009	0.5	1
62521	2375	2009	3.5	1
62521	2398	2009	3.5	1
62521	2420	2009	4.0	1
62521	2423	2009	4.5	1
62521	2424	2009	2.5	1
62521	2429	2009	4.5	1
62521	2565	2009	3.5	1
62521	2572	2009	4.0	1
62533	170	2009	5.0	1
62533	277	2009	0.5	1
62533	491	2009	0.5	1
62533	519	2009	5.0	1
62533	1029	2009	0.5	1
62533	1249	2009	0.5	1
62533	2336	2009	5.0	1
62533	2366	2009	0.5	1
62561	260	2009	2.5	1
62561	364	2009	2.5	1
62561	653	2009	3.5	1
62561	1197	2009	3.5	1
62561	1198	2009	4.0	1
62561	1210	2009	3.0	1
62561	1291	2009	4.5	1
62561	2006	2009	4.0	1
62561	2052	2009	3.0	1
62561	2138	2009	2.0	1
62591	16	2009	3.5	1
62591	32	2009	2.5	1
62591	150	2009	3.0	1
62591	253	2009	3.5	1
62591	256	2009	2.0	1
62591	306	2009	4.0	1
62591	307	2009	4.0	1
62591	308	2009	4.0	1
62591	318	2009	5.0	1
62591	356	2009	4.0	1
62591	480	2009	4.0	1
62591	541	2009	4.5	1
62591	593	2009	3.5	1
62591	628	2009	2.0	1
62591	668	2009	4.5	1
62591	750	2009	4.5	1
62591	858	2009	5.0	1
62591	899	2009	2.5	1
62591	914	2009	3.5	1
62591	920	2009	3.5	1
62591	922	2009	4.0	1
62591	924	2009	4.0	1
62591	1019	2009	3.0	1
62591	1028	2009	3.5	1
62591	1029	2009	2.0	1
62591	1073	2009	3.0	1
62591	1172	2009	4.5	1
62591	1183	2009	4.0	1
62591	1193	2009	4.5	1
62591	1203	2009	3.5	1
62591	1206	2009	4.5	1
62591	1208	2009	5.0	1
62591	1212	2009	3.0	1
62591	1213	2009	4.0	1
62591	1270	2009	3.5	1
62591	1274	2009	2.5	1
62591	1293	2009	3.0	1
62591	1298	2009	3.5	1
62591	1367	2009	1.0	1
62591	1479	2009	2.0	1
62591	1900	2009	4.0	1
62591	1957	2009	3.0	1
62591	1962	2009	4.5	1
62591	1997	2009	3.5	1
62591	2059	2009	1.5	1
62591	2067	2009	3.5	1
62591	2117	2009	3.5	1
62591	2160	2009	3.5	1
62591	2366	2009	2.0	1
62591	2529	2009	3.0	1
62636	1	2009	3.5	1
62636	48	2009	3.0	1
62636	50	2009	4.0	1
62636	60	2009	3.5	1
62636	110	2009	1.0	1
62636	157	2009	1.5	1
62636	262	2009	4.0	1
62636	296	2009	4.5	1
62636	317	2009	2.5	1
62636	344	2009	2.0	1
62636	356	2009	3.5	1
62636	410	2009	3.0	1
62636	527	2009	4.5	1
62636	531	2009	3.5	1
62636	588	2009	4.0	1
62636	589	2009	4.0	1
62636	594	2009	3.5	1
62636	745	2009	3.5	1
62636	788	2009	3.0	1
62636	801	2009	3.5	1
62636	1032	2009	3.5	1
62636	1079	2009	4.0	1
62636	1080	2009	5.0	1
62636	1136	2009	3.0	1
62636	1148	2009	3.5	1
62636	1198	2009	4.0	1
62636	1200	2009	4.5	1
62636	1206	2009	4.5	1
62636	1214	2009	4.5	1
62636	1223	2009	3.5	1
62636	1259	2009	3.5	1
62636	1270	2009	4.5	1
62636	1291	2009	4.0	1
62636	1307	2009	5.0	1
62636	1320	2009	4.0	1
62636	1391	2009	3.5	1
62636	1517	2009	3.5	1
62636	1641	2009	3.5	1
62636	1721	2009	4.0	1
62636	1760	2009	3.0	1
62636	1923	2009	2.0	1
62636	1947	2009	3.5	1
62636	2011	2009	3.5	1
62636	2014	2009	3.5	1
62636	2081	2009	3.5	1
62636	2115	2009	4.0	1
62636	2133	2009	3.0	1
62636	2137	2009	3.0	1
62636	2145	2009	3.5	1
62636	2174	2009	3.5	1
62636	2248	2009	4.5	1
62636	2278	2009	3.5	1
62636	2302	2009	3.5	1
62636	2321	2009	4.0	1
62636	2346	2009	4.0	1
62636	2355	2009	3.5	1
62636	2406	2009	3.0	1
62636	2571	2009	5.0	1
62666	24	2009	2.0	1
62666	543	2009	4.0	1
62666	724	2009	3.0	1
62666	899	2009	3.0	1
62666	910	2009	5.0	1
62666	951	2009	5.0	1
62666	1223	2009	3.0	1
62666	1235	2009	5.0	1
62666	1285	2009	4.0	1
62666	1702	2009	0.5	1
62666	2300	2009	3.0	1
62666	2301	2009	3.0	1
62666	2450	2009	3.5	1
62666	2572	2009	3.0	1
62674	47	2009	4.0	1
62674	69	2009	3.0	1
62674	104	2009	3.5	1
62674	296	2009	5.0	1
62674	318	2009	3.5	1
62674	356	2009	2.0	1
62674	377	2009	1.0	1
62674	480	2009	3.5	1
62674	750	2009	3.0	1
62674	785	2009	3.0	1
62674	858	2009	3.5	1
62674	1089	2009	4.5	1
62674	1101	2009	1.0	1
62674	1136	2009	4.5	1
62674	1199	2009	1.0	1
62674	1206	2009	4.5	1
62674	1208	2009	4.0	1
62674	1223	2009	3.5	1
62674	1230	2009	2.0	1
62674	1278	2009	4.0	1
62674	1288	2009	5.0	1
62674	1359	2009	0.5	1
62674	1732	2009	5.0	1
62674	1917	2009	1.0	1
62674	2028	2009	4.0	1
62674	2167	2009	3.5	1
62674	2396	2009	0.5	1
62674	2502	2009	4.5	1
62674	2571	2009	4.5	1
62697	1	2009	3.5	1
62697	24	2009	1.5	1
62697	110	2009	3.0	1
62697	135	2009	1.5	1
62697	150	2009	3.5	1
62697	170	2009	2.0	1
62697	193	2009	0.5	1
62697	224	2009	4.0	1
62697	276	2009	1.5	1
62697	296	2009	4.0	1
62697	318	2009	4.0	1
62697	344	2009	1.0	1
62697	356	2009	3.5	1
62697	377	2009	2.0	1
62697	413	2009	1.5	1
62697	637	2009	1.0	1
62697	724	2009	1.0	1
62697	858	2009	3.5	1
62697	913	2009	4.5	1
62697	1013	2009	2.0	1
62697	1017	2009	4.5	1
62697	1103	2009	4.0	1
62697	1193	2009	5.0	1
62697	1203	2009	4.5	1
62697	1207	2009	4.0	1
62697	1276	2009	4.0	1
62697	1302	2009	3.5	1
62697	1732	2009	4.0	1
62717	5	2009	3.5	1
62717	105	2009	3.5	1
62717	318	2009	5.0	1
62717	762	2009	2.0	1
62717	785	2009	4.0	1
62717	852	2009	3.5	1
62717	858	2009	5.0	1
62717	1233	2009	4.0	1
62717	1249	2009	3.0	1
62717	1293	2009	4.0	1
62717	1302	2009	3.5	1
62717	1597	2009	3.5	1
62717	1674	2009	3.0	1
62717	1876	2009	3.5	1
62717	2006	2009	4.0	1
62717	2336	2009	3.5	1
62717	2406	2009	3.5	1
62717	2502	2009	4.0	1
62717	2571	2009	4.0	1
62771	48	2009	2.5	1
62771	70	2009	3.0	1
62771	104	2009	3.5	1
62771	105	2009	3.0	1
62771	231	2009	4.0	1
62771	293	2009	4.0	1
62771	296	2009	4.5	1
62771	318	2009	5.0	1
62771	337	2009	4.0	1
62771	356	2009	4.5	1
62771	364	2009	5.0	1
62771	377	2009	3.0	1
62771	455	2009	3.5	1
62771	539	2009	2.5	1
62771	551	2009	4.5	1
62771	555	2009	3.0	1
62771	589	2009	3.0	1
62771	593	2009	3.0	1
62771	785	2009	3.0	1
62771	1035	2009	3.5	1
62771	1042	2009	3.0	1
62771	1193	2009	5.0	1
62771	1200	2009	2.0	1
62771	1201	2009	4.0	1
62771	1214	2009	2.0	1
62771	1216	2009	2.5	1
62771	1220	2009	4.5	1
62771	1246	2009	4.5	1
62771	1258	2009	4.0	1
62771	1380	2009	3.5	1
62771	1393	2009	3.0	1
62771	1485	2009	3.5	1
62771	1544	2009	2.5	1
62771	1644	2009	3.0	1
62771	1704	2009	4.5	1
62771	1916	2009	3.5	1
62771	2296	2009	4.5	1
62771	2329	2009	4.5	1
62771	2571	2009	1.5	1
62783	10	2009	2.5	1
62783	19	2009	2.0	1
62783	32	2009	5.0	1
62783	63	2009	5.0	1
62783	153	2009	3.5	1
62783	165	2009	4.5	1
62783	175	2009	3.5	1
62783	231	2009	4.0	1
62783	296	2009	4.0	1
62783	318	2009	4.5	1
62783	356	2009	4.5	1
62783	364	2009	1.0	1
62783	367	2009	2.5	1
62783	455	2009	0.5	1
62783	527	2009	4.0	1
62783	541	2009	1.5	1
62783	592	2009	2.5	1
62783	648	2009	2.0	1
62783	733	2009	4.0	1
62783	778	2009	4.5	1
62783	780	2009	4.0	1
62783	858	2009	2.5	1
62783	879	2009	2.5	1
62783	1092	2009	1.5	1
62783	1101	2009	0.5	1
62783	1198	2009	2.5	1
62783	1200	2009	3.0	1
62783	1214	2009	2.0	1
62783	1220	2009	2.0	1
62783	1270	2009	3.0	1
62783	1348	2009	1.5	1
62783	1367	2009	0.5	1
62783	1370	2009	4.5	1
62783	1387	2009	1.5	1
62783	1431	2009	1.5	1
62783	1466	2009	4.0	1
62783	1527	2009	2.5	1
62783	1552	2009	2.0	1
62783	1580	2009	3.5	1
62783	1704	2009	4.0	1
62783	1717	2009	3.5	1
62783	1732	2009	5.0	1
62783	2025	2009	3.0	1
62783	2028	2009	3.0	1
62783	2054	2009	1.0	1
62783	2085	2009	0.5	1
62783	2329	2009	2.5	1
62783	2379	2009	2.5	1
62783	2541	2009	3.5	1
62783	2542	2009	3.0	1
62783	2571	2009	4.0	1
62806	1	2009	3.0	1
62806	107	2009	3.0	1
62806	239	2009	4.0	1
62806	312	2009	4.0	1
62806	364	2009	3.0	1
62806	588	2009	3.5	1
62806	709	2009	3.0	1
62806	720	2009	4.5	1
62806	1148	2009	4.5	1
62806	2083	2009	4.0	1
62806	2355	2009	4.0	1
62806	2394	2009	3.5	1
62816	260	2009	5.0	1
62816	362	2009	3.5	1
62816	531	2009	3.0	1
62816	1049	2009	4.5	1
62816	1136	2009	2.0	1
62816	1196	2009	5.0	1
62816	1197	2009	5.0	1
62816	1198	2009	5.0	1
62816	1210	2009	5.0	1
62816	1270	2009	5.0	1
62816	1291	2009	5.0	1
62816	1586	2009	3.5	1
62816	2394	2009	4.5	1
62847	3	2009	3.5	1
62847	7	2009	3.5	1
62847	16	2009	4.0	1
62847	21	2009	3.5	1
62847	25	2009	3.5	1
62847	32	2009	3.0	1
62847	50	2009	3.5	1
62847	95	2009	3.0	1
62847	111	2009	4.5	1
62847	151	2009	4.0	1
62847	165	2009	4.0	1
62847	185	2009	3.5	1
62847	193	2009	2.5	1
62847	266	2009	4.0	1
62847	292	2009	3.0	1
62847	296	2009	4.5	1
62847	315	2009	3.0	1
62847	316	2009	3.5	1
62847	318	2009	4.5	1
62847	339	2009	3.5	1
62847	344	2009	2.5	1
62847	345	2009	3.5	1
62847	350	2009	4.0	1
62847	353	2009	3.0	1
62847	356	2009	4.5	1
62847	362	2009	3.0	1
62847	379	2009	3.5	1
62847	410	2009	3.5	1
62847	436	2009	4.0	1
62847	442	2009	3.5	1
62847	454	2009	4.0	1
62847	474	2009	4.0	1
62847	480	2009	3.5	1
62847	481	2009	3.5	1
62847	491	2009	3.0	1
62847	508	2009	3.5	1
62847	532	2009	3.0	1
62847	539	2009	4.0	1
62847	590	2009	4.0	1
62847	608	2009	4.0	1
62847	762	2009	3.0	1
62847	780	2009	3.5	1
62847	830	2009	2.5	1
62847	910	2009	4.5	1
62847	920	2009	5.0	1
62847	1047	2009	3.5	1
62847	1061	2009	4.0	1
62847	1084	2009	4.0	1
62847	1094	2009	4.0	1
62847	1101	2009	4.0	1
62847	1127	2009	2.5	1
62847	1172	2009	4.5	1
62847	1173	2009	3.0	1
62847	1186	2009	3.0	1
62847	1196	2009	3.5	1
62847	1206	2009	4.5	1
62847	1214	2009	3.0	1
62847	1219	2009	3.5	1
62847	1221	2009	4.5	1
62847	1222	2009	3.5	1
62847	1225	2009	3.0	1
62847	1227	2009	4.0	1
62847	1240	2009	4.0	1
62847	1249	2009	4.5	1
62847	1266	2009	4.0	1
62847	1270	2009	4.0	1
62847	1277	2009	3.0	1
62847	1298	2009	4.0	1
62847	1321	2009	2.0	1
62847	1345	2009	3.5	1
62847	1378	2009	2.5	1
62847	1380	2009	3.5	1
62847	1552	2009	4.0	1
62847	1554	2009	3.5	1
62847	1569	2009	3.5	1
62847	1586	2009	3.5	1
62847	1625	2009	4.0	1
62847	1635	2009	3.0	1
62847	1645	2009	2.5	1
62847	1653	2009	3.0	1
62847	1717	2009	3.0	1
62847	1721	2009	4.0	1
62847	1729	2009	2.5	1
62847	1801	2009	3.5	1
62847	1923	2009	3.5	1
62847	1960	2009	4.5	1
62847	1962	2009	3.5	1
62847	1970	2009	3.0	1
62847	2004	2009	3.5	1
62847	2005	2009	2.0	1
62847	2023	2009	4.0	1
62847	2025	2009	3.0	1
62847	2078	2009	4.5	1
62847	2080	2009	4.0	1
62847	2100	2009	4.0	1
62847	2145	2009	3.0	1
62847	2193	2009	4.0	1
62847	2245	2009	4.0	1
62847	2247	2009	4.0	1
62847	2291	2009	4.5	1
62847	2353	2009	4.0	1
62847	2369	2009	3.5	1
62847	2405	2009	3.0	1
62847	2442	2009	3.5	1
62847	2468	2009	3.5	1
62847	2490	2009	3.0	1
62847	2496	2009	3.0	1
62847	2539	2009	3.5	1
62847	2542	2009	4.0	1
62859	31	2009	3.0	1
62859	110	2009	4.0	1
62859	277	2009	3.0	1
62859	372	2009	2.5	1
62859	455	2009	2.0	1
62859	830	2009	3.0	1
62859	1077	2009	3.5	1
62859	1200	2009	4.0	1
62859	1214	2009	4.0	1
62859	1343	2009	3.5	1
62859	1357	2009	4.0	1
62859	1586	2009	3.0	1
62859	1644	2009	2.0	1
62859	1918	2009	2.5	1
62859	1960	2009	3.0	1
62859	2405	2009	3.0	1
62886	1	2009	4.0	1
62886	10	2009	4.5	1
62886	150	2009	5.0	1
62886	296	2009	4.5	1
62886	318	2009	5.0	1
62886	356	2009	4.5	1
62886	480	2009	4.5	1
62886	491	2009	3.0	1
62886	527	2009	5.0	1
62886	593	2009	5.0	1
62886	912	2009	5.0	1
62886	922	2009	5.0	1
62886	1089	2009	4.0	1
62886	1097	2009	4.0	1
62886	1198	2009	4.5	1
62886	1233	2009	4.5	1
62886	1250	2009	4.5	1
62886	1262	2009	4.5	1
62886	1272	2009	4.5	1
62886	1281	2009	4.0	1
62886	1291	2009	5.0	1
62886	1387	2009	4.5	1
62886	1693	2009	4.0	1
62886	1722	2009	4.0	1
62886	1729	2009	4.5	1
62886	2006	2009	4.0	1
62886	2028	2009	4.5	1
62886	2115	2009	3.5	1
62886	2334	2009	4.5	1
62886	2376	2009	3.5	1
62934	24	2009	2.0	1
62934	31	2009	2.5	1
62934	47	2009	3.5	1
62934	50	2009	5.0	1
62934	246	2009	5.0	1
62934	247	2009	4.5	1
62934	277	2009	3.0	1
62934	296	2009	4.0	1
62934	318	2009	4.0	1
62934	372	2009	3.0	1
62934	455	2009	2.5	1
62934	527	2009	3.5	1
62934	608	2009	5.0	1
62934	724	2009	1.0	1
62934	779	2009	2.0	1
62934	800	2009	4.5	1
62934	914	2009	3.5	1
62934	916	2009	3.5	1
62934	919	2009	4.0	1
62934	923	2009	5.0	1
62934	1042	2009	3.0	1
62934	1089	2009	3.5	1
62934	1193	2009	4.0	1
62934	1207	2009	5.0	1
62934	1228	2009	4.5	1
62934	1242	2009	4.0	1
62934	1247	2009	3.5	1
62934	1259	2009	4.0	1
62934	1271	2009	3.5	1
62934	1357	2009	4.0	1
62934	1513	2009	3.5	1
62934	1617	2009	3.5	1
62934	1704	2009	3.5	1
62934	2019	2009	4.5	1
62934	2289	2009	4.5	1
62934	2324	2009	2.5	1
62934	2329	2009	3.5	1
62934	2427	2009	5.0	1
62934	2571	2009	3.0	1
62950	32	2009	3.0	1
62950	52	2009	2.5	1
62950	107	2009	3.0	1
62950	111	2009	4.5	1
62950	223	2009	2.5	1
62950	230	2009	2.5	1
62950	247	2009	3.5	1
62950	253	2009	1.0	1
62950	300	2009	3.5	1
62950	372	2009	3.0	1
62950	377	2009	2.5	1
62950	441	2009	5.0	1
62950	454	2009	2.5	1
62950	524	2009	2.5	1
62950	539	2009	3.0	1
62950	586	2009	2.5	1
62950	587	2009	2.0	1
62950	593	2009	3.5	1
62950	597	2009	2.5	1
62950	800	2009	3.5	1
62950	805	2009	2.0	1
62950	858	2009	5.0	1
62950	923	2009	5.0	1
62950	968	2009	5.0	1
62950	1077	2009	2.5	1
62950	1089	2009	3.0	1
62950	1129	2009	2.5	1
62950	1193	2009	2.0	1
62950	1198	2009	5.0	1
62950	1206	2009	3.0	1
62950	1210	2009	4.0	1
62950	1230	2009	3.5	1
62950	1246	2009	5.0	1
62950	1357	2009	2.5	1
62950	1358	2009	2.0	1
62950	1377	2009	2.5	1
62950	1378	2009	2.5	1
62950	1407	2009	3.5	1
62950	1500	2009	3.5	1
62950	1729	2009	4.0	1
62950	1784	2009	3.0	1
62950	1805	2009	3.0	1
62950	2064	2009	3.0	1
62950	2115	2009	4.5	1
62950	2145	2009	4.0	1
62950	2359	2009	3.0	1
62950	2420	2009	3.0	1
62950	2427	2009	4.5	1
62976	1	2009	5.0	1
62976	5	2009	3.0	1
62976	150	2009	3.0	1
62976	153	2009	3.0	1
62976	231	2009	3.0	1
62976	260	2009	4.5	1
62976	261	2009	4.5	1
62976	277	2009	5.0	1
62976	296	2009	1.0	1
62976	318	2009	4.0	1
62976	339	2009	4.5	1
62976	344	2009	1.5	1
62976	356	2009	4.0	1
62976	357	2009	4.0	1
62976	364	2009	5.0	1
62976	377	2009	3.5	1
62976	380	2009	4.5	1
62976	457	2009	3.5	1
62976	466	2009	3.0	1
62976	480	2009	5.0	1
62976	485	2009	3.0	1
62976	527	2009	5.0	1
62976	552	2009	3.0	1
62976	588	2009	5.0	1
62976	596	2009	4.0	1
62976	608	2009	4.0	1
62976	648	2009	3.0	1
62976	733	2009	3.0	1
62976	750	2009	3.5	1
62976	780	2009	5.0	1
62976	910	2009	3.5	1
62976	914	2009	3.5	1
62976	919	2009	4.0	1
62976	1089	2009	1.0	1
62976	1097	2009	5.0	1
62976	1196	2009	3.5	1
62976	1198	2009	5.0	1
62976	1210	2009	3.5	1
62976	1270	2009	5.0	1
62976	1393	2009	4.0	1
62976	1580	2009	4.5	1
62976	1674	2009	3.0	1
62976	1722	2009	4.0	1
62976	1831	2009	3.5	1
62976	1917	2009	4.5	1
62976	2001	2009	4.0	1
62976	2105	2009	3.0	1
62976	2174	2009	3.0	1
62976	2407	2009	3.5	1
62976	2424	2009	4.5	1
62976	2470	2009	1.0	1
62976	2571	2009	1.0	1
63004	68	2009	2.5	1
63004	97	2009	4.5	1
63004	175	2009	4.0	1
63004	296	2009	3.0	1
63004	318	2009	5.0	1
63004	778	2009	3.5	1
63004	1111	2009	3.0	1
63004	1365	2009	4.5	1
63004	1644	2009	2.5	1
63004	1717	2009	0.5	1
63004	2116	2009	2.5	1
63004	2162	2009	5.0	1
63004	2542	2009	4.0	1
63017	344	2009	2.5	1
63017	441	2009	4.5	1
63017	555	2009	4.0	1
63017	849	2009	4.0	1
63017	903	2009	5.0	1
63017	924	2009	5.0	1
63017	968	2009	5.0	1
63017	1203	2009	4.5	1
63017	1251	2009	5.0	1
63017	1288	2009	4.5	1
63017	1343	2009	3.5	1
63017	1587	2009	4.5	1
63017	1591	2009	3.5	1
63017	1722	2009	2.5	1
63017	1982	2009	5.0	1
63017	2145	2009	4.0	1
63017	2194	2009	4.5	1
63017	2288	2009	4.5	1
63017	2464	2009	3.0	1
63035	107	2009	4.0	1
63035	1013	2009	3.0	1
63035	1148	2009	4.5	1
63035	1197	2009	5.0	1
63035	1348	2009	3.5	1
63035	2083	2009	3.5	1
63035	2389	2009	4.0	1
63035	2499	2009	4.0	1
63059	17	2009	4.5	1
63059	24	2009	3.5	1
63059	31	2009	3.0	1
63059	39	2009	1.0	1
63059	110	2009	4.0	1
63059	186	2009	3.5	1
63059	266	2009	3.5	1
63059	318	2009	4.0	1
63059	362	2009	2.0	1
63059	455	2009	2.0	1
63059	491	2009	2.0	1
63059	587	2009	2.5	1
63059	588	2009	4.5	1
63059	653	2009	4.5	1
63059	720	2009	0.5	1
63059	724	2009	2.5	1
63059	765	2009	2.5	1
63059	1262	2009	3.0	1
63059	1293	2009	1.0	1
63059	1302	2009	1.5	1
63059	1377	2009	3.0	1
63059	1513	2009	1.5	1
63059	1517	2009	1.0	1
63059	1527	2009	3.0	1
63059	1644	2009	0.5	1
63059	1688	2009	4.0	1
63059	1801	2009	2.5	1
63059	2005	2009	3.0	1
63059	2081	2009	2.5	1
63059	2145	2009	3.0	1
63059	2394	2009	2.5	1
63059	2427	2009	2.5	1
63059	2485	2009	2.5	1
63069	107	2009	3.0	1
63069	123	2009	4.5	1
63069	193	2009	0.5	1
63069	260	2009	4.5	1
63069	293	2009	3.0	1
63069	318	2009	4.0	1
63069	362	2009	4.0	1
63069	441	2009	1.0	1
63069	455	2009	0.5	1
63069	457	2009	3.0	1
63069	527	2009	5.0	1
63069	531	2009	3.5	1
63069	551	2009	4.0	1
63069	593	2009	2.5	1
63069	637	2009	1.0	1
63069	671	2009	0.5	1
63069	720	2009	4.0	1
63069	741	2009	3.0	1
63069	778	2009	0.5	1
63069	1079	2009	1.5	1
63069	1080	2009	3.5	1
63069	1136	2009	4.5	1
63069	1148	2009	4.0	1
63069	1196	2009	4.5	1
63069	1197	2009	3.5	1
63069	1198	2009	4.0	1
63069	1199	2009	1.5	1
63069	1210	2009	4.5	1
63069	1222	2009	3.0	1
63069	1240	2009	2.0	1
63069	1291	2009	4.5	1
63069	1513	2009	0.5	1
63069	1644	2009	0.5	1
63069	1653	2009	4.0	1
63069	1784	2009	4.0	1
63069	1960	2009	2.0	1
63069	2019	2009	5.0	1
63069	2028	2009	4.0	1
63069	2115	2009	1.5	1
63069	2140	2009	2.5	1
63069	2329	2009	3.5	1
63069	2359	2009	3.0	1
63069	2396	2009	5.0	1
63069	2571	2009	3.5	1
63086	333	2009	3.0	1
63086	1215	2009	3.0	1
63086	1954	2009	4.5	1
63086	2409	2009	3.5	1
63086	2410	2009	3.5	1
63100	1	2009	4.0	1
63100	25	2009	4.5	1
63100	32	2009	4.5	1
63100	47	2009	4.0	1
63100	223	2009	4.0	1
63100	231	2009	3.5	1
63100	235	2009	5.0	1
63100	260	2009	4.0	1
63100	296	2009	4.0	1
63100	344	2009	4.0	1
63100	356	2009	3.5	1
63100	410	2009	3.5	1
63100	441	2009	3.0	1
63100	480	2009	2.5	1
63100	532	2009	4.5	1
63100	535	2009	5.0	1
63100	541	2009	5.0	1
63100	562	2009	4.0	1
63100	592	2009	4.5	1
63100	608	2009	5.0	1
63100	720	2009	4.0	1
63100	750	2009	5.0	1
63100	762	2009	1.5	1
63100	830	2009	1.0	1
63100	912	2009	3.5	1
63100	913	2009	4.5	1
63100	923	2009	4.5	1
63100	924	2009	5.0	1
63100	955	2009	4.0	1
63100	968	2009	4.5	1
63100	1032	2009	4.5	1
63100	1073	2009	4.0	1
63100	1089	2009	4.0	1
63100	1120	2009	4.0	1
63100	1136	2009	4.5	1
63100	1193	2009	5.0	1
63100	1196	2009	4.0	1
63100	1197	2009	3.5	1
63100	1198	2009	4.0	1
63100	1199	2009	4.5	1
63100	1201	2009	4.5	1
63100	1206	2009	5.0	1
63100	1208	2009	4.5	1
63100	1210	2009	4.0	1
63100	1212	2009	4.5	1
63100	1220	2009	4.0	1
63100	1245	2009	4.5	1
63100	1252	2009	5.0	1
63100	1257	2009	4.0	1
63100	1265	2009	4.0	1
63100	1270	2009	3.5	1
63100	1285	2009	5.0	1
63100	1394	2009	4.0	1
63100	1464	2009	3.0	1
63100	1644	2009	2.0	1
63100	1722	2009	1.0	1
63100	1732	2009	5.0	1
63100	1875	2009	3.0	1
63100	1950	2009	5.0	1
63100	1965	2009	3.0	1
63100	2072	2009	4.0	1
63100	2076	2009	5.0	1
63100	2124	2009	4.0	1
63100	2144	2009	4.0	1
63100	2291	2009	5.0	1
63100	2361	2009	4.5	1
63100	2395	2009	4.5	1
63100	2478	2009	3.5	1
63100	2502	2009	4.0	1
63100	2571	2009	2.0	1
63134	2482	2009	2.5	1
63237	527	2009	5.0	1
64778	1136	2009	4.0	1
64778	2005	2009	4.0	1
68163	1954	2009	4.0	1
68291	2403	2009	3.0	1
68986	110	2009	3.5	1
68986	590	2009	2.5	1
68986	780	2009	3.0	1
68986	1250	2009	4.5	1
69661	541	2009	4.5	1
69661	1278	2009	4.5	1
69972	1225	2009	4.0	1
70261	165	2009	3.5	1
70261	364	2009	4.5	1
70261	457	2009	3.0	1
70261	1198	2009	4.5	1
70782	2329	2009	4.0	1
70816	401	2009	4.5	1
70816	903	2009	4.5	1
