61664	8363	2009	1.0	1
61664	8371	2009	3.0	1
61664	8373	2009	2.0	1
61664	8464	2009	3.0	1
61664	8529	2009	3.5	1
61664	8531	2009	3.0	1
61664	8622	2009	3.5	1
61664	8645	2009	4.0	1
61664	8796	2009	3.0	1
61664	8807	2009	2.0	1
61664	8860	2009	2.0	1
61664	8865	2009	3.5	1
61664	8870	2009	2.5	1
61664	8907	2009	3.5	1
61664	8917	2009	3.0	1
61664	8972	2009	3.5	1
61664	8974	2009	2.5	1
61664	26492	2009	3.0	1
61664	27808	2009	4.0	1
61664	27822	2009	1.5	1
61664	27904	2009	4.0	1
61664	30816	2009	3.5	1
61664	31685	2009	2.5	1
61664	32598	2009	3.0	1
61664	33495	2009	2.0	1
61664	33615	2009	3.0	1
61664	34767	2009	3.0	1
61664	36397	2009	3.0	1
61664	37382	2009	2.5	1
61664	37384	2009	4.0	1
61664	37857	2009	3.0	1
61664	38798	2009	3.0	1
61664	40574	2009	2.0	1
61664	40851	2009	3.0	1
61664	41571	2009	4.0	1
61664	42011	2009	2.5	1
61664	42738	2009	2.5	1
61664	43904	2009	2.0	1
61664	43919	2009	2.0	1
61664	44828	2009	4.0	1
61664	44974	2009	4.0	1
61664	45081	2009	2.0	1
61664	45501	2009	3.0	1
61664	45672	2009	2.5	1
61664	46948	2009	3.0	1
61664	46970	2009	1.0	1
61664	48416	2009	2.0	1
61664	48518	2009	1.5	1
61664	48560	2009	4.0	1
61664	48593	2009	2.5	1
61664	48596	2009	2.0	1
61664	49274	2009	3.0	1
61664	49647	2009	3.5	1
61664	49961	2009	4.0	1
61664	50601	2009	3.5	1
61664	50798	2009	1.0	1
61664	51084	2009	3.0	1
61664	52287	2009	3.5	1
61664	52644	2009	3.0	1
61664	53972	2009	3.0	1
61664	54004	2009	2.0	1
61664	54771	2009	2.5	1
61675	8368	2009	4.0	1
61675	8622	2009	3.5	1
61675	8640	2009	4.0	1
61675	8907	2009	4.0	1
61675	8965	2009	5.0	1
61675	27338	2009	2.0	1
61675	30793	2009	5.0	1
61675	31878	2009	5.0	1
61675	33166	2009	4.5	1
61675	33493	2009	5.0	1
61675	33660	2009	4.0	1
61675	33679	2009	4.5	1
61675	33794	2009	4.0	1
61675	36401	2009	4.0	1
61675	39446	2009	1.5	1
61675	41566	2009	4.5	1
61675	41571	2009	5.0	1
61675	45722	2009	4.5	1
61675	48394	2009	4.5	1
61675	50872	2009	4.5	1
61675	54001	2009	5.0	1
61699	8360	2009	5.0	1
61699	8368	2009	3.0	1
61699	8636	2009	4.0	1
61699	8731	2009	5.0	1
61699	8783	2009	2.0	1
61699	8810	2009	3.5	1
61699	8916	2009	4.0	1
61699	8957	2009	4.5	1
61699	31427	2009	4.0	1
61699	31658	2009	5.0	1
61699	31696	2009	4.0	1
61699	33615	2009	5.0	1
61699	36519	2009	4.5	1
61699	37382	2009	4.0	1
61699	37830	2009	4.5	1
61699	38061	2009	4.5	1
61699	39446	2009	4.0	1
61699	40815	2009	4.0	1
61699	41566	2009	3.0	1
61699	43871	2009	2.0	1
61699	45722	2009	4.5	1
61699	46335	2009	4.0	1
61699	48877	2009	4.0	1
61699	49278	2009	3.5	1
61699	49649	2009	4.5	1
61699	51077	2009	4.5	1
61699	51086	2009	4.0	1
61699	51412	2009	3.5	1
61699	51662	2009	5.0	1
61699	52722	2009	4.0	1
61699	53121	2009	4.0	1
61699	53125	2009	4.5	1
61699	53996	2009	3.5	1
61699	54001	2009	4.5	1
61721	7981	2009	3.5	1
61721	8132	2009	4.0	1
61721	8157	2009	4.0	1
61721	8169	2009	3.0	1
61721	8340	2009	4.0	1
61721	8360	2009	4.0	1
61721	8370	2009	5.0	1
61721	8464	2009	3.5	1
61721	8529	2009	4.0	1
61721	8596	2009	4.0	1
61721	8636	2009	3.0	1
61721	8644	2009	4.0	1
61721	8783	2009	4.0	1
61721	8810	2009	3.5	1
61721	8873	2009	4.0	1
61721	8874	2009	4.0	1
61721	8914	2009	4.0	1
61721	8949	2009	3.0	1
61721	8950	2009	3.0	1
61721	8957	2009	4.0	1
61721	8961	2009	4.0	1
61721	26547	2009	3.5	1
61721	26606	2009	4.0	1
61721	26614	2009	4.0	1
61721	26776	2009	3.5	1
61721	26865	2009	4.0	1
61721	27317	2009	4.0	1
61721	27721	2009	4.0	1
61721	27727	2009	3.5	1
61721	27728	2009	4.0	1
61721	27772	2009	4.0	1
61721	27773	2009	4.0	1
61721	27788	2009	4.0	1
61721	27869	2009	4.0	1
61721	27904	2009	4.0	1
61721	30707	2009	4.0	1
61721	30749	2009	4.0	1
61721	30812	2009	3.5	1
61721	31364	2009	4.0	1
61721	31410	2009	5.0	1
61721	31658	2009	4.0	1
61721	31660	2009	3.5	1
61721	31705	2009	4.0	1
61721	31900	2009	3.5	1
61721	32395	2009	4.0	1
61721	32587	2009	4.5	1
61721	33162	2009	4.0	1
61721	33166	2009	4.0	1
61721	33437	2009	3.5	1
61721	33493	2009	3.5	1
61721	33794	2009	3.0	1
61721	34143	2009	3.5	1
61721	34319	2009	4.0	1
61721	34405	2009	3.5	1
61721	36517	2009	4.0	1
61721	36529	2009	4.0	1
61721	37733	2009	4.0	1
61721	38038	2009	4.0	1
61721	39183	2009	4.0	1
61721	40339	2009	3.5	1
61721	41285	2009	3.5	1
61721	41997	2009	4.0	1
61721	42723	2009	4.0	1
61721	43376	2009	4.0	1
61721	43921	2009	4.0	1
61721	44191	2009	3.5	1
61721	44195	2009	3.5	1
61721	44204	2009	4.0	1
61721	44397	2009	3.5	1
61721	44555	2009	4.0	1
61721	44665	2009	3.5	1
61721	44974	2009	3.5	1
61721	45210	2009	3.5	1
61721	45499	2009	4.0	1
61721	46322	2009	4.0	1
61721	46559	2009	4.0	1
61721	46578	2009	3.0	1
61721	46948	2009	3.5	1
61721	46976	2009	4.0	1
61721	48304	2009	5.0	1
61721	48394	2009	4.0	1
61721	48516	2009	3.5	1
61721	48738	2009	4.0	1
61721	48744	2009	4.0	1
61721	48774	2009	4.0	1
61721	48780	2009	4.0	1
61721	48872	2009	3.5	1
61721	48982	2009	3.0	1
61721	48997	2009	3.5	1
61721	49274	2009	3.5	1
61721	49530	2009	4.0	1
61721	50068	2009	4.0	1
61721	50872	2009	4.0	1
61721	51091	2009	4.0	1
61721	51255	2009	4.0	1
61721	51471	2009	3.5	1
61721	51540	2009	3.5	1
61721	51662	2009	4.0	1
61721	52042	2009	4.0	1
61721	52281	2009	4.5	1
61721	52328	2009	3.5	1
61721	52885	2009	3.0	1
61721	52975	2009	3.5	1
61721	53318	2009	3.5	1
61721	53435	2009	2.5	1
61721	53519	2009	5.0	1
61721	53550	2009	4.0	1
61721	53894	2009	4.0	1
61721	53956	2009	4.0	1
61721	53996	2009	1.5	1
61721	54272	2009	3.5	1
61721	54286	2009	3.5	1
61721	54995	2009	4.5	1
61721	54997	2009	4.0	1
61741	8132	2009	4.5	1
61741	8376	2009	4.5	1
61741	8528	2009	4.0	1
61741	8641	2009	4.0	1
61741	8961	2009	4.0	1
61741	33004	2009	4.0	1
61741	38061	2009	3.5	1
61777	27266	2009	4.0	1
61777	51662	2009	4.0	1
61777	53000	2009	2.5	1
61777	54997	2009	4.0	1
61780	8636	2009	3.5	1
61780	8810	2009	4.0	1
61780	31445	2009	4.5	1
61780	35836	2009	4.0	1
61780	36708	2009	3.5	1
61780	50189	2009	5.0	1
61780	51086	2009	0.5	1
61780	53000	2009	3.5	1
61780	53993	2009	3.5	1
61832	8602	2009	5.0	1
61832	27904	2009	4.0	1
61832	30810	2009	5.0	1
61832	34405	2009	4.5	1
61832	34437	2009	3.5	1
61832	36517	2009	4.0	1
61832	49272	2009	3.5	1
61839	8935	2009	3.0	1
61839	32019	2009	1.0	1
61839	35836	2009	0.5	1
61839	39715	2009	1.0	1
61839	51662	2009	0.5	1
61839	54190	2009	5.0	1
61869	33615	2009	3.0	1
61869	45431	2009	3.0	1
61875	8132	2009	3.5	1
61875	8361	2009	1.5	1
61875	8464	2009	3.0	1
61875	8636	2009	3.5	1
61875	8644	2009	3.0	1
61875	8665	2009	3.0	1
61875	8807	2009	3.5	1
61875	8810	2009	2.5	1
61875	8874	2009	2.5	1
61875	8949	2009	2.5	1
61875	8961	2009	4.5	1
61875	8984	2009	2.5	1
61875	8985	2009	2.5	1
61875	26614	2009	3.0	1
61875	27611	2009	3.5	1
61875	27706	2009	1.5	1
61875	30749	2009	4.5	1
61875	31221	2009	3.0	1
61875	31878	2009	4.0	1
61875	33166	2009	4.0	1
61875	33493	2009	3.0	1
61875	33679	2009	2.5	1
61875	33794	2009	3.5	1
61875	34150	2009	3.0	1
61875	34162	2009	3.0	1
61875	37384	2009	3.0	1
61875	43836	2009	2.0	1
61875	43917	2009	3.5	1
61875	44191	2009	4.5	1
61875	45499	2009	4.5	1
61875	45517	2009	3.0	1
61875	45722	2009	2.5	1
61875	48385	2009	2.5	1
61875	52435	2009	2.0	1
61875	52722	2009	3.0	1
61875	53996	2009	3.5	1
61875	54272	2009	2.5	1
61875	54286	2009	3.0	1
61875	54503	2009	3.5	1
61880	30898	2009	3.5	1
61880	41566	2009	4.0	1
61888	8810	2009	3.5	1
61888	8914	2009	5.0	1
61888	25977	2009	4.0	1
61888	31156	2009	4.0	1
61888	31160	2009	4.0	1
61888	53000	2009	4.0	1
61926	7879	2009	4.0	1
61926	7983	2009	3.5	1
61926	8132	2009	4.0	1
61926	8266	2009	4.0	1
61926	8340	2009	3.5	1
61926	8360	2009	3.0	1
61926	8366	2009	4.5	1
61926	8373	2009	2.5	1
61926	8464	2009	3.0	1
61926	8493	2009	3.0	1
61926	8528	2009	3.5	1
61926	8623	2009	3.5	1
61926	8633	2009	3.0	1
61926	8666	2009	0.5	1
61926	8690	2009	3.5	1
61926	8781	2009	3.0	1
61926	8784	2009	4.0	1
61926	8830	2009	0.5	1
61926	8870	2009	3.0	1
61926	8880	2009	4.0	1
61926	8910	2009	3.5	1
61926	8912	2009	1.5	1
61926	8917	2009	3.5	1
61926	8937	2009	3.5	1
61926	8949	2009	4.0	1
61926	8958	2009	3.5	1
61926	8970	2009	3.5	1
61926	8972	2009	3.0	1
61926	8974	2009	3.0	1
61926	25788	2009	3.5	1
61926	26345	2009	3.0	1
61926	26398	2009	3.0	1
61926	26425	2009	3.5	1
61926	26462	2009	3.5	1
61926	26485	2009	3.0	1
61926	26555	2009	2.5	1
61926	26680	2009	3.0	1
61926	26870	2009	1.5	1
61926	27706	2009	3.0	1
61926	27822	2009	2.5	1
61926	27904	2009	4.0	1
61926	30707	2009	4.0	1
61926	30810	2009	3.0	1
61926	30812	2009	3.5	1
61926	30820	2009	3.0	1
61926	30825	2009	3.0	1
61926	30883	2009	1.0	1
61926	30991	2009	3.5	1
61926	31420	2009	3.0	1
61926	32587	2009	4.0	1
61926	32596	2009	3.0	1
61926	33166	2009	4.5	1
61926	33646	2009	2.0	1
61926	33660	2009	3.0	1
61926	33669	2009	3.0	1
61926	33672	2009	4.0	1
61926	34048	2009	4.0	1
61926	34072	2009	4.0	1
61926	34153	2009	4.5	1
61926	34321	2009	2.5	1
61926	34437	2009	4.0	1
61926	34520	2009	1.5	1
61926	35836	2009	3.0	1
61926	37477	2009	2.0	1
61926	37727	2009	3.0	1
61926	37741	2009	3.5	1
61926	39307	2009	3.0	1
61926	39444	2009	1.0	1
61926	40278	2009	4.0	1
61926	40583	2009	4.5	1
61926	40946	2009	4.5	1
61926	41716	2009	3.5	1
61926	41997	2009	4.0	1
61926	42009	2009	2.5	1
61926	43396	2009	3.5	1
61926	43869	2009	2.0	1
61926	43871	2009	3.5	1
61926	43936	2009	3.0	1
61926	44004	2009	1.5	1
61926	44193	2009	2.0	1
61926	44195	2009	4.0	1
61926	44397	2009	1.5	1
61926	44665	2009	3.0	1
61926	44864	2009	3.0	1
61926	44974	2009	3.0	1
61926	45028	2009	3.0	1
61926	45062	2009	3.0	1
61926	45186	2009	2.0	1
61926	45210	2009	2.5	1
61926	45382	2009	3.0	1
61926	45447	2009	3.0	1
61926	45501	2009	2.0	1
61926	45672	2009	2.5	1
61926	45720	2009	3.0	1
61926	45730	2009	2.5	1
61926	45732	2009	1.5	1
61926	45950	2009	3.5	1
61926	46578	2009	4.0	1
61926	46723	2009	3.5	1
61926	46970	2009	3.0	1
61926	46972	2009	3.0	1
61926	46976	2009	3.5	1
61926	47099	2009	3.5	1
61926	47122	2009	1.5	1
61926	47423	2009	3.5	1
61926	47629	2009	4.0	1
61926	47950	2009	2.5	1
61926	48161	2009	2.5	1
61926	48304	2009	4.0	1
61926	48319	2009	2.0	1
61926	48322	2009	3.5	1
61926	48385	2009	4.0	1
61926	48394	2009	4.0	1
61926	48416	2009	3.0	1
61926	48520	2009	1.5	1
61926	48593	2009	2.5	1
61926	48738	2009	4.5	1
61926	48783	2009	2.5	1
61926	49220	2009	3.5	1
61926	49278	2009	3.5	1
61926	49280	2009	3.5	1
61926	49284	2009	4.0	1
61926	49347	2009	3.5	1
61926	49651	2009	2.0	1
61926	49793	2009	3.5	1
61926	49822	2009	4.0	1
61926	49910	2009	3.5	1
61926	49957	2009	3.0	1
61926	49961	2009	3.0	1
61926	50794	2009	2.0	1
61926	50804	2009	0.5	1
61926	50851	2009	3.5	1
61926	51080	2009	3.5	1
61926	51086	2009	3.0	1
61926	51088	2009	3.0	1
61926	51540	2009	3.0	1
61926	51575	2009	2.0	1
61926	51935	2009	3.0	1
61926	52245	2009	3.0	1
61926	52281	2009	3.5	1
61926	52287	2009	3.0	1
61926	52458	2009	2.0	1
61926	52604	2009	2.0	1
61926	52975	2009	3.5	1
61926	53000	2009	3.5	1
61926	53121	2009	2.5	1
61926	53322	2009	2.5	1
61926	53519	2009	3.5	1
61926	53550	2009	3.5	1
61926	53972	2009	3.0	1
61926	53993	2009	2.5	1
61926	53996	2009	3.5	1
61926	54004	2009	1.5	1
61926	54256	2009	2.0	1
61926	54281	2009	1.0	1
61926	54513	2009	4.0	1
61926	54732	2009	2.5	1
61926	54736	2009	3.5	1
61926	54997	2009	3.5	1
61968	8360	2009	3.0	1
61968	8368	2009	4.0	1
61968	8464	2009	3.0	1
61968	8526	2009	3.0	1
61968	8529	2009	4.0	1
61968	8533	2009	4.0	1
61968	8644	2009	4.0	1
61968	8665	2009	3.5	1
61968	8861	2009	3.0	1
61968	8907	2009	3.0	1
61968	8947	2009	2.0	1
61968	8957	2009	4.0	1
61968	8961	2009	3.0	1
61968	8970	2009	4.0	1
61968	27788	2009	4.0	1
61968	27838	2009	3.5	1
61968	27839	2009	4.5	1
61968	30749	2009	4.0	1
61968	30793	2009	4.0	1
61968	30825	2009	3.0	1
61968	31424	2009	2.0	1
61968	31685	2009	3.0	1
61968	32029	2009	3.0	1
61968	33166	2009	3.5	1
61968	33437	2009	4.5	1
61968	33493	2009	5.0	1
61968	33615	2009	3.0	1
61968	33646	2009	3.0	1
61968	33679	2009	4.0	1
61968	34048	2009	4.0	1
61968	34072	2009	3.0	1
61968	37727	2009	3.0	1
61968	37729	2009	5.0	1
61968	39183	2009	4.0	1
61968	39446	2009	3.0	1
61968	40278	2009	4.0	1
61968	40815	2009	5.0	1
61968	41566	2009	4.0	1
61968	42723	2009	1.0	1
61968	42734	2009	3.0	1
61968	43679	2009	2.0	1
61968	43936	2009	3.0	1
61968	44022	2009	4.0	1
61968	44191	2009	4.0	1
61968	44199	2009	3.0	1
61968	44761	2009	5.0	1
61968	44972	2009	2.0	1
61968	44974	2009	4.0	1
61968	45210	2009	3.0	1
61968	45431	2009	4.0	1
61968	45447	2009	3.0	1
61968	45672	2009	3.0	1
61968	45722	2009	4.0	1
61968	46974	2009	4.0	1
61968	47382	2009	4.0	1
61968	47610	2009	4.0	1
61968	48394	2009	5.0	1
61968	48774	2009	4.5	1
61968	48877	2009	3.0	1
61968	49274	2009	4.5	1
61968	50872	2009	4.5	1
61968	51086	2009	4.0	1
61968	51662	2009	4.0	1
61968	51698	2009	3.0	1
61968	52042	2009	4.5	1
61968	52458	2009	4.0	1
61968	52694	2009	2.0	1
61968	52952	2009	5.0	1
61968	53121	2009	3.0	1
61968	53125	2009	4.0	1
61968	53519	2009	1.0	1
61968	53953	2009	4.0	1
61968	53972	2009	3.0	1
61968	53996	2009	3.5	1
61968	54001	2009	5.0	1
61968	54286	2009	3.5	1
61985	8132	2009	5.0	1
61985	8360	2009	3.5	1
61985	8361	2009	3.5	1
61985	8369	2009	3.5	1
61985	8372	2009	2.5	1
61985	8376	2009	2.5	1
61985	8531	2009	3.0	1
61985	8581	2009	4.0	1
61985	8622	2009	4.0	1
61985	8644	2009	4.0	1
61985	8665	2009	5.0	1
61985	8666	2009	2.0	1
61985	8784	2009	3.5	1
61985	8798	2009	4.0	1
61985	8860	2009	3.5	1
61985	8866	2009	3.5	1
61985	8874	2009	4.0	1
61985	8907	2009	3.0	1
61985	8957	2009	4.5	1
61985	8961	2009	4.0	1
61985	8972	2009	4.0	1
61985	8981	2009	4.0	1
61985	8984	2009	3.5	1
61985	26614	2009	5.0	1
61985	27706	2009	3.0	1
61985	27788	2009	4.0	1
61985	27904	2009	3.0	1
61985	30749	2009	5.0	1
61985	31685	2009	4.5	1
61985	32029	2009	3.0	1
61985	32031	2009	3.5	1
61985	32587	2009	4.5	1
61985	33004	2009	3.5	1
61985	33145	2009	3.0	1
61985	33166	2009	4.5	1
61985	33499	2009	3.0	1
61985	33615	2009	3.5	1
61985	33679	2009	3.0	1
61985	33794	2009	3.5	1
61985	33836	2009	2.0	1
61985	34048	2009	2.5	1
61985	34162	2009	4.0	1
61985	34319	2009	4.0	1
61985	34405	2009	4.0	1
61985	35836	2009	3.0	1
61985	36397	2009	3.0	1
61985	36401	2009	2.5	1
61985	36519	2009	4.0	1
61985	36529	2009	3.5	1
61985	37731	2009	4.0	1
61985	38038	2009	2.0	1
61985	40148	2009	1.5	1
61985	41285	2009	3.5	1
61985	41997	2009	3.0	1
61985	42723	2009	1.5	1
61985	42734	2009	4.0	1
61985	44004	2009	3.5	1
61985	44022	2009	3.5	1
61985	44191	2009	4.5	1
61985	44193	2009	3.0	1
61985	44665	2009	4.0	1
61985	45186	2009	4.5	1
61985	45431	2009	3.5	1
61985	45447	2009	3.0	1
61985	45501	2009	4.0	1
61985	45517	2009	4.0	1
61985	45672	2009	3.5	1
61985	45722	2009	4.5	1
61985	47200	2009	3.5	1
61985	47382	2009	3.5	1
61985	47610	2009	4.0	1
61985	47997	2009	1.5	1
61985	48304	2009	3.5	1
61985	48385	2009	4.0	1
61985	48414	2009	3.5	1
61985	48516	2009	4.0	1
61985	48774	2009	4.0	1
61985	48780	2009	5.0	1
61985	49272	2009	4.5	1
61985	49274	2009	3.5	1
61985	49278	2009	3.5	1
61985	49530	2009	4.5	1
61985	50794	2009	3.0	1
61985	50798	2009	2.0	1
61985	50872	2009	4.5	1
61985	51077	2009	3.0	1
61985	51084	2009	3.5	1
61985	51255	2009	4.0	1
61985	51540	2009	3.5	1
61985	51662	2009	4.5	1
61985	51903	2009	3.0	1
61985	51935	2009	4.0	1
61985	52604	2009	3.5	1
61985	52973	2009	4.0	1
61985	53000	2009	4.0	1
61985	53121	2009	2.5	1
61985	53125	2009	3.5	1
61985	53207	2009	3.5	1
61985	53322	2009	2.5	1
61985	53460	2009	3.5	1
61985	53972	2009	3.5	1
61985	53996	2009	4.0	1
61985	54259	2009	5.0	1
61985	54276	2009	3.5	1
61985	54286	2009	5.0	1
61985	54648	2009	4.0	1
61985	54736	2009	4.0	1
61985	54997	2009	3.5	1
61985	54999	2009	2.5	1
62019	8360	2009	4.0	1
62019	8961	2009	4.0	1
62019	33794	2009	3.0	1
62019	51662	2009	0.5	1
62019	53953	2009	3.5	1
62027	8665	2009	5.0	1
62027	8781	2009	4.5	1
62027	8807	2009	5.0	1
62027	8810	2009	3.0	1
62027	8815	2009	3.0	1
62027	8984	2009	5.0	1
62027	26555	2009	5.0	1
62027	33794	2009	5.0	1
62027	45186	2009	3.0	1
62027	47099	2009	5.0	1
62027	49530	2009	5.0	1
62027	51277	2009	4.0	1
62027	51662	2009	3.0	1
62027	53322	2009	5.0	1
62027	54286	2009	5.0	1
62042	8910	2009	1.0	1
62042	8961	2009	3.0	1
62042	27826	2009	2.5	1
62042	39183	2009	4.5	1
62042	40629	2009	4.5	1
62042	40815	2009	4.0	1
62042	42004	2009	4.0	1
62042	44191	2009	3.5	1
62042	46578	2009	4.5	1
62042	49957	2009	5.0	1
62042	54796	2009	0.5	1
62046	27020	2009	3.0	1
62046	31685	2009	5.0	1
62046	32029	2009	4.0	1
62046	41571	2009	4.0	1
62046	53207	2009	3.0	1
62046	53972	2009	4.5	1
62046	54259	2009	4.5	1
62046	54276	2009	4.0	1
62046	54286	2009	4.5	1
62064	8533	2009	3.0	1
62064	8836	2009	4.5	1
62064	8970	2009	4.5	1
62064	30749	2009	4.5	1
62064	33166	2009	4.5	1
62064	40629	2009	5.0	1
62064	41571	2009	5.0	1
62064	41769	2009	5.0	1
62064	46578	2009	3.5	1
62064	48082	2009	5.0	1
62064	48394	2009	4.5	1
62064	48516	2009	4.0	1
62064	48780	2009	4.0	1
62064	54001	2009	4.0	1
62064	54190	2009	5.0	1
62064	54259	2009	4.5	1
62077	8169	2009	3.0	1
62077	8636	2009	2.0	1
62077	35836	2009	3.5	1
62077	51498	2009	0.5	1
62099	8645	2009	3.5	1
62099	8784	2009	4.0	1
62099	8873	2009	4.0	1
62099	8910	2009	4.0	1
62099	8973	2009	5.0	1
62099	27803	2009	4.5	1
62099	27857	2009	4.0	1
62099	30810	2009	5.0	1
62099	33880	2009	4.5	1
62099	37386	2009	2.5	1
62099	38886	2009	4.5	1
62099	39183	2009	4.0	1
62099	41527	2009	5.0	1
62099	46578	2009	4.0	1
62099	46723	2009	4.0	1
62099	48394	2009	4.5	1
62099	52952	2009	4.0	1
62107	7925	2009	4.5	1
62107	8340	2009	4.5	1
62107	8360	2009	4.5	1
62107	8368	2009	3.5	1
62107	8376	2009	4.0	1
62107	8528	2009	4.0	1
62107	8865	2009	3.5	1
62107	8874	2009	4.0	1
62107	8957	2009	4.5	1
62107	8961	2009	4.0	1
62107	26776	2009	3.5	1
62107	31658	2009	3.0	1
62107	32587	2009	4.0	1
62107	33004	2009	3.5	1
62107	33794	2009	4.0	1
62107	45517	2009	3.0	1
62107	45722	2009	3.5	1
62107	48385	2009	4.0	1
62107	48516	2009	4.0	1
62107	51372	2009	3.0	1
62107	52435	2009	3.5	1
62107	54272	2009	4.0	1
62112	7983	2009	5.0	1
62112	8464	2009	5.0	1
62112	8533	2009	5.0	1
62112	8623	2009	3.5	1
62112	8784	2009	4.0	1
62112	8874	2009	5.0	1
62112	26680	2009	3.5	1
62112	33166	2009	2.5	1
62112	33615	2009	3.5	1
62112	34338	2009	5.0	1
62112	35836	2009	3.5	1
62112	39183	2009	5.0	1
62112	39414	2009	4.0	1
62112	42723	2009	5.0	1
62112	45666	2009	3.5	1
62112	47997	2009	5.0	1
62112	48774	2009	5.0	1
62112	48877	2009	5.0	1
62112	51662	2009	5.0	1
62112	52722	2009	3.5	1
62112	52973	2009	4.5	1
62112	53953	2009	3.5	1
62112	54001	2009	5.0	1
62112	54286	2009	1.5	1
62154	8528	2009	2.5	1
62154	8665	2009	4.0	1
62154	8784	2009	4.5	1
62154	8972	2009	2.0	1
62154	30812	2009	3.5	1
62154	32587	2009	3.0	1
62154	33166	2009	3.5	1
62154	33679	2009	3.0	1
62154	33794	2009	4.5	1
62154	34162	2009	3.0	1
62154	35836	2009	3.5	1
62154	37733	2009	4.0	1
62154	44665	2009	3.0	1
62154	46530	2009	3.0	1
62185	8636	2009	2.5	1
62185	8784	2009	3.5	1
62185	8950	2009	5.0	1
62185	25771	2009	4.5	1
62185	30749	2009	3.5	1
62185	30822	2009	3.0	1
62185	31410	2009	4.5	1
62185	32587	2009	3.0	1
62185	33154	2009	4.5	1
62185	33166	2009	3.0	1
62185	33794	2009	5.0	1
62185	36517	2009	4.0	1
62185	36535	2009	3.0	1
62185	37741	2009	4.0	1
62185	38038	2009	3.5	1
62185	40819	2009	4.5	1
62185	44191	2009	5.0	1
62185	44195	2009	2.0	1
62185	44199	2009	4.5	1
62185	44694	2009	5.0	1
62185	45928	2009	5.0	1
62185	46578	2009	4.5	1
62185	46976	2009	4.5	1
62185	47999	2009	4.0	1
62185	48394	2009	5.0	1
62185	48516	2009	4.5	1
62185	48696	2009	4.5	1
62185	48774	2009	4.0	1
62185	49530	2009	3.0	1
62185	49961	2009	4.0	1
62185	50872	2009	3.5	1
62185	51540	2009	4.5	1
62200	35836	2009	4.0	1
62200	40629	2009	5.0	1
62200	54190	2009	4.5	1
62203	27904	2009	3.5	1
62203	32587	2009	4.5	1
62203	33004	2009	2.0	1
62203	44665	2009	4.5	1
62203	45728	2009	4.0	1
62223	8665	2009	4.0	1
62223	8783	2009	3.0	1
62223	8798	2009	2.0	1
62223	8799	2009	2.5	1
62223	8807	2009	3.0	1
62223	8814	2009	2.0	1
62223	8866	2009	3.0	1
62223	8981	2009	1.0	1
62223	30812	2009	2.5	1
62223	31696	2009	3.0	1
62223	32017	2009	0.5	1
62223	33493	2009	3.0	1
62223	33495	2009	2.5	1
62223	33794	2009	4.0	1
62223	33836	2009	1.5	1
62223	34048	2009	3.5	1
62223	34150	2009	2.5	1
62223	34162	2009	3.0	1
62223	34319	2009	3.5	1
62223	34520	2009	1.5	1
62223	42418	2009	0.5	1
62223	45501	2009	2.0	1
62223	45950	2009	1.0	1
62223	46970	2009	1.0	1
62223	46976	2009	2.5	1
62223	47610	2009	3.0	1
62223	53996	2009	3.5	1
62223	54286	2009	4.0	1
62223	54503	2009	3.5	1
62249	7879	2009	4.0	1
62249	8011	2009	3.5	1
62249	8264	2009	4.5	1
62249	8366	2009	4.0	1
62249	8464	2009	5.0	1
62249	8622	2009	5.0	1
62249	8638	2009	4.0	1
62249	8641	2009	3.0	1
62249	8753	2009	3.0	1
62249	8784	2009	4.0	1
62249	8872	2009	2.5	1
62249	8874	2009	3.0	1
62249	8910	2009	3.5	1
62249	8938	2009	3.5	1
62249	8966	2009	3.5	1
62249	8987	2009	3.0	1
62249	26680	2009	4.0	1
62249	27391	2009	3.5	1
62249	27846	2009	4.0	1
62249	27850	2009	2.5	1
62249	27878	2009	3.0	1
62249	27904	2009	4.5	1
62249	27912	2009	3.0	1
62249	30793	2009	1.0	1
62249	32582	2009	3.0	1
62249	33154	2009	2.5	1
62249	33166	2009	4.0	1
62249	33171	2009	4.5	1
62249	33880	2009	4.0	1
62249	34162	2009	0.5	1
62249	34338	2009	2.0	1
62249	35836	2009	2.5	1
62249	36477	2009	3.5	1
62249	36523	2009	4.0	1
62249	36537	2009	2.5	1
62249	38499	2009	4.0	1
62249	39183	2009	3.5	1
62249	39292	2009	3.5	1
62249	40946	2009	3.0	1
62249	42004	2009	5.0	1
62249	44195	2009	3.5	1
62249	44633	2009	3.5	1
62249	44694	2009	4.5	1
62249	44788	2009	4.0	1
62249	45106	2009	3.5	1
62249	45666	2009	1.0	1
62249	45720	2009	1.5	1
62249	45728	2009	3.5	1
62249	45928	2009	2.5	1
62249	45950	2009	5.0	1
62249	46574	2009	1.5	1
62249	46578	2009	4.0	1
62249	46976	2009	4.0	1
62249	47423	2009	3.5	1
62249	47999	2009	4.5	1
62249	48082	2009	4.0	1
62249	48385	2009	2.5	1
62249	48698	2009	4.5	1
62249	48741	2009	3.5	1
62249	48744	2009	3.0	1
62249	49132	2009	3.5	1
62249	50685	2009	2.5	1
62249	51088	2009	3.5	1
62249	52838	2009	5.0	1
62249	52973	2009	2.5	1
62249	52975	2009	1.5	1
62249	53123	2009	3.0	1
62249	53894	2009	5.0	1
62249	54281	2009	3.0	1
62249	54796	2009	3.0	1
62272	8633	2009	4.0	1
62272	34405	2009	4.5	1
62279	8373	2009	3.0	1
62279	8808	2009	2.5	1
62279	32296	2009	2.5	1
62279	33679	2009	5.0	1
62279	33836	2009	3.5	1
62279	36525	2009	3.5	1
62279	37382	2009	3.0	1
62279	39231	2009	4.0	1
62279	45720	2009	4.0	1
62279	45880	2009	3.0	1
62279	46578	2009	4.0	1
62279	51084	2009	3.0	1
62279	53125	2009	4.0	1
62329	30810	2009	5.0	1
62329	33672	2009	4.5	1
62329	40946	2009	4.5	1
62329	44193	2009	1.5	1
62329	44633	2009	4.0	1
62329	47099	2009	4.0	1
62329	48304	2009	3.5	1
62329	49396	2009	3.5	1
62329	54190	2009	4.0	1
62354	54272	2009	2.5	1
62371	49007	2009	3.5	1
62381	26131	2009	4.0	1
62381	26152	2009	1.0	1
62381	30812	2009	2.5	1
62381	32721	2009	3.0	1
62381	34338	2009	2.0	1
62381	46723	2009	3.5	1
62387	8464	2009	3.0	1
62387	8529	2009	4.5	1
62387	8622	2009	3.5	1
62387	8665	2009	4.5	1
62387	8860	2009	5.0	1
62387	8916	2009	4.0	1
62387	8977	2009	3.5	1
62387	8984	2009	4.5	1
62387	30812	2009	3.5	1
62387	30825	2009	4.5	1
62387	31427	2009	4.0	1
62387	31685	2009	4.5	1
62387	33493	2009	3.0	1
62387	33679	2009	4.0	1
62387	35836	2009	2.5	1
62387	37727	2009	4.5	1
62387	39715	2009	1.5	1
62387	44022	2009	5.0	1
62387	45186	2009	4.0	1
62387	45447	2009	3.0	1
62387	47099	2009	5.0	1
62387	49272	2009	4.0	1
62387	50872	2009	3.0	1
62387	51412	2009	4.5	1
62387	51925	2009	4.5	1
62387	53322	2009	4.0	1
62387	54286	2009	4.0	1
62394	8169	2009	4.0	1
62394	8183	2009	4.0	1
62394	8207	2009	3.5	1
62394	8341	2009	4.0	1
62394	8528	2009	1.5	1
62394	8533	2009	5.0	1
62394	8614	2009	3.5	1
62394	8622	2009	2.5	1
62394	8644	2009	3.5	1
62394	8731	2009	0.5	1
62394	8781	2009	4.0	1
62394	8783	2009	2.0	1
62394	8866	2009	3.0	1
62394	8947	2009	2.0	1
62394	8957	2009	4.0	1
62394	27772	2009	3.5	1
62394	27790	2009	3.5	1
62394	27831	2009	4.5	1
62394	30810	2009	1.0	1
62394	30825	2009	3.0	1
62394	31427	2009	2.5	1
62394	31685	2009	2.5	1
62394	31696	2009	3.0	1
62394	32029	2009	2.5	1
62394	33004	2009	3.5	1
62394	34048	2009	2.5	1
62394	34162	2009	3.5	1
62394	34319	2009	2.5	1
62394	34323	2009	3.5	1
62394	34336	2009	2.5	1
62394	35957	2009	2.0	1
62394	37382	2009	2.5	1
62394	38798	2009	2.5	1
62394	40723	2009	3.5	1
62394	40732	2009	4.0	1
62394	43936	2009	3.0	1
62394	44191	2009	4.0	1
62394	44397	2009	3.0	1
62394	44974	2009	4.0	1
62394	45720	2009	4.0	1
62394	45722	2009	3.5	1
62394	45732	2009	0.5	1
62394	46723	2009	5.0	1
62394	46972	2009	1.5	1
62394	47610	2009	4.5	1
62394	48516	2009	4.5	1
62394	48593	2009	2.5	1
62394	48774	2009	3.0	1
62394	48780	2009	5.0	1
62394	49272	2009	3.0	1
62394	49278	2009	2.5	1
62394	49530	2009	5.0	1
62394	49910	2009	4.0	1
62394	51662	2009	2.0	1
62394	53129	2009	4.0	1
62394	53953	2009	3.5	1
62394	53956	2009	4.5	1
62394	54997	2009	4.5	1
62401	7980	2009	3.0	1
62401	8636	2009	2.5	1
62401	8638	2009	5.0	1
62401	8644	2009	3.0	1
62401	27611	2009	5.0	1
62401	30749	2009	4.0	1
62401	48774	2009	4.5	1
62401	49272	2009	3.5	1
62401	54286	2009	5.0	1
62432	8636	2009	2.0	1
62432	8961	2009	4.0	1
62432	26662	2009	4.5	1
62432	31658	2009	4.5	1
62432	44195	2009	4.5	1
62432	46578	2009	5.0	1
62432	48394	2009	4.5	1
62432	52435	2009	3.0	1
62432	52952	2009	5.0	1
62436	8636	2009	2.0	1
62436	51662	2009	3.5	1
62444	8848	2009	4.0	1
62444	8948	2009	3.5	1
62444	30803	2009	4.0	1
62444	48326	2009	2.0	1
62444	51662	2009	2.0	1
62444	53953	2009	3.5	1
62444	54796	2009	3.5	1
62467	7923	2009	4.0	1
62467	8265	2009	2.0	1
62467	8360	2009	4.5	1
62467	8491	2009	4.0	1
62467	8765	2009	3.5	1
62467	8807	2009	4.0	1
62467	8950	2009	4.5	1
62467	25929	2009	4.5	1
62467	26242	2009	4.0	1
62467	27674	2009	4.5	1
62467	30846	2009	5.0	1
62467	33794	2009	3.5	1
62467	34645	2009	4.0	1
62467	37733	2009	4.5	1
62467	42723	2009	4.0	1
62467	44911	2009	1.0	1
62467	52281	2009	5.0	1
62467	53519	2009	5.0	1
62467	54881	2009	4.0	1
62474	33834	2009	3.5	1
62474	37733	2009	3.5	1
62474	42004	2009	3.5	1
62474	42011	2009	3.0	1
62474	53519	2009	3.5	1
62510	7925	2009	5.0	1
62510	8128	2009	4.0	1
62510	8535	2009	3.0	1
62510	8873	2009	4.0	1
62510	8951	2009	3.5	1
62510	8961	2009	3.5	1
62510	25763	2009	5.0	1
62510	26472	2009	3.5	1
62510	27803	2009	4.0	1
62510	27834	2009	4.5	1
62510	27878	2009	4.0	1
62510	30749	2009	4.0	1
62510	34148	2009	3.0	1
62510	37741	2009	3.5	1
62510	38886	2009	4.0	1
62510	39292	2009	4.5	1
62510	40414	2009	4.5	1
62510	42094	2009	5.0	1
62510	44555	2009	5.0	1
62510	44694	2009	4.0	1
62510	46850	2009	4.0	1
62510	46976	2009	4.5	1
62510	48394	2009	4.5	1
62510	49772	2009	4.0	1
62510	49961	2009	4.0	1
62510	50872	2009	3.5	1
62510	52042	2009	3.5	1
62510	52435	2009	4.0	1
62510	52967	2009	3.5	1
62521	8360	2009	3.5	1
62521	8361	2009	2.5	1
62521	8533	2009	4.0	1
62521	8636	2009	4.0	1
62521	30816	2009	4.5	1
62521	34162	2009	3.5	1
62521	36519	2009	4.0	1
62521	38038	2009	4.5	1
62521	41566	2009	5.0	1
62521	44199	2009	4.0	1
62521	45517	2009	4.0	1
62521	45668	2009	4.0	1
62521	47629	2009	3.0	1
62521	48877	2009	0.5	1
62521	50601	2009	4.5	1
62521	52435	2009	5.0	1
62521	52722	2009	4.0	1
62521	53125	2009	3.5	1
62521	54272	2009	0.5	1
62533	41566	2009	5.0	1
62533	48394	2009	5.0	1
62561	8157	2009	2.0	1
62561	8368	2009	3.0	1
62561	8665	2009	4.0	1
62561	8961	2009	3.5	1
62561	8965	2009	2.5	1
62561	8972	2009	3.0	1
62561	26614	2009	4.0	1
62561	26662	2009	2.5	1
62561	26776	2009	3.5	1
62561	27706	2009	3.5	1
62561	31658	2009	3.5	1
62561	33679	2009	3.5	1
62561	36401	2009	3.0	1
62561	38038	2009	4.0	1
62561	39435	2009	2.5	1
62561	43560	2009	3.5	1
62561	54286	2009	4.5	1
62591	8169	2009	1.5	1
62591	8368	2009	2.0	1
62591	8644	2009	2.5	1
62591	8873	2009	3.5	1
62591	8965	2009	1.5	1
62591	30850	2009	2.5	1
62591	31410	2009	4.5	1
62591	33004	2009	2.0	1
62591	37736	2009	3.0	1
62591	40414	2009	3.5	1
62591	40629	2009	2.5	1
62591	41566	2009	3.0	1
62591	41997	2009	3.0	1
62591	43936	2009	1.5	1
62591	44191	2009	3.0	1
62591	44555	2009	4.5	1
62591	45447	2009	2.5	1
62591	46578	2009	3.5	1
62591	46723	2009	3.0	1
62591	48774	2009	2.0	1
62591	48780	2009	3.0	1
62591	49647	2009	2.5	1
62591	51662	2009	2.5	1
62591	54286	2009	3.0	1
62592	48516	2009	5.0	1
62636	8360	2009	3.5	1
62636	8366	2009	3.5	1
62636	8368	2009	3.5	1
62636	8376	2009	2.0	1
62636	8530	2009	3.5	1
62636	8533	2009	4.0	1
62636	8636	2009	3.0	1
62636	8642	2009	3.0	1
62636	8644	2009	3.5	1
62636	8784	2009	5.0	1
62636	8799	2009	3.5	1
62636	8810	2009	3.0	1
62636	8874	2009	3.5	1
62636	8957	2009	3.5	1
62636	8961	2009	3.5	1
62636	8965	2009	3.0	1
62636	8970	2009	4.0	1
62636	8974	2009	3.0	1
62636	8981	2009	3.5	1
62636	26084	2009	4.0	1
62636	26133	2009	3.0	1
62636	27685	2009	3.0	1
62636	27706	2009	3.0	1
62636	30707	2009	3.5	1
62636	30793	2009	4.0	1
62636	30810	2009	0.5	1
62636	31422	2009	2.5	1
62636	31685	2009	3.0	1
62636	31694	2009	3.5	1
62636	32031	2009	3.5	1
62636	33138	2009	4.0	1
62636	33669	2009	3.5	1
62636	33679	2009	2.5	1
62636	33794	2009	4.5	1
62636	33880	2009	4.0	1
62636	34072	2009	3.5	1
62636	34162	2009	2.5	1
62636	34332	2009	3.0	1
62636	34405	2009	3.5	1
62636	35836	2009	2.5	1
62636	36401	2009	3.0	1
62636	37729	2009	3.5	1
62636	37733	2009	3.5	1
62636	38038	2009	3.5	1
62636	38061	2009	5.0	1
62636	38798	2009	3.0	1
62636	39446	2009	3.5	1
62636	40339	2009	3.5	1
62636	40815	2009	3.5	1
62636	40819	2009	3.5	1
62636	40826	2009	4.0	1
62636	40851	2009	3.0	1
62636	41566	2009	3.5	1
62636	41569	2009	3.5	1
62636	41571	2009	3.5	1
62636	42009	2009	3.0	1
62636	43460	2009	2.0	1
62636	43560	2009	3.0	1
62636	43917	2009	3.0	1
62636	44022	2009	3.0	1
62636	44191	2009	4.5	1
62636	44193	2009	3.5	1
62636	44195	2009	4.5	1
62636	44665	2009	4.0	1
62636	44709	2009	3.5	1
62636	44840	2009	3.0	1
62636	45081	2009	2.5	1
62636	45175	2009	4.0	1
62636	45208	2009	3.0	1
62636	45431	2009	3.0	1
62636	45499	2009	3.0	1
62636	45517	2009	3.5	1
62636	45666	2009	3.0	1
62636	45720	2009	3.5	1
62636	45722	2009	3.5	1
62636	45726	2009	3.0	1
62636	45732	2009	3.0	1
62636	45880	2009	3.5	1
62636	45950	2009	4.0	1
62636	46578	2009	4.0	1
62636	46948	2009	3.5	1
62636	46965	2009	3.0	1
62636	46970	2009	3.0	1
62636	46976	2009	3.0	1
62636	47099	2009	3.5	1
62636	47122	2009	3.0	1
62636	47610	2009	4.0	1
62636	47629	2009	3.5	1
62636	48342	2009	4.0	1
62636	48394	2009	3.0	1
62636	48696	2009	4.0	1
62636	48780	2009	4.0	1
62636	48877	2009	3.5	1
62636	48997	2009	3.5	1
62636	49272	2009	3.5	1
62636	49286	2009	3.0	1
62636	49649	2009	3.0	1
62636	50601	2009	3.5	1
62636	50685	2009	4.5	1
62636	50872	2009	4.0	1
62636	51084	2009	3.5	1
62636	51255	2009	3.5	1
62636	51540	2009	2.5	1
62636	51662	2009	4.5	1
62636	51698	2009	3.0	1
62636	52281	2009	4.0	1
62636	52287	2009	3.5	1
62636	52458	2009	3.0	1
62636	52694	2009	3.5	1
62636	52722	2009	3.0	1
62636	52838	2009	3.0	1
62636	52973	2009	3.5	1
62636	52975	2009	4.0	1
62636	53125	2009	3.5	1
62636	53519	2009	4.5	1
62636	53956	2009	2.5	1
62636	53996	2009	3.5	1
62636	54001	2009	3.5	1
62636	54004	2009	3.5	1
62636	54190	2009	4.0	1
62636	54272	2009	4.0	1
62636	54281	2009	4.0	1
62636	54503	2009	3.5	1
62636	54732	2009	3.5	1
62636	54734	2009	3.5	1
62636	54995	2009	4.0	1
62666	8636	2009	3.0	1
62666	54272	2009	4.0	1
62674	8533	2009	0.5	1
62674	8781	2009	4.0	1
62674	8798	2009	4.5	1
62674	8874	2009	4.0	1
62674	8957	2009	4.0	1
62674	8985	2009	3.5	1
62674	27685	2009	0.5	1
62674	30810	2009	5.0	1
62674	32587	2009	4.0	1
62674	38304	2009	4.0	1
62674	39446	2009	4.0	1
62674	40629	2009	0.5	1
62674	46965	2009	4.0	1
62674	47810	2009	3.0	1
62674	48304	2009	1.0	1
62674	48385	2009	4.0	1
62674	48394	2009	4.5	1
62674	48516	2009	4.5	1
62674	48780	2009	2.5	1
62674	48877	2009	4.0	1
62674	50068	2009	3.0	1
62674	52281	2009	4.5	1
62697	8636	2009	2.0	1
62697	27020	2009	4.0	1
62697	30810	2009	4.5	1
62697	36529	2009	4.0	1
62697	44195	2009	3.5	1
62697	44665	2009	4.5	1
62697	46578	2009	4.5	1
62697	46967	2009	4.0	1
62697	48394	2009	4.0	1
62697	50442	2009	3.0	1
62697	50685	2009	4.5	1
62697	50872	2009	2.5	1
62697	51084	2009	1.5	1
62697	51255	2009	4.0	1
62697	51575	2009	1.0	1
62697	51662	2009	3.5	1
62697	51931	2009	3.0	1
62697	51939	2009	2.5	1
62697	52281	2009	4.0	1
62697	52328	2009	3.0	1
62697	52458	2009	2.0	1
62697	52668	2009	2.0	1
62697	52973	2009	4.0	1
62697	52975	2009	2.5	1
62697	53121	2009	2.5	1
62697	53125	2009	2.0	1
62697	53460	2009	3.0	1
62697	53468	2009	3.0	1
62697	53519	2009	4.0	1
62697	53894	2009	4.5	1
62697	53956	2009	3.5	1
62697	53988	2009	3.5	1
62697	53996	2009	3.0	1
62697	54004	2009	1.0	1
62697	54190	2009	4.0	1
62697	54256	2009	2.5	1
62697	54272	2009	3.5	1
62697	54281	2009	2.5	1
62697	54503	2009	4.0	1
62697	54734	2009	1.5	1
62697	54745	2009	4.5	1
62697	54780	2009	2.0	1
62697	54995	2009	3.0	1
62697	54997	2009	4.0	1
62717	8636	2009	4.0	1
62771	8360	2009	3.0	1
62771	8636	2009	3.5	1
62771	8970	2009	3.0	1
62771	8981	2009	2.5	1
62771	26422	2009	5.0	1
62771	27700	2009	3.5	1
62771	27857	2009	4.0	1
62771	30707	2009	4.5	1
62771	30749	2009	3.5	1
62771	30812	2009	3.0	1
62771	30848	2009	4.5	1
62771	31225	2009	4.0	1
62771	32587	2009	3.0	1
62771	33166	2009	4.5	1
62771	34162	2009	3.0	1
62771	39183	2009	3.5	1
62771	40819	2009	4.5	1
62771	40870	2009	4.0	1
62771	41566	2009	3.5	1
62771	44022	2009	4.0	1
62771	44191	2009	2.0	1
62771	45431	2009	3.0	1
62771	45517	2009	4.0	1
62771	45722	2009	2.0	1
62771	46578	2009	4.5	1
62771	46723	2009	4.0	1
62771	48385	2009	3.0	1
62771	48738	2009	4.0	1
62771	49272	2009	4.0	1
62771	49530	2009	4.0	1
62771	50601	2009	3.5	1
62771	52952	2009	3.0	1
62771	52973	2009	3.5	1
62771	52975	2009	3.5	1
62771	53894	2009	4.0	1
62771	53956	2009	3.0	1
62771	54272	2009	3.5	1
62771	54503	2009	4.0	1
62783	8368	2009	3.0	1
62783	32587	2009	5.0	1
62783	33166	2009	4.0	1
62783	44195	2009	1.0	1
62783	45852	2009	2.5	1
62783	54272	2009	4.5	1
62806	8360	2009	4.5	1
62806	8961	2009	3.5	1
62806	27731	2009	4.0	1
62806	33615	2009	4.0	1
62806	38038	2009	4.5	1
62806	45517	2009	2.5	1
62806	50872	2009	4.0	1
62806	53121	2009	4.0	1
62806	54272	2009	2.0	1
62816	8961	2009	4.5	1
62816	27837	2009	3.0	1
62816	33794	2009	5.0	1
62816	34405	2009	5.0	1
62816	46322	2009	4.0	1
62816	48780	2009	4.5	1
62816	50872	2009	5.0	1
62816	53993	2009	4.0	1
62816	54286	2009	5.0	1
62816	54648	2009	2.5	1
62844	27368	2009	2.0	1
62847	8368	2009	3.5	1
62847	8636	2009	4.0	1
62847	30812	2009	4.0	1
62847	39183	2009	4.0	1
62847	48385	2009	4.0	1
62847	48516	2009	5.0	1
62859	26614	2009	3.0	1
62859	33794	2009	3.0	1
62859	54286	2009	3.0	1
62886	26242	2009	4.5	1
62886	31410	2009	4.5	1
62886	32587	2009	3.0	1
62886	34048	2009	2.5	1
62886	41997	2009	4.0	1
62886	45447	2009	3.0	1
62886	48394	2009	4.5	1
62886	49272	2009	4.5	1
62886	50068	2009	4.5	1
62886	54272	2009	4.0	1
62934	8530	2009	3.5	1
62934	27773	2009	4.0	1
62934	30749	2009	3.5	1
62934	33794	2009	3.5	1
62934	34153	2009	3.5	1
62934	35836	2009	3.5	1
62934	44555	2009	5.0	1
62934	46578	2009	4.0	1
62934	48394	2009	3.0	1
62934	48516	2009	3.5	1
62934	48738	2009	3.5	1
62934	51662	2009	2.5	1
62934	53000	2009	3.0	1
62950	7932	2009	3.5	1
62950	8361	2009	2.5	1
62950	8507	2009	3.0	1
62950	8784	2009	2.5	1
62950	30812	2009	2.5	1
62950	33794	2009	4.5	1
62950	34319	2009	3.0	1
62950	39183	2009	3.5	1
62950	40819	2009	3.0	1
62950	43914	2009	4.0	1
62950	44633	2009	4.0	1
62950	45722	2009	2.5	1
62950	46530	2009	3.0	1
62950	46976	2009	2.5	1
62950	48774	2009	3.0	1
62950	53447	2009	5.0	1
62976	8169	2009	5.0	1
62976	8368	2009	5.0	1
62976	8784	2009	5.0	1
62976	35836	2009	4.5	1
62976	51662	2009	4.0	1
62976	54997	2009	3.0	1
63004	31658	2009	5.0	1
63004	33880	2009	5.0	1
63004	44694	2009	4.5	1
63004	46578	2009	5.0	1
63004	48774	2009	3.5	1
63004	48877	2009	3.5	1
63004	48997	2009	2.5	1
63004	52952	2009	4.5	1
63004	54513	2009	4.5	1
63017	7846	2009	0.5	1
63017	8011	2009	5.0	1
63017	8578	2009	3.5	1
63017	8636	2009	1.5	1
63017	8810	2009	1.0	1
63017	33896	2009	4.5	1
63017	51662	2009	3.0	1
63035	38038	2009	4.5	1
63035	45950	2009	4.0	1
63035	49274	2009	4.0	1
63035	51084	2009	3.5	1
63035	53993	2009	3.0	1
63035	54272	2009	3.5	1
63059	8533	2009	4.5	1
63059	8961	2009	3.0	1
63059	40819	2009	2.5	1
63059	41566	2009	3.5	1
63059	41571	2009	3.5	1
63059	42728	2009	3.5	1
63059	46578	2009	4.0	1
63059	53125	2009	3.0	1
63059	53996	2009	4.0	1
63059	54259	2009	2.5	1
63069	7924	2009	3.5	1
63069	7925	2009	3.5	1
63069	7981	2009	5.0	1
63069	8014	2009	3.0	1
63069	8253	2009	3.0	1
63069	8874	2009	3.5	1
63069	8961	2009	5.0	1
63069	26082	2009	4.5	1
63069	27397	2009	4.5	1
63069	27523	2009	4.5	1
63069	27592	2009	1.5	1
63069	27611	2009	4.5	1
63069	27721	2009	3.0	1
63069	27773	2009	5.0	1
63069	27846	2009	4.5	1
63069	27878	2009	4.5	1
63069	30803	2009	4.0	1
63069	31410	2009	3.5	1
63069	31658	2009	3.0	1
63069	31878	2009	4.0	1
63069	32387	2009	2.5	1
63069	33493	2009	1.5	1
63069	33649	2009	4.0	1
63069	33794	2009	2.0	1
63069	34405	2009	3.0	1
63069	36517	2009	4.0	1
63069	36529	2009	4.5	1
63069	38038	2009	4.5	1
63069	41571	2009	2.0	1
63069	42632	2009	4.0	1
63069	44761	2009	4.0	1
63069	45928	2009	4.0	1
63069	45950	2009	2.5	1
63069	46335	2009	0.5	1
63069	46578	2009	0.5	1
63069	46723	2009	1.5	1
63069	47725	2009	4.0	1
63069	48322	2009	0.5	1
63069	48394	2009	3.0	1
63069	48516	2009	0.5	1
63069	48774	2009	3.5	1
63069	50872	2009	1.0	1
63069	51255	2009	3.5	1
63069	53894	2009	4.5	1
63069	54259	2009	3.5	1
63069	54881	2009	4.5	1
63086	8641	2009	3.0	1
63100	7926	2009	5.0	1
63100	8126	2009	5.0	1
63100	8261	2009	5.0	1
63100	8636	2009	3.0	1
63100	27266	2009	5.0	1
63100	27773	2009	5.0	1
63100	30793	2009	4.5	1
63100	30810	2009	4.5	1
63100	31364	2009	4.5	1
63100	36477	2009	3.0	1
63100	39444	2009	5.0	1
63100	41716	2009	3.0	1
63100	46578	2009	5.0	1
63100	46976	2009	4.5	1
63100	48082	2009	4.0	1
63100	48394	2009	5.0	1
63100	49932	2009	4.5	1
63100	51255	2009	3.5	1
63100	54881	2009	4.5	1
63134	26142	2009	4.0	1
63134	26649	2009	4.0	1
63134	27338	2009	4.0	1
63134	44911	2009	3.5	1
63237	8368	2009	4.5	1
63237	40815	2009	4.5	1
63237	52975	2009	4.0	1
63237	54001	2009	4.5	1
63375	27338	2009	3.0	1
63458	53447	2009	4.5	1
64621	27338	2009	3.5	1
64778	43391	2009	3.5	1
64778	46972	2009	3.5	1
65353	33154	2009	4.0	1
66978	25963	2009	4.0	1
67199	51575	2009	2.5	1
67385	26649	2009	5.0	1
67385	31950	2009	4.5	1
68163	27857	2009	4.5	1
68291	47610	2009	3.0	1
68565	8645	2009	3.5	1
68899	27450	2009	1.5	1
68899	33615	2009	2.0	1
68899	43391	2009	3.0	1
68899	44301	2009	3.0	1
68986	8622	2009	2.5	1
68986	26693	2009	4.0	1
68986	27338	2009	3.0	1
68986	27746	2009	4.0	1
68986	47999	2009	3.0	1
69355	46530	2009	4.0	1
69661	27822	2009	1.0	1
69661	49910	2009	1.5	1
70816	8370	2009	3.5	1
71156	35836	2009	4.0	1
71478	43376	2009	5.0	1
